0	0	2.4545745877616935E-6	2.170819397050477E-6	3.4889126898200142E-6	1.3441144821712544E-6	0.93072082478167	7.075230127847881E-7	3.7414132542997836E-7	0.06926685452251104	1.780610324000095E-6
1	1	3.306358391540668E-6	2.924134783169171E-6	4.6996313767993265E-6	1.8105476278766604E-6	0.99998007389775	9.530468791589383E-7	5.039754412537971E-7	3.3298919681634525E-6	2.3985157819914834E-6
2	2	1.14237807011418E-6	1.0103162013220175E-6	6.420777014312889E-4	6.255613155172098E-7	0.9993259758283893	3.292867032586291E-7	2.6859708876719695E-5	1.15050914323499E-6	8.287098691963237E-7
3	3	4.579256101254189E-6	4.0498822151211184E-6	0.0030016670947747032	2.507580936409663E-6	0.9969772444745745	1.3199554371769777E-6	6.979983235175963E-7	4.6118497470640134E-6	3.321907890185191E-6
4	4	1.0057181011059501E-6	8.894544792938807E-7	9.411594444305293E-4	5.507269045390782E-7	0.9990542090136857	2.898949188403159E-7	1.5329772630777068E-7	1.0128764733059673E-6	7.295732803524356E-7
5	5	0.04963389076809266	2.123218570517419E-6	3.4124092607633387E-6	0.01015193576329548	0.8607369556835136	6.920087418852952E-7	3.6593730976896175E-7	0.0794688826453753	1.7415658400274241E-6
6	6	0.21211597155857734	4.264752558037989E-6	6.854254821427287E-6	0.02275699652734011	0.765105433197816	1.3899869250958733E-6	7.350312867404887E-7	4.856535810508723E-6	3.498154864686646E-6
7	7	0.06061820532666557	2.0042967024702906E-6	3.2212795817626493E-6	1.241007993580115E-6	0.08296512272263487	6.532492032147722E-7	0.8564056256809852	2.2824158208394716E-6	1.6440204125810847E-6
8	8	0.20376338860674548	3.7339414143827937E-6	6.001142057872308E-6	2.3119586721355567E-6	0.7962153889960357	1.2169826207815933E-6	6.435458388446408E-7	4.252068542432444E-6	3.062758072226181E-6
9	9	0.14791738891122955	2.824020229699626E-6	4.538728569080662E-6	1.748559319969812E-6	0.852066560360487	9.204171032362527E-7	4.867206701840254E-7	3.2158853740032468E-6	2.3163970171910848E-6
10	10	3.0941461124050936E-6	0.02566151449680008	4.39799454029688E-6	1.6943410969760043E-6	0.0818307684006682	8.918773910396776E-7	4.716287430584483E-7	0.8924949225430062	2.2445716415312955E-6
11	11	2.1322931128867087E-6	0.03108312262595396	3.0308243787165467E-6	1.167634533313805E-6	0.10007576196615653	6.146264427619537E-7	3.2501720478909373E-7	0.8688322981930047	1.5468192123925754E-6
12	12	1.247465342127691E-4	4.529022271167628E-6	7.278985665884383E-6	2.804251902771719E-6	0.34549798319689845	1.4761188731866737E-6	7.80578245126647E-7	0.6543566863903555	3.7149215750627086E-6
13	13	2.1261507460551447E-6	1.880362203537142E-6	3.0220936676226474E-6	1.1642709996675765E-6	0.367488247774436	0.01266549148841448	3.2408094753331637E-7	0.6198362014152006	1.5423633845482675E-6
14	14	5.668223971519629E-6	5.012962574269069E-6	8.056768224350579E-6	3.1038950563149378E-6	0.388241477859592	1.6338468268448812E-6	8.639854906475644E-7	0.6117300705856109	4.11187265310862E-6
15	15	2.0950390164580576E-6	1.8528470706005084E-6	2.9778717039737417E-6	1.1472343504146509E-6	0.36343219736857135	6.038880725876702E-7	3.193387067369233E-7	0.6365572866183568	1.5197941510874954E-6
16	16	2.0531390824356112E-6	0.47203065092355334	2.918315472827863E-6	1.1242901268402734E-6	0.5279587914176117	5.918105550810304E-7	3.1295206160144916E-7	2.067752654284735E-6	1.489398881997985E-6
17	17	1.0849369595206065E-6	0.475500864493765	1.542120718025491E-6	5.941068105264986E-7	0.5244935565396789	3.1272949296748466E-7	1.6537275097155034E-7	1.092659185620806E-6	7.870406385871137E-7
18	18	3.5264296413006277E-6	0.1742288892216331	5.012438891299113E-6	1.9310576972739108E-6	0.8257529771597644	1.0164816895875212E-6	5.37520051991948E-7	3.551529613034102E-6	2.558161017989597E-6
19	19	1.1474611006178656E-6	0.1484701352066248	1.6309920321757958E-6	6.283447611486388E-7	0.8514167470408047	3.3075187000238E-7	8.058785868539883E-5	2.795994689343682E-5	8.323972277460278E-7
20	20	3.0454988582915972E-6	0.8232563430995155	4.328847722331879E-6	1.6677020699536307E-6	0.17672799632580474	8.778549808160492E-7	4.6421362997803875E-7	3.0671757221547464E-6	2.209281696242757E-6
21	21	1.0088466442636218E-6	0.8266841777632598	1.4339665524132E-6	5.524400813100309E-7	0.17331063454206436	2.907967110659746E-7	1.537745980596059E-7	1.0160272844096387E-6	7.318428044782882E-7
22	22	1.5234767403717848E-6	0.007617162609233204	3.775337938616486E-5	0.5118975004228132	0.4804427492682083	4.391371354652201E-7	2.3221767623049372E-7	1.534320349066565E-6	1.1051684580315475E-6
23	23	2.131656050323792E-6	0.0136456584678364	3.029918863084204E-6	0.5464990186484459	0.43984552876034166	6.144428115836246E-7	3.2492009980281223E-7	2.14682848024611E-6	1.5463570711391708E-6
24	24	0.1316877427338574	4.965623464978714E-6	7.980685423841101E-6	3.0745839204108142E-6	0.7860482831514621	1.6184178559810826E-6	8.558265820259476E-7	0.08224140593459105	4.0730428421874975E-6
25	25	0.09651892894359235	1.1862906308859002E-4	3.542124513979642E-6	1.3646145031905238E-6	0.8274429315429503	7.183139363453133E-7	3.7984761394723475E-7	0.07591169778215581	1.8077676454584313E-6
26	26	2.3464057423900243E-6	2.0751551508466164E-6	0.10880371777792493	1.2848816878985877E-6	0.8544071104202491	6.763437005942369E-7	3.5765356605229676E-7	0.03672591794418645	5.651341779180684E-5
27	27	5.19182875187796E-6	4.591639878019978E-6	7.379623868882827E-6	0.6573373698821365	0.21747380920562603	1.4965274792244415E-6	7.913704070424763E-7	0.12516560363830886	3.766283543440625E-6
28	28	3.879922101693593E-6	3.4313930403238686E-6	5.514890247623695E-6	0.6084262859429166	0.310616544123054	1.11837472303655E-6	5.914015426259448E-7	0.0809398193590082	2.814593365806692E-6
29	29	3.1756288686906125E-6	2.8085179323368478E-6	4.513813478463798E-6	0.00319155028573144	0.1526779558345671	9.153645262461536E-7	0.8118445570977666	0.03227221977584068	2.3036812883896067E-6
30	30	4.725336628217128E-6	4.17907545416287E-6	6.716555694847214E-6	0.6473949444501105	0.352579165406215	1.3620626662916804E-6	7.20264814114349E-7	4.758970027395243E-6	3.4278783894083488E-6
31	31	3.897584731826267E-6	3.447013824587711E-6	5.539995768846285E-6	2.1343006277574426E-6	1.485352842844149E-5	0.999962780750082	5.940937891281967E-7	3.925326463988425E-6	2.8274062832548073E-6
32	32	2.2893122845163406E-6	2.02466184483146E-6	3.2540101735891348E-6	0.61365661319528	0.386330843650946	6.598867000506413E-7	3.4895103074994946E-7	2.3056068599014497E-6	1.6607248803904753E-6
33	33	3.4372383954738937E-6	0.011163735231559006	4.885663167743076E-6	8.217498923427496E-5	0.32431560640485646	0.003935336614299519	5.239249748259307E-7	0.6604918064740742	2.493459438367062E-6
34	34	2.406825644848566E-6	2.128590355822198E-6	3.4210427242114253E-6	1.3179673664967502E-6	0.40211367360506267	6.937595377958321E-7	3.668631384567771E-7	0.5978742453741334	1.7459720363167138E-6
35	35	1.0496107021919706E-6	9.282729818155009E-7	0.010348326347248263	5.747623040229799E-7	0.8148049528093614	3.0254681604245425E-7	1.5998810598853978E-7	0.17484294424839983	7.614140803960209E-7
36	36	4.270452522173881E-6	3.7767771309698826E-6	6.06998706422396E-6	2.338481425293705E-6	0.09089433996840827	1.2309438260737845E-6	6.509285864842704E-7	0.9090842245670522	3.097893984174705E-6
37	37	9.489573469324402E-7	8.392554155679623E-7	1.3488403841211614E-6	5.196449597964056E-7	3.616435792900605E-6	0.9999909381108849	1.4464590374561844E-7	9.557117146661155E-7	6.883975974527169E-7
38	38	1.8873956028847675E-6	1.669207774364775E-6	2.6827290164443242E-6	1.0335297106359753E-6	0.1188269080059855	0.003527659886296771	2.8768842307536264E-7	0.8776365023928093	1.3691643809584166E-6
39	39	4.449323433490662E-6	0.03752437971157168	6.324232747139575E-6	2.4364303666454094E-6	0.248732812874444	1.282502775109354E-6	6.781931887394232E-7	0.7137244090800178	3.227651455364204E-6
40	40	1.2358409325032857E-6	1.0929745143306048E-6	1.7566144184445234E-6	6.767411767887844E-7	4.709736846533664E-6	0.9999881985702197	1.883744608180921E-7	1.2446372436814842E-6	8.965101872271558E-7
41	41	2.0388624443304917E-6	0.030673697002371037	2.8980227735954713E-6	1.1164723012465893E-6	0.2732924390248917	5.876953613301721E-7	3.1077592878806233E-7	0.6960254331016794	1.4790422485802283E-6
42	42	5.274996060953295E-6	4.6651928303895634E-6	7.4978372169138265E-6	0.005671109503941266	0.30893814394841185	1.520500181205294E-6	8.040472787924871E-7	0.6853671573588712	3.8266152073864695E-6
43	43	1.3653198804927195E-6	1.207485360000796E-6	1.9406547596740068E-6	7.476432915571106E-7	0.001408514045564488	0.9985836512654442	2.0811043684325788E-7	1.375037780434962E-6	9.904374822786765E-7
44	44	2.5681044453331757E-6	0.0019219539626825286	3.650283121474242E-6	1.406282943655988E-6	0.28604251486434074	7.402476190242956E-7	3.9144624319432493E-7	0.7120249118408575	1.8629677465375712E-6
45	45	4.326998106640226E-6	3.82678589916504E-6	6.150360505789581E-6	2.369445544030614E-6	0.8283447183131056	1.2472429039183849E-6	6.595476115588937E-7	0.1716335623927456	3.1389135775410687E-6
46	46	1.3665838467891234E-6	1.2086032085139895E-6	1.9424513512597815E-6	7.483354340621473E-7	1.3289981131374954E-4	0.9178172646532796	2.083030983446819E-7	0.08204336990407236	9.913543953143555E-7
47	47	2.266645131530461E-6	2.0046150735404203E-6	3.221791263604149E-6	1.2412051206035087E-6	0.896631660505406	6.533529681152645E-7	3.4549596415545886E-7	0.10335696210751678	1.644281555822713E-6
48	48	2.754498069785061E-6	2.436070946403866E-6	3.9152215286809835E-6	6.585253136019722E-5	0.9999190555595572	7.939749652592017E-7	4.198575035617351E-7	2.7741036853010465E-6	1.998182383599986E-6
49	49	1.8766395247372638E-6	1.6596951267576458E-6	2.6674404129817825E-6	1.0276397285260371E-6	0.03354298436983572	0.9630707447054523	0.003375788151437992	1.8899968305156527E-6	1.3613616505420386E-6
50	50	2.3256280281615455E-6	2.056779394290494E-6	3.3056290811895534E-6	1.2735039009940223E-6	8.862868778247674E-6	6.703545931362639E-7	0.9999774759858999	2.3421810871211743E-6	1.6870692369159616E-6
51	51	4.602772373940343E-4	4.310393855925306E-6	6.927608921540486E-6	2.668882917428843E-6	0.9951888915501415	1.4048625377942482E-6	7.428975770956914E-7	4.908510361109573E-6	0.004329868056293539
52	52	1.7726642091325775E-6	1.5677396273996396E-6	2.519650730871519E-6	9.707032931089217E-7	0.9999893168603936	5.109645997944353E-7	2.7020035979103735E-7	1.785281452653069E-6	1.2859353337660225E-6
53	53	1.6794078956361384E-6	1.485263985695838E-6	2.3870969526380957E-6	9.196365371221871E-7	0.9696255315845401	4.840837756324078E-7	2.5598566005845023E-7	0.030366038655801682	1.2182848515122436E-6
54	54	6.078706981608072E-6	1.4737261301392038E-4	8.640225492259083E-6	3.3286737863221804E-6	0.2979320751453128	0.002699687953477825	9.265538306877113E-7	0.6991974804807213	4.4096473832937906E-6
55	55	1.7224515805978163E-6	1.523331708999593E-6	2.4482789022224256E-6	9.432070737893033E-7	0.3841790267425551	0.002817010146058973	2.625466427326977E-7	0.6129958137856512	1.2495098263848398E-6
56	56	0.01957378735742703	0.011567027452526598	3.383190538430593E-6	1.3033846940101886E-6	0.3711429992521363	6.678931457693917E-4	3.6280397498163925E-7	0.5898690408390163	0.007174202573917014
57	57	4.1693833296935856E-6	3.6873917993631845E-6	5.9263281222824496E-6	2.283136370394396E-6	0.5304314560956027	1.2018109653654885E-6	6.355229997796521E-7	0.4695476157549679	3.024575842421728E-6
58	58	1.9038475757412078E-6	1.6837578564745537E-6	2.706113719096099E-6	1.0425387401789703E-6	0.6367754046991468	5.487777716707184E-7	2.9019613376426845E-7	0.3632150389699992	1.3810990570788358E-6
59	59	5.438289758359684E-7	4.809609352712125E-7	7.729941572548137E-7	2.977984070600398E-7	0.9999967225598391	1.567569049812416E-7	8.289375064867696E-8	5.476997724517468E-7	3.9450725746613044E-7
60	60	8.874238850580292E-7	7.84835381534103E-7	1.2613772134957546E-6	4.859495008537831E-7	0.9999946518504715	2.557970020157303E-7	1.352665957796784E-7	8.937402777543971E-7	6.437596719925026E-7
61	61	3.0454988582915972E-6	2.693431288760797E-6	4.328847722331879E-6	1.6677020699536307E-6	0.9993413692184512	5.700127666076578E-4	4.6421362997803875E-7	3.0671757221547464E-6	7.335114564959798E-5
62	62	8.393486733349649E-7	7.423177890168172E-7	1.1930434920098923E-6	4.596237217828994E-7	0.9999949415805827	2.419394811205978E-7	1.2793867691175098E-7	8.453228824127524E-7	6.088847006840775E-7
63	63	5.647287104241029E-6	0.012669198492318835	8.02700872863283E-6	3.0924301178849645E-6	0.9698884814449534	0.017151070791148595	8.607941648214829E-7	5.687482645086978E-6	2.679342688184334E-4
64	64	2.108764849402457E-6	1.864986161645017E-6	5.22574433110618E-5	1.1547505574724507E-6	0.05729748830672014	6.078444985713099E-7	0.9426408643783379	2.1237743472505482E-6	1.5297512165472928E-6
65	65	2.733043704124156E-6	0.08663738581617308	3.8847264649010615E-6	1.4966029720327638E-6	0.8579328249829571	0.05541652312497121	4.1658729745569445E-7	2.75249661448892E-6	1.982618845551009E-6
66	66	1.1345366459154177E-6	0.08369560619428373	1.612621315618556E-6	6.212673853677839E-7	0.8754318474576303	0.040867039356290824	1.7293303962653403E-7	1.1426119063458413E-6	8.230215022781635E-7
67	67	1.8408892773042667E-6	0.22881833219146205	2.6166252971751247E-6	1.0080630468658086E-6	0.5965817451442675	0.1745909870673619	2.805996434634815E-7	1.853992124525047E-6	1.335427519233851E-6
68	68	4.466499741244064E-6	0.04038197556069515	6.3486470136213874E-6	2.445836038861152E-6	0.6345884699137456	0.325007874329052	6.808113069994641E-7	4.49829082419658E-6	3.2401115822906386E-6
69	69	1.4006551926205044E-6	0.03625372484118862	1.990880089756072E-6	7.669927564296804E-7	0.681309957125852	0.2824295193132519	2.134964620143353E-7	1.4106245977466912E-6	1.0160706090494846E-6
70	70	2.1170032626176924E-6	1.8722721929181015E-6	0.012069421159222663	0.08931238956635665	0.1972741241124829	6.102191939534228E-7	3.226866319583482E-7	0.701337607253087	1.5357275693122758E-6
71	71	2.2667651524246433E-6	2.0047212197078418E-6	3.221961860343333E-6	0.06926101528941868	0.3224266538347156	6.533875637413546E-7	3.455142584768669E-7	0.6082492432596214	5.4595266189724954E-5
72	72	5.280201164745133E-6	4.669796210678482E-6	0.13901594964061972	2.8914154369956754E-6	0.860959733930331	1.522000535170914E-6	8.048406726626056E-7	5.3177839080473015E-6	3.8303911209787675E-6
73	73	5.415586479814872E-7	4.789530632070493E-7	7.697671313982581E-7	2.965551852961953E-7	2.063856805415031E-6	1.5610249048040684E-7	0.9999947549330868	5.454132851468386E-7	3.928603043701805E-7
74	74	0.12465824147355777	6.12211100528958E-7	0.047962365574851194	3.7906506984645307E-7	0.8273768972987836	1.9953453654185646E-7	1.0551475304950208E-7	6.971624010649942E-7	5.021649463564172E-7
75	75	0.10002961744584747	2.2395185656901034E-6	0.07140081507138724	1.386651207062837E-6	0.8285604381795056	7.299137482083618E-7	3.859816462073267E-7	2.5502774110713687E-6	1.8369606814255675E-6
76	76	0.3512803128418403	2.852102107361325E-6	0.040232326721264575	1.765946882704389E-6	0.6084757339625873	9.295696724066107E-7	4.91560589591041E-7	3.247863933751883E-6	2.3394311218935157E-6
77	77	0.2410149904468766	2.7642260791993755E-6	2.2347794921178133E-4	1.71153634894527E-6	0.22160264442951855	9.009287305202518E-7	4.7641513175391935E-7	0.5371507667171193	2.2673509833108715E-6
78	78	0.1959570584391754	0.01344563607563552	4.327924032583699E-6	1.6673462156007305E-6	0.18885294900941163	8.776676640753874E-7	4.641145760499544E-7	0.6017348106130094	2.208810279601526E-6
79	79	0.6883856564578783	2.914904290496409E-6	4.684796249076106E-6	1.8048323487079318E-6	0.24299821432865495	9.50038436358863E-7	5.023845632804148E-7	0.06860288131309021	2.390944488602886E-6
80	80	0.08631407850452236	0.2687936240331403	8.336018088591405E-6	3.2114769364134663E-6	0.6444570132445927	1.6904764197389368E-6	8.939314719952931E-7	4.1689792350617697E-4	4.254391321659334E-6
81	81	0.057310762942379946	0.19943165865926413	5.364648860326044E-6	2.066747685021529E-6	0.7432419448033509	1.0879069961438818E-6	5.752900727281751E-7	3.8010856000759253E-6	2.737915790556709E-6
82	82	0.022580749179708027	0.7266465378920457	6.078476199472111E-6	2.3417518910928186E-6	0.23077581967721364	1.2326653534035554E-6	6.51838937816009E-7	0.019983486292129992	3.1022265207580354E-6
83	83	0.006159798294255443	0.7501811789937501	3.175221490192142E-6	1.2232639703256145E-6	0.24359758677056514	6.439089982259325E-7	3.405019507483074E-7	5.4432530931642594E-5	1.620514088220065E-6
84	84	0.022126540026223433	0.9528789957391954	4.80768662528925E-6	1.8521762489635962E-6	0.024901442454892894	9.74959601475513E-7	5.155629865677417E-7	8.241773109341911E-5	2.4536631325070043E-6
85	85	0.013565982120955243	0.8978632792014908	2.4935274363260775E-6	0.006721605246488157	0.08184282746269819	5.056670089104374E-7	2.6739897009895727E-7	1.7667719693097015E-6	1.2726029829450255E-6
86	86	4.593998693487276E-6	4.0629205254425725E-6	0.5841183575758794	2.5156539164788112E-6	0.39407567973961405	1.3242049406652881E-6	7.002454799193053E-7	0.021789433058411974	3.3326025384813326E-6
87	87	3.206551620024079E-6	0.016257004765832833	0.5020111935600376	1.755893869264853E-6	0.4592486694561149	9.242779071212484E-7	4.887622805015075E-7	0.022474430618905333	2.3261134322508646E-6
88	88	0.08065452302665282	4.831287630220956E-6	0.677613001799422	2.9914066919330323E-6	0.24171278063305973	1.5746345294353973E-6	8.326737636305988E-7	5.501684111265358E-6	3.962854138982689E-6
89	89	0.10361592814576585	2.668561406102755E-6	0.6447303397556702	1.6523032903517932E-6	0.25164285382020674	8.697492791949332E-7	4.599272988011521E-7	3.0388548584965987E-6	2.1888822240997727E-6
90	90	4.244202571586636E-6	3.753561742775722E-6	0.16547602225809147	2.3241070653062287E-6	0.8345044323027324	1.223377364570622E-6	6.469274078873147E-7	4.274411416059334E-6	3.0788516078488077E-6
91	91	2.7975190422772836E-6	2.474118582858562E-6	3.976371194942861E-6	1.5319093897666548E-6	0.012492346203364963	8.063756183998281E-7	0.9874912206810575	2.8174308669916196E-6	2.0293908822743037E-6
92	92	5.356176031903683E-6	4.736988186077571E-6	7.613225778426762E-6	0.4489282260880021	0.5360282035475248	1.5439000395395955E-6	8.164212282667388E-7	5.3942995394382645E-6	0.015018109353669495
93	93	1.6016814454682989E-6	0.007671441961235924	2.2766171979476807E-6	0.4850832175998822	0.4965373604855105	4.6167938325011546E-7	2.4413811742040756E-7	1.1385735639678995E-4	0.010589538480830551
94	94	5.871926151846697E-6	5.193116254047328E-6	8.346308874461843E-6	0.5164342872132472	0.4835335404731848	1.6925633071076635E-6	8.950350273455075E-7	5.913720599893033E-6	4.259643353221042E-6
95	95	3.073927903181369E-6	2.718573862302476E-6	4.369256539391227E-6	0.47822935826415247	0.5217537996690658	8.860495590502137E-7	4.685469595043853E-7	3.0958071156791783E-6	2.2299048425445973E-6
96	96	4.259405048232839E-6	3.7670067736789714E-6	6.054284273110773E-6	0.32128240188226787	0.6786942608155793	1.2277594282211386E-6	6.492446626941509E-7	4.289722098957445E-6	3.0898798678990698E-6
97	97	2.2787104691237118E-6	2.015285626804509E-6	3.238940837972733E-6	0.3258749177499903	0.6741125971836368	6.56830761801716E-7	3.4733503697133745E-7	2.2949295842575903E-6	1.6530340560678488E-6
98	98	3.880625532748304E-6	1.847323186832053E-4	0.017863595787831647	2.1250138433181476E-6	0.9657108556516928	1.118577484713297E-6	5.915087639051311E-7	0.016230285412515096	2.8151036524382265E-6
99	99	1.5137797309469587E-6	1.3387828665651248E-6	0.02698290196555397	8.289392668399342E-7	0.9417860081426229	4.3634200454621557E-7	2.3073959853140866E-7	0.031225643174352967	1.0981340027822095E-6
100	100	2.5270218595360345E-6	0.028572953185173527	0.18441459178369957	1.3837862964527205E-6	0.5568434850487007	7.284056994423413E-7	3.851841832924298E-7	0.23016211241898504	1.8331654024687702E-6
101	101	3.7262574217824474E-6	0.04953142414937606	0.6701583061914613	2.040482530002534E-6	0.26898066378852903	1.0740813868994372E-6	5.679790288834896E-7	0.011145405623451687	1.7679144681430545E-4
102	102	3.0416039215885837E-6	2.6899866168460206E-6	4.3233114904500105E-6	1.6655692193750565E-6	0.129111039468831	8.767322781838039E-7	4.6361993981771646E-7	0.8708736932514917	2.2064562109064008E-6
103	103	2.0419745549774272E-6	1.805916998542183E-6	2.902446302781488E-6	1.1181764796453725E-6	0.1489267517845003	5.885924169389192E-7	3.112502957957445E-7	0.8510629985585989	1.4812998521482735E-6
104	104	2.0740281526977083E-6	0.017879376472270593	2.9480070302485854E-6	1.1357288918296805E-6	0.40891428947518177	5.978317605476727E-7	3.1613610191288564E-7	0.5731977577682699	1.504552340504769E-6
105	105	2.744256607190188E-6	0.0114772117801232	3.900664395649572E-6	1.5027431095023609E-6	1.045824435758663E-5	7.910228975132975E-7	0.9180473045752472	0.07045409596029391	1.9907529682869554E-6
106	106	2.3136871766874096E-6	2.0462189362271718E-6	3.288656450395164E-6	1.2669651421085251E-6	0.2200881232257786	6.669126821622321E-7	3.526664014335565E-7	0.7799002632603904	1.6784070420418644E-6
107	107	5.6191189436496E-6	4.969534215023253E-6	7.986970730428855E-6	3.0770053543532963E-6	0.25571743911788825	1.6196924648488309E-6	8.565006008812597E-7	0.7442543558091754	4.076250627189489E-6
108	108	0.19548043228858739	0.09859628802951213	5.473713695833595E-6	2.1087652526520013E-6	0.6208079973984836	1.1100244544661652E-6	5.869858833552684E-7	0.08510320921573405	2.793578396461626E-6
109	109	0.24026706925710412	2.372564098700739E-6	3.8131541493573257E-6	1.4690295145124413E-6	0.7528261015067672	7.7327653392934E-7	4.0891208073853226E-7	0.006896046208734178	1.9460910171700866E-6
110	110	0.027331769673249164	2.111613320222201E-6	3.393757453487921E-6	1.3074556309533432E-6	0.5942279487338364	6.882263076283734E-7	3.63937141660413E-7	0.3784306845564041	1.7320466563881278E-6
111	111	4.900040171861569E-6	0.5409581094375342	0.0026396218488538557	1.1714658747570641E-4	0.26374222432333	0.0010315825394485243	7.468942006085886E-7	0.18234504599123225	0.009160622337752793
112	112	2.8287598776411107E-6	0.5540741769921194	4.020776668496153E-6	1.5490167367819025E-6	0.24397412256077725	0.002776129675290281	4.3117694415181515E-7	0.18938501004492217	0.009781730996663783
113	113	0.04087233156454961	0.012860086148474678	6.359927691843633E-6	1.069715556853348E-4	0.06534291046556193	1.2897414185101737E-6	6.820210156614591E-7	0.7295636949194054	0.15124567365619687
114	114	0.05127572386621322	0.00863647896906196	3.5984736631727886E-6	1.3863231884521329E-6	0.04471845230874821	7.297410838120077E-7	3.858903405042765E-7	0.7810464361080586	0.1143168083196421
115	115	0.04263147476496722	0.017200493749063732	3.190538669496305E-6	1.2291649613675548E-6	0.6250799591008541	6.470151971515369E-7	3.4214452259696083E-7	0.28272896264901826	0.032353700872746034
116	116	2.607047295925253E-6	6.320544375865622E-5	3.7056361778799795E-6	1.427607881068289E-6	0.024552545836870953	7.514727670050134E-7	0.9753712401339708	2.6256034051041167E-6	1.8912178727125832E-6
117	117	1.993757853674654E-6	0.012250603179012493	2.8339114691385188E-6	0.00838432820992532	0.9754437310720119	0.003912751697907261	3.039008102175811E-7	2.0079487693771915E-6	1.4463222407295726E-6
118	118	0.025003788599075226	4.44344286444892E-6	7.14144355690293E-6	2.751263376825005E-6	0.9749709564493808	1.448226456269714E-6	7.658286106325233E-7	5.060021443090114E-6	3.644725235684048E-6
119	119	0.028886535676454134	2.086937082314726E-6	3.3540981249922463E-6	1.2921767511064032E-6	0.9711016029141621	6.801837195566927E-7	3.5968418521001805E-7	2.376523499689938E-6	1.7118060209694314E-6
120	120	3.356653408164798E-6	0.9770741300616976	4.771120311219791E-6	8.02484221176941E-5	1.2792062329133544E-5	9.675442514805571E-7	5.116417164104361E-7	0.022820787493112418	2.4350010557709805E-6
121	121	1.3024299019742371E-6	0.9867841758380343	0.004109137081917729	7.132050099373149E-7	3.538784395238912E-5	3.7542111483608084E-7	1.9852436028380632E-7	0.009067764840203014	9.448155054259504E-7
122	122	4.756312385563146E-6	0.04055786441121031	6.76058438862582E-6	2.604536195820263E-6	0.5193271595702817	0.4400918890839634	7.24986329185604E-7	4.7901662600414634E-6	3.450348985168218E-6
123	123	0.004905659889284811	0.026952382322370644	2.5075022919285985E-6	9.6602306916219E-7	0.570136117973408	0.3979990409829964	2.6889759487482964E-7	1.7766737585557277E-6	1.2797352256735024E-6
124	124	3.5486462786672152E-6	3.1384135619307103E-6	5.044017441985608E-6	1.9432234322971876E-6	0.13985776702892008	0.8599560791335318	5.40906448230374E-7	1.6936435285772261E-4	2.574277527162612E-6
125	125	1.0230715690900746E-6	9.048018413556642E-7	1.4541857468048456E-6	0.011710883781492779	0.12485028711690943	0.8634335185842108	1.5594284841762987E-7	1.0303534575941684E-6	7.421619237792032E-7
126	126	0.023876328813133788	0.2745020826293443	0.652584551271942	0.005633016312407119	0.032689512681347996	9.78671252630938E-7	5.175257242564547E-7	0.010710549090670133	2.4630041775995504E-6
127	127	5.51345860508814E-6	4.876088485734051E-6	0.6128030365524011	3.019146207615742E-6	0.21368793808090894	1.5892362214559442E-6	8.403952035094024E-7	0.17348918744001432	3.999601952254968E-6
128	128	3.6731823934396874E-6	3.2485529787279456E-6	0.6068135659999746	2.011418872865023E-6	0.22808195378822313	1.0587826853875996E-6	5.598890072763232E-7	0.1650912637666982	2.6646191663127743E-6
129	129	0.4955361224905934	4.10521314738718E-6	0.3006868595302472	2.5418403996666705E-6	0.19465204596890978	1.3379891381611617E-6	7.075346250466079E-7	0.009112912139961061	3.367292978121738E-6
130	130	0.5030816995688921	3.0839610401913563E-6	0.26506591884849584	1.9095078578186956E-6	0.21448947651555333	1.0051381563255682E-6	5.315215409993774E-7	0.017353845325509452	2.5296129537261154E-6
131	131	0.15903413620902251	3.930068452675664E-6	0.717716037925923	2.4333953945423047E-6	0.09479115776602269	1.280905208358464E-6	6.773483883147865E-7	4.475410453109798E-6	0.028445870971134754
132	132	0.6029145781579961	3.5378482928647894E-6	0.35659383929044	2.1905429501069826E-6	0.04038371512892983	1.1530710875092718E-6	6.097491349400543E-7	9.747429809205523E-5	2.9019130765002446E-6
133	133	0.9742029802272079	0.01106722892573314	6.788248238400842E-7	2.6151937801225905E-7	0.01472781262394478	1.3766013288834016E-7	7.279529237500146E-8	4.809767293354222E-7	3.4644675776611517E-7
134	134	0.5893078925983001	0.008846793950421124	3.041255990581701E-4	2.3291873729319713E-6	0.39040130477133045	1.2260515672556735E-6	6.483415381968228E-7	0.011132593918686403	3.0855817252067284E-6
135	135	0.6099209696262727	9.797016847365638E-7	1.574563800544466E-6	6.066056091313674E-7	0.39007346209720606	3.193086852627882E-7	1.6885185720716946E-7	1.1156465119110593E-6	8.035983724175508E-7
136	136	5.149981434380434E-6	0.1582015442642478	7.320142426444696E-6	2.8201076729862566E-6	1.9626358605338825E-5	1.4844651282572173E-6	0.631585724595319	5.186637316272123E-6	0.2101711434478493
137	137	2.7468979532339967E-6	0.31095398528285906	3.904418783793407E-6	1.5041894992301817E-6	0.190200400581711	7.917842567810257E-7	4.186990471456966E-7	2.766449473608435E-6	0.49883348169641606
138	138	0.02728038153975615	0.15225296319088358	5.423945658932824E-6	1.80367798500083E-4	1.4542381330384713E-5	1.0999319028493936E-6	0.7513540831061678	3.84309994494418E-6	0.06890729500585517
139	139	0.07810120257220304	0.5388949750391512	3.5149111178807673E-6	1.354130457570154E-6	0.1447115822056677	7.127952817650019E-7	3.769293247863761E-7	2.4904664561608147E-6	0.23828379095034
140	140	4.248836246712036E-6	0.06779248737169864	1.0529069628766551E-4	2.3266444458660946E-6	1.619213290297315E-5	1.2247130061116593E-6	0.8408588000782153	4.279078072167343E-6	0.09121515044912447
141	141	5.928080103359737E-4	0.37238055873884546	5.12171293623257E-6	1.973155863487428E-6	0.2924276086946416	1.0386415738735589E-6	5.492382976579374E-7	3.628954997150178E-6	0.33458671285250846
142	142	0.06898152688631193	0.048356439756063276	0.3200281482461245	3.2018268300603283E-6	2.2282908614058973E-5	1.6853967390932553E-6	0.5625965846909194	5.8886810160149194E-6	4.241607381579812E-6
143	143	0.12119680343998517	0.10309641492632957	0.7000744751284359	1.2780168141453997E-6	0.07562595648684539	6.727301273274741E-7	3.5574269238863513E-7	2.3504810694162625E-6	1.6930477006965746E-6
144	144	0.05919652777510667	2.952640854220087E-6	0.6604104450698142	1.8281978400414306E-6	0.2803809908387975	9.623377033058043E-7	5.088884705091475E-7	3.362353582991435E-6	2.421897830483821E-6
145	145	0.014191525887004239	0.0387950361070557	0.529888442345884	2.104978101955667E-6	0.19262589989266196	0.00907044896040587	5.859317100687484E-7	3.871397563334147E-6	0.21542208449961278
146	146	1.5873682149518704E-6	1.4038643308945805E-6	2.256272486554484E-6	0.5449345131772784	0.45505678962411283	4.575536418576319E-7	2.4195640696707617E-7	1.5986665822464501E-6	1.1515169453906673E-6
147	147	0.2241440526545368	4.4686169267523995E-6	7.181902982290535E-6	0.1399863655426339	1.9255718698856837E-5	1.4564312974597225E-6	0.6358284650700184	5.088688694802619E-6	3.6653742105805783E-6
148	148	0.39655524896482386	2.7674589926333516E-6	4.447824084801331E-6	0.49282279951677244	0.11060793580219325	9.019824158963762E-7	4.769723252813181E-7	3.151475617619771E-6	2.270002774171483E-6
149	149	5.254277864217148E-6	4.646869710949242E-6	0.376445601324557	2.8772199491750686E-6	0.021744689471676976	1.5145282294677859E-6	0.5927036844719501	0.009087920250357215	3.811585704845791E-6
150	150	1.8324576347453628E-6	1.6206207778782216E-6	0.816519711644826	1.0034459156820915E-6	0.14400507243259014	5.281998571156883E-7	2.7931444074922345E-7	0.02547118645289282	0.013998765431064994
151	151	4.959648457686847E-6	4.386300228226501E-6	0.11308228771733903	2.7158821539557256E-6	1.8901007785611193E-5	1.4296022767578283E-6	0.8868767270380457	4.994949611760063E-6	3.5978541011546307E-6
152	152	3.306358391540668E-6	2.924134783169171E-6	0.6020550940077993	1.8105476278766604E-6	0.38255982339805505	9.530468791589383E-7	5.039754412537971E-7	3.3298919681634525E-6	0.015372254639054356
153	153	2.777913344682458E-6	0.011942428983729334	0.6195846800655974	1.521173394127465E-6	0.34042957663998646	8.007243408631011E-7	4.2342660349012967E-7	0.006427021860802251	0.021610769212201245
154	154	3.6778120745472676E-4	4.576100246409401E-6	7.354648775148666E-6	0.7341610373026526	0.26544800596224255	1.4914627340919725E-6	7.886921472225326E-7	5.211086555837429E-6	3.753537191296109E-6
155	155	5.064081611016582E-6	4.4786606380806855E-6	7.198045104455906E-6	0.6875350641661574	0.3124371897046661	1.459704788063402E-6	7.718984036900134E-7	5.100126086086739E-6	3.6736125449656142E-6
156	156	3.9326741692499665E-6	3.478046832006083E-6	1.8932185362465704E-4	0.8040133067915051	0.19578141408449728	1.1335803321690664E-6	5.9944233656764E-7	3.960665656540418E-6	2.8528610463129433E-6
157	157	4.356501103630253E-6	0.06625381215739999	0.19397304695944842	2.3856012582303237E-6	0.12834409652658524	1.255747045296137E-6	0.5709104513808937	4.387509252290675E-6	0.04050620761701311
158	158	3.0000386219781857E-6	0.2644842999945058	0.4410873285548655	1.6428082401647778E-6	0.27885946494510083	8.64751217940502E-7	4.5728430171339244E-7	0.015560765319451941	2.1763036940607334E-6
159	159	2.876661719994563E-6	2.5441121616969424E-6	4.088863964146483E-6	1.5752475795319988E-6	1.096283456984079E-5	0.0036295148838434653	4.384784369962438E-7	0.9705419249459665	0.025806073971757715
160	160	2.2002409497921434E-6	1.945887387495949E-6	3.127404890715315E-6	1.2048424764222226E-6	0.008745860370949193	6.342121821887523E-7	3.353742311702237E-7	0.9680630874303131	0.023181604236619913
161	161	0.06106000998479753	4.00617114869598E-6	0.11523939860901515	2.480516189571208E-6	0.2807454932307555	1.3057089340127022E-6	6.904647090904911E-7	0.5429433292604761	3.2860539742604443E-6
162	162	0.06133203578585355	2.7774070009374057E-6	0.07820614135618746	1.7196976302662882E-6	0.321548509095839	9.052247145491594E-7	4.786868672728464E-7	0.5389051545832986	2.2781626083398643E-6
163	163	0.9008247828928454	4.4206145281291275E-6	7.10475415179543E-6	2.737128669215058E-6	0.06108563957337493	1.4407861444170608E-6	7.618941405335122E-7	0.0380694863558075	3.626000337893841E-6
164	164	0.6237621955935821	3.3247215541322347E-6	5.343449222948118E-6	2.0585804586820476E-6	0.17854465191004865	1.0836078827406317E-6	5.730166823821354E-7	0.19767804202427827	2.7270962898881095E-6
165	165	0.0856592874523353	0.2982936425490649	0.11577732598638593	0.006782344934190939	0.0957135377202551	1.6087121018806673E-6	8.506941359601524E-7	0.04328877224659335	0.35448262970493666
166	166	0.025741406850534426	0.06385953218062207	7.386790795277544E-6	2.8457841646974733E-6	1.980505250375928E-5	1.4979808733921983E-6	7.921389683619964E-7	0.023799088370002427	0.8865676448515355
167	167	0.21058135646220466	2.8022815954282337E-6	0.18963589829349772	1.7350993273115086E-6	0.5997713218612117	9.133319518715562E-7	4.829740105354212E-7	3.191130255300853E-6	2.2985659453543875E-6
168	168	0.21174613627298136	2.5314611633373387E-4	0.07725235954136073	1.9534249972977585E-6	0.7107386521839661	1.0282555226282678E-6	5.437461074271175E-7	3.5926667206981854E-6	2.5877920098959814E-6
169	169	0.1537771810183975	2.3762869542521917E-6	0.06471463686668842	1.4713346091087665E-6	0.7814984952810696	7.744899033968807E-7	4.095537159258248E-7	2.706023979660785E-6	1.9491446820851338E-6
170	170	2.0686122089754743E-4	0.04235638196231225	4.136675811765575E-6	0.11598168455158141	1.109102503558448E-5	8.388840860919697E-7	4.436056469982762E-7	0.07451300112454035	0.766925560950088
171	171	0.030420049865158044	0.6587863988300481	0.24872175115601944	4.6424777421128916E-7	0.06206949346401287	2.443735174685465E-7	1.2922580619081416E-7	8.538272679393124E-7	6.150103957806797E-7
172	172	2.7052373134427845E-6	2.392504861301231E-6	0.991446114525078	0.008532599124959177	1.030954350082214E-5	7.797757150456944E-7	4.123488767057921E-7	2.724492307021704E-6	1.962447388318748E-6
173	173	2.2720586844781076E-6	0.0011165750106985855	0.9943549753847493	0.0044595066011303575	6.173327106134898E-5	6.549134068611416E-7	3.4632113112541627E-7	2.288230454386485E-6	1.6482086836908828E-6
174	174	2.2708534391715046E-6	2.0083368898997525E-6	0.8339456604462282	1.243509571759306E-6	0.16588474260359898	6.545659988847354E-7	3.461374202377012E-7	1.6142621248448717E-4	1.647334368342476E-6
175	175	2.7955095168292876E-6	2.472341363766045E-6	0.8932726872874114	1.5308089822783632E-6	0.10671443880746607	8.057963793307352E-7	4.2610872005824427E-7	2.815407038399346E-6	2.0279331218229068E-6
176	176	3.381844707331977E-6	2.990894685006613E-6	0.9806958321659305	1.8518836095847466E-6	0.019288593732947952	9.748055602106285E-7	5.154815288596907E-7	3.4059155708384794E-6	2.453275459651678E-6
177	177	2.695018858679133E-6	2.3834676864199225E-6	0.9945002537170979	1.4757807302887939E-6	0.0054873351582461136	7.76830279231101E-7	4.1079131710740764E-7	2.7142011206422776E-6	1.9550346634668714E-6
178	178	0.04015621716027316	0.010040140453466335	0.8532856657334833	9.375486056817169E-7	0.08355509157508266	4.935124373130513E-7	2.609715784165572E-7	1.7243045826326464E-6	0.01295946874049054
179	179	0.035801696661396445	0.012082505301560149	0.9288687850232825	9.440047144399082E-7	0.023242322584618082	4.96910842419202E-7	2.6276867019701913E-7	1.7361784181332917E-6	1.250566497670023E-6
180	180	0.07576395698924192	3.3784206427254404E-6	0.9194782816669842	0.0047315232300903865	1.4557953525457063E-5	1.101109726052371E-6	5.822717352013344E-7	3.84721519269251E-6	2.7711428612741833E-6
181	181	0.07280132076545616	1.5950173902289854E-6	0.9269325280216627	9.875929690119346E-7	2.596491915615491E-4	5.198550883193076E-7	2.7490168978357503E-7	1.816344317428564E-6	1.3083098648649952E-6
182	182	0.01233101819845109	2.6519254465082127E-6	0.9296490152084994	1.6420027401327276E-6	0.0580091561304821	8.643272140204239E-7	4.570600865489682E-7	3.0199104690124313E-6	2.1752366110911834E-6
183	183	3.5339986979410335E-6	3.1254592795394577E-6	0.9485396999589873	1.9352024801203844E-6	0.05144402523898939	1.0186634451491E-6	5.386737740657508E-7	3.5591525437417794E-6	2.563651802610299E-6
184	184	0.6590692680630358	1.0501376412395957E-6	0.24317536998343556	6.502177075537162E-7	0.09775108111159325	3.4226548223130387E-7	1.8099151385469104E-7	1.1958562639304779E-6	8.613733266585754E-7
185	185	0.9516063166328266	2.1494974884429196E-6	2.873290809350804E-4	1.3309125151232865E-6	0.04809759195011465	7.005736824826736E-7	3.7046648856516714E-7	2.4477648785382614E-6	1.763121070566305E-6
186	186	0.9969662442533056	0.0016198534258383647	3.718903176616872E-7	1.4327190336601083E-7	0.0014128185625777703	7.541632060476203E-8	3.988048676898741E-8	2.635003647164314E-7	1.897988851816857E-7
187	187	2.3611697036964514E-7	2.0882123599210904E-7	3.3561477345682125E-7	1.2929663695803455E-7	0.17625791583328726	6.805993636473148E-8	3.599039796593327E-8	2.3779757366671984E-7	0.8237408324691878
188	188	1.8167486916292299E-6	1.6067278293429887E-6	2.582312061748807E-6	9.94843766027616E-7	0.1918296633080311	5.236718061790384E-7	2.7691998721422874E-7	1.8296797140641201E-6	0.8081607057881128
189	189	0.001592198555453932	0.04048696271574885	4.4637400325378484E-7	1.719669752667621E-7	0.2501618136599073	9.052100401721924E-8	4.7867910739684366E-8	3.1627527545448446E-7	0.707757952063721
190	190	3.3150637674549327E-6	0.039186971039337874	4.712005128507002E-6	1.8153146542678928E-6	0.3399690211397709	9.555561749957788E-7	5.053023680863198E-7	3.3386593060935813E-6	0.6208293659194918
191	191	2.60847699695306E-6	0.034307684593586116	3.70766834348759E-6	1.4283907791990818E-6	0.04839088193912167	7.518848736012516E-7	3.976000753285636E-7	2.6270432822757957E-6	0.9172899124029414
192	192	7.941320090474793E-7	0.02906959555158528	1.1287728869891674E-6	4.348632709873476E-7	0.06027413941039682	2.2890592707654107E-7	1.2104647539039933E-7	7.997843807115251E-7	0.9106527575330677
193	193	2.492446280145516E-6	2.204313023537052E-6	0.8543639619346072	1.3648528579579314E-6	0.14562455982976513	7.184394029520532E-7	3.7991396124858695E-7	2.5101866968111896E-6	1.8080834049902646E-6
194	194	4.587107021885235E-6	4.0568255489580914E-6	0.9565642955606087	2.511880066764544E-6	0.043414579853611315	1.3222184391023246E-6	6.991950090310008E-7	4.619756547977942E-6	3.3276031460548825E-6
195	195	0.014017042182731159	1.8815770634857984E-6	0.7006990586835783	1.1650232091111708E-6	0.2852762289639129	6.132518783243909E-7	3.242903289825607E-7	2.1426674267016707E-6	1.5433598710223294E-6
196	196	0.010220666005323125	5.2260910553821915E-6	0.7327101434027982	3.235858626576259E-6	0.25704788665145234	1.7033105994978649E-6	9.007182435052574E-7	5.951271032502622E-6	4.2866908689049745E-6
197	197	2.1024472817353596E-6	1.0008436990031163E-4	0.22140207298869072	1.1512910846025773E-6	0.08015958865547775	6.060234805702344E-7	3.204679200041861E-7	0.23289352360330803	0.46544055015285635
198	198	1.797072234888893E-6	1.5893260220521788E-6	0.27185871118370347	9.840690229848224E-7	0.015790961439243408	5.180001325524702E-7	2.739207808990895E-7	0.23915630731768497	0.4731888576711748
199	199	0.05738004508829134	1.491995119632561E-6	0.048041009513092446	0.7147082740425084	0.17986551310502097	4.862776164322638E-7	2.571457728601665E-7	1.6990265270942912E-6	1.223806050832759E-6
200	200	0.10609388296150675	3.2132618635538E-6	0.019186281455390128	0.5778967976421399	0.29681192878163554	1.0472804497956052E-6	5.538065737836535E-7	3.6591387417023547E-6	2.635671698775889E-6
201	201	0.07702908232676237	1.5284360441726604E-6	0.05535072822051732	0.6429855736257726	0.2246293315892299	4.981546029537155E-7	2.634263763161018E-7	1.7405240471938998E-6	1.2536966472316912E-6
202	202	2.297051252899057E-6	0.01722636860869319	3.2650102813598247E-6	0.8421693912638762	0.14059368607797737	6.621174321103988E-7	3.50130651814474E-7	2.313400911727595E-6	1.6663389232751698E-6
203	203	3.9931576279404536E-7	0.7047501615187	0.23774041068504298	2.1866359344173518E-7	1.5217752640895083E-6	1.1510144892444726E-7	6.086615966031167E-8	4.021579616689291E-7	0.05750670991606654
204	204	8.945450305959359E-5	0.38748174300355137	0.11718379497326882	0.043750966534659846	0.13700827345706834	1.0585102110539028E-6	5.597449216331527E-7	3.6983748932874676E-6	0.31448045089836596
