0	0	7.571622197588686E-7	3.671466002997241E-7	7.340220688458368E-7	0.04111406891888126	0.15974556792635586	9.348552921396798E-7	9.635766861941322E-7	1.4056542883842427E-6	5.242223951944744E-7	1.1627732644020502E-6	0.777511441859933	0.00825866593361072	3.69142134506973E-7	4.2822803019088286E-7	0.01336197941506678	6.291631723310318E-7
1	1	1.0199107700309697E-6	4.945529003615586E-7	9.887405815027317E-7	3.7708857491713904E-6	2.959712172018792E-6	1.2592664504276993E-6	0.006566285398771883	1.8934409433686166E-6	0.002008819943177713	1.5662759505425372E-6	0.9914032825781066	2.706563006985135E-6	4.972409198860754E-7	5.768306561306251E-7	3.031166031818654E-6	8.474938115264489E-7
2	2	3.523897396299709E-7	1.7087315176244749E-7	3.41620116499754E-7	1.30288010125094E-6	1.022611224750267E-6	4.3508960747370086E-7	0.004857217357874056	6.542034662680665E-7	2.4397756323553916E-7	5.411645710767523E-7	0.9951083859235794	9.351455650327544E-7	2.6857345302919298E-5	1.9930096896445555E-7	1.0472992737348514E-6	2.928178938366819E-7
3	3	1.412558716113075E-6	6.849471841183795E-7	1.3693885459548431E-6	5.222611319514635E-6	4.099149992939241E-6	1.744062179484983E-6	1.7976446938416227E-6	2.6223828462165257E-6	9.779871395979733E-7	2.1692650090458124E-6	0.983921891408118	3.7485427927287943E-6	6.886700445097087E-7	0.004386541732317374	0.011663855884879623	1.1737642208516202E-6
4	4	3.10234245685746E-7	1.50432028471184E-7	3.007529653521274E-7	1.1470198475556764E-6	0.002820086594526056	3.8304093734978546E-7	3.948090364268416E-7	5.759427589911941E-7	2.1479114395925052E-7	4.7642642114420855E-7	0.9877528492302349	7.130293435695707E-5	1.5124966441942653E-7	1.754590977479966E-7	0.009351223293905666	2.577888292465644E-7
5	5	7.40559529557503E-7	3.590959856438553E-7	7.179267847812226E-7	0.5515555909680877	2.1490537389553172E-6	9.14356233426152E-7	9.424478385196743E-7	1.374831774963411E-6	5.127274978040533E-7	1.13727652964758E-6	0.32292158195493836	0.12545430199606694	3.610477627335875E-7	4.188380512203732E-7	5.828155199586267E-5	6.153671838840024E-7
6	6	1.4875029180025084E-6	7.212874929951805E-7	1.442042326985282E-6	0.21594531991914512	4.316633005249872E-6	2.2712592181053768E-4	1.8930198774173195E-6	2.761515037477951E-6	1.0298748698560001E-6	2.2843567450105767E-6	0.27363276544814186	0.510171629099237	7.252078721144687E-7	8.4128661977121E-7	4.420845871784862E-6	1.2360390287832541E-6
7	7	6.990807668837128E-7	3.3898300813003924E-7	6.777156828582065E-7	0.03727201972542577	2.028685171063669E-6	8.631431118716353E-7	8.896613052753554E-7	1.2978274037629387E-6	4.840096144349092E-7	1.0735776352509198E-6	8.871818047180941E-6	0.10868672750731272	0.8540209743241243	3.953789187240251E-7	2.0776620233271E-6	5.809004484511134E-7
8	8	1.3023622684804662E-6	6.315131246029646E-7	9.988701158341385E-5	0.1744714702360472	3.7793673443438546E-6	1.6080045031297822E-6	1.6574069415221656E-6	2.4178056695729044E-6	9.016924642795379E-7	2.000036434513812E-6	0.39826206382692014	0.4271459564084183	6.34945557428008E-7	7.365766730991036E-7	3.870609454609841E-6	1.0821965953641488E-6
9	9	9.849918893460418E-7	4.776207978408783E-7	9.548888805418803E-7	0.15582388957369525	0.003135673318801406	1.2161527033969838E-6	1.2535163481432267E-6	1.8286148425682117E-6	6.819606076549288E-7	1.5126510603621873E-6	0.501188299613945	0.3398384439326249	4.802167871252865E-7	5.570815943021846E-7	2.927387418913068E-6	8.184780033249058E-7
10	10	9.544499982429206E-7	4.6281108970619824E-7	9.252804009995216E-7	0.9885493957288659	0.0029661667328098806	1.178443150827391E-6	0.008457737747155346	1.7719145224992322E-6	6.60814883673949E-7	1.4657479087095626E-6	1.2112630071758082E-5	2.5328481011950433E-6	4.6532658449833007E-7	5.398080252781527E-7	2.8366171813789804E-6	7.93099250141013E-7
11	11	6.577483647396275E-7	3.1894100057417536E-7	6.376464684409426E-7	0.9855838958776273	0.007274102289853713	8.121106991694417E-7	0.007073792430143372	1.2210947475277159E-6	4.553930639973901E-7	1.0101035065734986E-6	5.815682615318152E-5	1.745483471907238E-6	3.2067452521043885E-7	3.720025633125575E-7	1.9548224798356482E-6	5.465553311507332E-7
12	12	1.5796769676012681E-6	7.659825240769216E-7	1.5313993826000315E-6	0.8371399162757753	4.584115871945581E-6	1.9504002372219653E-6	2.010322039289252E-6	2.9326340456840137E-6	1.0936917109430056E-6	2.425908340888193E-6	0.16270972182300417	4.192028723616892E-6	7.701458319427782E-7	8.934174718717862E-7	1.2431954711180477E-4	1.3126309610519063E-6
13	13	6.558536340215852E-7	3.1802224905242847E-7	6.358096438804064E-7	0.8093109036016628	1.9032429509666823E-6	8.097713074344637E-7	8.346497683153796E-7	1.2175772234230428E-6	4.540812443511628E-7	1.0071937705028287E-6	0.18804403360622654	0.0025843756744101357	3.197507800428619E-7	3.709309609769473E-7	5.161525326092839E-5	5.449809065978861E-7
14	14	1.7484692629393656E-6	8.47829604891262E-7	1.6950331014994837E-6	0.8012009496812417	5.073939713142973E-6	2.1588052083779184E-6	2.2251297995718267E-6	3.245993069148995E-6	1.2105553090510705E-6	2.685122500198333E-6	0.19876502884067643	4.639957107010993E-6	8.524377722475651E-7	9.888812843254115E-7	5.1964356032242626E-6	1.4528887462776065E-6
15	15	6.462566245862435E-7	3.133686764159699E-7	6.265059351946958E-7	0.7927702032358406	1.8753930777469912E-6	7.979220433993394E-7	8.224364614337641E-7	1.199760595603514E-6	4.4743674051617094E-7	9.924556527013576E-7	0.20721722199029602	1.7149875504021732E-6	3.1507191406751804E-7	3.655031829671986E-7	1.92066912699051E-6	5.370062814202678E-7
16	16	6.333317855247656E-7	3.0710144517145026E-7	6.139761009533271E-7	2.341598769919933E-6	0.10282923962548574	7.819639648246791E-7	0.35020868262114224	1.1757659284379648E-6	4.384882088627179E-7	9.726069902678676E-7	0.5449357139867247	1.680688578077398E-6	0.0020146515285738606	3.581932852631194E-7	1.882256616522869E-6	5.262663996174262E-7
17	17	3.3467088477177084E-7	1.6228131086940323E-7	3.2444277964750437E-7	1.2373687062939145E-6	0.10426512321034392	4.132124392756911E-7	0.35625739842027243	6.213088187714986E-7	2.3170988757572214E-7	5.139537433739427E-7	0.5394711261197304	8.881245917334069E-7	1.6316335065071325E-7	1.8927972105329905E-7	9.946389895736495E-7	2.780944295093036E-7
18	18	1.0877957497308913E-6	5.274702050788745E-7	1.0545508820467327E-6	4.021874865136359E-6	0.16294267989709216	1.3430828782329288E-6	0.03377550189258203	2.0194678506045075E-6	7.531370141366826E-7	1.6705268460437456E-6	0.8021079086587177	2.886711094626337E-6	0.0011537928875035147	6.152243455908619E-7	3.2329196073111974E-6	9.039027659975692E-7
19	19	3.5395770152929215E-7	1.7163345367095874E-7	3.431401588462643E-7	1.3086772801367111E-6	0.1566452454548696	4.3702554331571985E-7	0.026000603043700807	6.571143515582833E-7	2.450631440014385E-7	5.435724885989874E-7	0.8172670203336175	9.39306505183368E-7	8.058540939119438E-5	2.001877607483543E-7	1.051959243006736E-6	2.9412079017372487E-7
20	20	9.394438552151702E-7	4.555346379069992E-7	9.107328709416514E-7	1.4575657714423093E-4	0.8313634598611314	1.1599153217070143E-6	1.195551195306547E-6	1.744055962274473E-6	6.504253581068342E-7	1.442702989854501E-6	0.1684752301930604	2.4930259198926497E-6	4.580105833516474E-7	5.313210050573304E-7	2.7920190534339757E-6	7.806299109354734E-7
21	21	3.1119930739750256E-7	1.5089998516171154E-7	3.016885331548277E-7	1.1505879415133698E-6	0.8274372929152732	3.842324826024849E-7	3.960371893139249E-7	5.777343739163526E-7	2.1545930587864559E-7	4.779084654507589E-7	0.17255640430218722	8.258374731898359E-7	1.5172016457238217E-7	1.7600490743719344E-7	9.248816635990205E-7	2.585907462891994E-7
22	22	4.699471535255602E-7	2.278765305965611E-7	4.555847781059383E-7	0.6764556966661557	0.009360969776312865	5.80235743457012E-7	3.618591781846409E-5	8.724461078862942E-7	3.25368614554555E-7	7.216973741444615E-7	0.31410437743318503	3.683496624238608E-5	2.2911509691166087E-7	2.6578788348968716E-7	1.3966788962070568E-6	3.9050210671399083E-7
23	23	6.575518505892574E-7	3.1884571121565166E-7	6.374559600935266E-7	0.743586139038825	0.012948520643564705	8.118680664962051E-7	8.368109457355085E-7	1.2207299235164439E-6	4.5525700713149224E-7	1.0098017199891126E-6	0.24345445393383003	1.744961977335978E-6	3.2057871793026106E-7	3.718914208581117E-7	1.9542384414718256E-6	5.463920379184135E-7
24	24	1.7319579865414736E-6	8.398233166244945E-7	1.6790264374787591E-6	0.008793895700355986	0.044598269941959354	0.01797059258551426	2.2041172865579275E-6	3.215340263356881E-6	1.1991237021441945E-6	2.6597661495305254E-6	0.3698835910541447	0.04958179084827774	8.443879677883654E-7	9.795430062348086E-7	0.5091550676149137	1.4391687180371053E-6
25	25	7.687101901455307E-7	3.727461903970418E-7	7.452171138348587E-7	2.8421293180133705E-6	0.0344057535628736	0.012109126348748904	9.78272817019296E-7	1.4270928304463592E-6	5.322176497617966E-7	1.1805074709872567E-6	0.4260080295427323	0.03719975751011827	3.747721597862498E-7	4.3475921265394587E-7	0.4902670378516273	6.387589465163456E-7
26	26	7.237954893039166E-7	3.5096713263749145E-7	7.016750817933592E-7	2.6760675307387875E-6	2.761560006035793E-4	8.936579585522432E-7	9.211136542019197E-7	1.3437097188727038E-6	5.011208894636762E-7	1.1115320097791192E-6	0.5915307816638122	1.9207543968902304E-6	3.5287472736457437E-7	4.093568175448205E-7	0.4081805542730553	6.01437121776056E-7
27	27	1.6015172145563198E-6	7.765728205946313E-7	1.5525721548748507E-6	0.9972803829064402	4.647494793565167E-6	1.9773660180213165E-6	2.0381162850102183E-6	2.973179963045707E-6	1.108812838584665E-6	2.4594483863164503E-6	0.00268845498853018	4.249986739365827E-6	7.807936893883264E-7	9.057696543874732E-7	4.7596953800071525E-6	1.3307790919281532E-6
28	28	1.196836852258839E-6	5.803440398283411E-7	1.1602595050843229E-6	0.9055216343160146	3.4731397134315787E-6	1.4777140696722762E-6	1.5231136180855128E-6	2.2219001555699724E-6	8.286317845440746E-7	1.8379811582528242E-6	0.09445507779462992	3.176076226376103E-6	5.834983557950559E-7	6.768946922178447E-7	3.5569888256848147E-6	9.945103586516312E-7
29	29	9.795848537101979E-7	4.749989359735077E-7	9.496470930092043E-7	0.15400414873932136	2.8426890863828054E-6	1.2094767286229568E-6	1.2466352685751268E-6	1.8185768049712082E-6	6.782170384461711E-7	1.5043474811383975E-6	0.06047024926952216	2.599549102883245E-6	0.7673325829585252	5.540235386318334E-7	0.018177347301666338	8.139850325918469E-7
30	30	1.457619775737369E-6	7.067972109887526E-7	1.4130724638084614E-6	0.9268804593364953	4.22991414464051E-6	1.7996983020487953E-6	1.8549901151741888E-6	2.706037669512118E-6	1.009185231618163E-6	3.333835420901179E-4	0.07264965172620577	1.1424981475199018E-4	7.106388317771917E-7	8.243856191478693E-7	4.332033430128476E-6	1.2112076622727298E-6
31	31	1.2022852054969952E-6	5.829859365268557E-7	1.1655413474838922E-6	4.445173324045348E-6	3.4889504665584815E-6	1.4844410585859052E-6	1.530047279091617E-6	2.232014898347663E-6	0.04142670793047505	1.8463481888772046E-6	1.5257830123884928E-5	3.1905346591691337E-6	5.861546118672638E-7	6.799761158732706E-7	0.9585346007486468	9.990376622040853E-7
32	32	7.061839265928327E-7	3.424273175138591E-7	6.846017580597545E-7	0.8713105719740208	2.049298060807188E-6	8.719132621402247E-7	8.987008993219274E-7	1.311014256785508E-6	4.889274976823718E-7	2.684716954948627E-4	0.12840829998524633	1.8740181474754202E-6	3.4428849619571953E-7	3.993962508240556E-7	2.09877255285726E-6	5.868028117486206E-7
33	33	1.0602830921151534E-6	5.141293668209311E-7	1.027879057521491E-6	0.8637899426096115	3.0768699240460535E-6	1.309113468637861E-6	0.003935678678767979	1.968391233001049E-6	7.340885844909445E-7	1.6282756852311847E-6	0.08608694671544306	2.8137000592351297E-6	5.169237893693214E-7	5.996640193243773E-7	0.04617130163674638	8.810411512827095E-7
34	34	7.424331544277822E-7	3.6000450297793344E-7	7.197431485242014E-7	0.8218070290131806	2.154490871788216E-6	9.166695661305001E-7	0.0011816173344517556	2.2626831053719726E-4	5.140247047850178E-7	1.140153853488927E-6	0.12898383723104828	1.9702136402309983E-6	3.619612180881091E-7	4.1989771672741847E-7	0.04779133159433445	6.169240705542309E-7
35	35	3.237737957243447E-7	1.5699733196432792E-7	3.1387872396926894E-7	0.33396814364054417	9.395696881963221E-7	3.9975798909439715E-7	4.120396832001413E-7	6.010786229816219E-7	0.03410550444328339	0.003531166061678139	0.5538042279926225	8.592067109087042E-7	1.5785065198996855E-7	1.8311665737180682E-7	0.07458634155251172	2.690395045073195E-7
36	36	1.3173028699056447E-6	6.387577953968065E-7	1.2770438786190823E-6	0.99995765061542	3.822723960623179E-6	1.626451409150167E-6	1.6764205885786784E-6	2.4455425533162984E-6	9.120366120200938E-7	2.022980701195287E-6	1.671748377076461E-5	3.4957599443466093E-6	6.42229604831568E-7	7.450266249736291E-7	3.915012793476012E-6	1.0946114728420458E-6
37	37	2.9272525449579686E-7	1.4194195009390458E-7	2.8377907838145563E-7	1.0822843752961356E-6	0.07612339091361778	3.6142288424728946E-7	3.725268156964063E-7	5.434377185795478E-7	2.0266876772400046E-7	4.495378808670569E-7	3.714885773897193E-6	7.768124117412498E-7	1.4271344032866305E-7	0.9238671311333425	8.699769373512814E-7	2.432397509197394E-7
38	38	5.822050142956095E-7	2.823101656394836E-7	5.644118498434598E-7	0.9998490164098309	1.6895196305935335E-6	7.188386114904718E-7	7.409233632116914E-7	1.0808502507217803E-6	4.030905123415633E-7	8.940916587720684E-7	1.396551238626549E-4	1.5450121721196255E-6	2.838445924655193E-7	3.2927753119861534E-7	1.7303082923947927E-6	4.8378266134028E-7
39	39	1.3724787288469075E-6	6.655124702871531E-7	1.3305334705103813E-6	0.8027927261739334	0.09271327664692706	1.6945761020937993E-6	1.7466382644334888E-6	2.5479752694663064E-6	0.00322291000002879	2.10771421264512E-6	0.1012493147521893	3.642181516779379E-6	6.691296981158313E-7	7.76232420471497E-7	4.078994971440556E-6	1.1404597964134859E-6
40	40	3.81220216118843E-7	1.848529980248264E-7	3.6956948513691687E-7	1.409474164308444E-6	1.1062753203717157E-6	4.7068610557831333E-7	4.851469116816075E-7	7.077265843729956E-7	0.9999865987849014	5.85439505016151E-7	4.8379479933195786E-6	1.0116537296991268E-6	1.8585772060858424E-7	2.1560661369171898E-7	1.132983201762753E-6	3.167745487967388E-7
41	41	6.289278821106606E-7	3.049660003165128E-7	6.097067882345174E-7	0.8226166619730262	0.0741571355609877	7.765265403133779E-7	8.003836280847211E-7	1.167590182794398E-6	4.354391597478762E-7	9.658439201947712E-7	0.10321578997868401	1.6690018281996703E-6	3.0662356730796164E-7	3.557025708099158E-7	1.8691682534733832E-6	5.226069805783459E-7
42	42	1.6271715699854936E-6	7.890125714603065E-7	1.577442470053843E-6	0.8880626562761297	0.028715308477682354	2.0090410135685494E-6	2.070764425852166E-6	3.0208066852773524E-6	1.1265746699324239E-6	2.4988457543177363E-6	0.08319509590418572	4.3180663512426E-6	7.933010534318488E-7	9.202789811929634E-7	4.8359399035773395E-6	1.3520965523411503E-6
43	43	4.2116055878774075E-7	2.042199984416747E-7	4.0828918375787094E-7	1.5571444050909736E-6	1.222179497310791E-6	5.199997661645248E-7	5.359756271537171E-7	7.818749141324383E-7	0.9998257278643571	6.467758493483349E-7	1.6481169727534822E-4	1.1176444272487427E-6	2.053299855486287E-7	2.3819566240534586E-7	1.25168555647314E-6	3.499629356995546E-7
44	44	7.92182646562203E-7	3.841279423508163E-7	7.679722125049251E-7	0.9195880696507946	0.017699318660756608	9.780944164326404E-7	1.0081442384671549E-6	6.146056653508329E-5	5.484688400651963E-7	1.2165540988549824E-6	0.06245953677584242	2.1022351258196177E-6	3.8621577442741843E-7	4.4803452342982435E-7	1.823240528921343E-4	6.582633601758368E-7
45	45	1.3347453463532871E-6	6.472156208950192E-7	1.293953283649844E-6	0.34184645801578667	3.873340849246357E-6	1.647987337633621E-6	1.6986181615899032E-6	2.47792411063499E-6	9.241129366740343E-7	2.049767094849133E-6	0.65812757069006	3.542047485267434E-6	6.50733400740747E-7	7.548915616224803E-7	3.966851683379376E-6	1.1091052808117606E-6
46	46	4.2155045413160136E-7	2.044090579935587E-7	4.08667163244255E-7	0.11463669783672417	0.0063219578059772255	5.204811633025182E-7	5.364718141709714E-7	7.825987458924187E-7	0.8774331622166099	6.473746112383568E-7	3.727266807486634E-5	1.1186791023843497E-6	2.0552007268677574E-7	2.3841617540866924E-7	0.0015654750173345446	3.502869188368783E-7
47	47	6.991918115589876E-7	3.390368534936147E-7	6.77823333821438E-7	0.24149817374689372	2.029007415211595E-6	5.381122773839443E-5	8.898026224956666E-7	1.298033555654738E-6	4.840864963819043E-7	1.0737481664477946E-6	0.7584352735260234	1.855462994958877E-6	3.4087960414992537E-7	3.9544172223074427E-7	2.077992047146436E-6	5.809927209104929E-7
48	48	8.496792561168098E-7	4.1200794504489847E-7	8.23711628967535E-7	0.08326423074508649	2.4657118157154397E-6	0.005084222230442438	6.542527921115347E-5	1.5774100436391165E-6	5.882767036771399E-7	1.3048515847030633E-6	0.9115717192012255	2.2548153328536522E-6	4.142473119553485E-7	4.805528652193351E-7	2.5252394373715753E-6	7.060401090965312E-7
49	49	5.788870939366386E-7	2.807013120172713E-7	5.611953307110959E-7	2.1403020313616512E-6	1.6798912497971068E-6	7.147420317542697E-7	7.367009249796685E-7	1.0746906077028906E-6	0.9669699453713524	8.889963317917348E-7	0.031263547641665154	1.5362073229430247E-6	0.0017537857986291128	3.274010158858138E-7	1.7204474616398762E-6	4.810256388104757E-7
50	50	7.17386208546615E-7	3.4785928391102024E-7	6.954616794358215E-7	2.65237068766161E-6	2.081806326458691E-6	8.857445288030931E-7	9.129571015480177E-7	1.3318110362035809E-6	4.966834143462088E-7	1.101689283723651E-6	0.03494056851863493	1.90374592643495E-6	0.9650431700569906	4.0573192237438576E-7	2.132065638424078E-6	5.961113364840901E-7
51	51	1.5034220502934963E-6	7.290066516481559E-7	0.005124715460458324	0.09461505602345646	2.3206318416376967E-4	1.8562495900600574E-6	1.9132788184206374E-6	2.7910685413219614E-6	1.0408965049049027E-6	2.3088037405650233E-6	0.9000047322535065	3.98966912084531E-6	7.32968986338136E-7	8.502899990807176E-7	4.468157395963594E-6	1.2492670154835744E-6
52	52	5.468138921594284E-7	2.651490740873599E-7	5.301023399243723E-7	0.09909320954504905	0.010395188214562515	6.751417959859854E-7	6.958840581608749E-7	1.0151474445023994E-6	3.785874160027662E-7	8.39741547866846E-7	0.8897157825870697	1.4510938561608955E-6	2.665902260602496E-7	7.87075901041209E-4	1.6251261819598968E-6	4.543744445876719E-7
53	53	5.180471674615216E-7	2.5120014095390516E-7	5.022147747162181E-7	0.03648613387977858	0.13314928576244595	6.396240111314692E-7	6.592750666743536E-7	9.617426801346537E-7	3.586707311372174E-7	7.955645174891382E-7	0.8303560036040545	1.3747548712346788E-6	2.525654769633631E-7	2.92991795257116E-7	1.539631723706136E-6	4.3047076411313314E-7
54	54	1.875089454356639E-6	9.092275082665218E-7	1.8177835669035312E-6	0.20746245673347014	0.026700608060540965	0.4893190405184185	2.3862686695090758E-6	3.481060549296652E-6	0.002983205137101046	2.879573001651461E-6	0.2735072590588003	4.97597231157341E-6	9.141693886855052E-7	1.0604938314626414E-6	5.572749722502324E-6	1.5581036648701175E-6
55	55	5.313248305461302E-7	2.576384559334767E-7	5.150866500851531E-7	0.20862471613717798	0.02478680995717946	0.42328153311191785	6.76172431943772E-7	9.863923570038255E-7	0.0028571114256787083	8.15955011422443E-7	0.34044205667149324	1.4099901415935968E-6	2.590387858057902E-7	3.0050123954776066E-7	1.5790928241343389E-6	4.415038246772423E-7
56	56	7.342185139328981E-7	3.5602123855760663E-7	7.117795612591105E-7	0.1834841240228015	0.09646887166501043	0.39921197308013767	9.343781611596391E-7	1.3630598249468398E-6	4.453117540583518E-4	1.1275386382881902E-6	0.30269804285382107	0.017682884230935867	3.579563036228118E-7	4.1525176474242534E-7	2.182091105183832E-6	6.100981234342514E-7
57	57	1.2861263003291487E-6	6.236403328104354E-7	1.246820117444966E-6	0.2524524519465763	3.732251661311598E-6	0.29150465759274724	1.6367447901626032E-6	2.3876639672237864E-6	8.904514674489043E-7	1.975102874445208E-6	0.456019453147565	3.41302589311399E-6	6.27029975029994E-7	7.273941010184539E-7	3.8223562969807006E-6	1.0687053342296435E-6
58	58	5.872799433845744E-7	2.8477098963882295E-7	5.693316805639022E-7	0.2237466271800951	1.7042467320597586E-6	0.22218862043623666	7.473817987049103E-7	1.0902717401344736E-6	4.0660414708592033E-7	9.018852223036243E-7	0.554054050274619	1.5584796398029486E-6	2.863187916628441E-7	3.3214775745979615E-7	1.745390937975535E-6	4.879996684777796E-7
59	59	1.6775522581637843E-7	8.134420766610686E-8	1.626283439665722E-7	6.202364059365717E-7	4.868143354868386E-7	2.071245190871682E-7	2.1348796911099568E-7	3.114337276927999E-7	0.1744340685451868	2.576215326817734E-7	0.8255621632055279	4.4517628577376485E-7	8.178633391438687E-8	9.487727732698069E-8	4.985670875298567E-7	1.393960333670029E-7
60	60	2.737440233088639E-7	1.3273798518661576E-7	2.6537794554428005E-7	1.0121056338927484E-6	7.943866675513569E-7	3.3798708150467226E-7	3.483709989246525E-7	5.081994983930967E-7	0.41165476656588224	4.2038842309745386E-7	0.5883390843814418	7.264414384491203E-7	1.3345944955486798E-7	1.5482133262725944E-7	8.135648816043056E-7	2.2746731627274563E-7
61	61	9.394438552151702E-7	4.555346379069992E-7	9.107328709416514E-7	3.473377818796782E-6	2.7262026197881698E-6	1.1599153217070143E-6	1.195551195306547E-6	1.744055962274473E-6	0.2272269197480764	1.442702989854501E-6	0.772751977728179	2.4930259198926497E-6	4.580105833516474E-7	5.313210050573304E-7	2.7920190534339757E-6	7.806299109354734E-7
62	62	2.589142574824733E-7	1.2554705837553653E-7	2.510014023038459E-7	9.572759818668295E-7	7.513516886941147E-7	3.196770223096843E-7	3.2949840301438755E-7	4.806683783958013E-7	0.21330356014770055	3.97614366534302E-7	0.7866906239174396	6.870873137870754E-7	1.262294382461477E-7	1.4643406601212152E-7	7.694909451839509E-7	2.151445375223352E-7
63	63	1.7420109407373258E-6	8.446979760563284E-7	1.6887721564862418E-6	6.440685228892683E-6	0.017682051573824766	2.1508312279925224E-6	2.2169108359951743E-6	3.2340033421629394E-6	0.14365978110750782	2.6752044612451777E-6	0.8142192836733189	4.622818494033407E-6	8.492891222214795E-7	9.852286527984472E-7	0.024409985670699824	1.4475222100472788E-6
64	64	6.504906209848655E-7	3.154217336642969E-7	6.306105335421834E-7	2.405039621816126E-6	1.8876798493406517E-6	8.031496866135143E-7	8.278247126072592E-7	5.046755601752345E-5	0.022709280451445026	9.989577967405305E-7	0.04049992183162274	1.7262234137354628E-6	0.9366779831529934	3.6789780315598004E-7	1.9332525278520927E-6	4.980045962115077E-5
65	65	8.430612559513719E-7	4.0879888865233665E-7	8.172958860180204E-7	0.23673222022381818	0.0517151146812594	1.0409133685712188E-6	1.0728931661790974E-6	1.5651238781777203E-6	5.113260964441622E-4	1.2946883284610518E-6	0.7110279650283031	2.2372529784258704E-6	4.110208135333654E-7	4.7680992467014746E-7	2.505570797830259E-6	7.005408886257842E-7
66	66	3.4997089627166334E-7	1.6970025896287937E-7	3.392751970627483E-7	0.1797668750695353	0.057537662597472956	4.3210310279166477E-7	4.453785301137113E-7	6.497129390721671E-7	2.423028734190081E-7	5.374499557480686E-7	0.7619741042270168	9.287266192331252E-7	1.7062262259490802E-7	7.157619445290671E-4	1.0401104920890125E-6	2.9080795842129725E-7
67	67	5.678592379747702E-7	2.7535392447027447E-7	5.505045045752615E-7	0.6115403521347781	0.0720308000665397	7.011261258917321E-7	0.003870945768768391	1.0542176461367144E-6	3.93158192651564E-7	8.720608644090372E-7	0.3098830695651006	1.5069424226499852E-6	2.7685054237421826E-7	0.0026664748565303673	1.6876727686200258E-6	4.718620531746414E-7
68	68	1.3777770599177143E-6	6.680816215061992E-7	1.3356698756723587E-6	0.6933139232802615	0.043094524399107347	1.701117861193493E-6	1.7533810048427941E-6	2.557811499532475E-6	9.539060079147661E-7	2.1158508543769895E-6	0.2587693128707977	3.656241831952412E-6	6.71712813318575E-7	0.004800208295398198	4.0947415657888755E-6	1.1448624391993747E-6
69	69	4.3206043257321006E-7	2.0950532766122504E-7	4.188559390678713E-7	0.5925062447537108	0.03186935952997394	5.334576546144341E-7	5.498469799339465E-7	8.021102797245981E-7	2.991376866431878E-7	6.635147746306037E-7	0.36897532729531873	1.146569698003225E-6	2.1064404186314757E-7	0.006642159618119478	1.284079887566067E-6	3.5902017467676836E-7
70	70	6.530319174650426E-7	3.166540037627018E-7	6.330741637276995E-7	0.09460481884673477	0.8426210109789013	8.062873820787557E-7	0.023639069066427935	1.2123387713782853E-6	4.521276246733324E-7	1.0028604632061263E-6	0.009503144533988634	1.0063772885464497E-4	3.1837509799550943E-7	3.693350835133965E-7	0.02927775022053542	2.478045400495183E-4
71	71	6.992288342906112E-7	3.390548057496765E-7	6.778592250761143E-7	0.049405636065720696	0.7229386346360829	8.633259281761472E-7	0.012285464117732459	1.2981022875065346E-6	4.841121291255118E-7	0.016468757414273127	0.19560894846424015	1.8555612431182007E-6	3.408976539810186E-7	3.954626611669745E-7	0.0032850246736975375	5.810234849114808E-7
72	72	1.6287771716312776E-6	7.897911248142667E-7	1.5789990018128576E-6	6.022029382917064E-6	0.004568417209473437	2.011023422564217E-6	2.072807740049334E-6	3.023787447893258E-6	1.1276863106330776E-6	2.5013114751610086E-6	0.7457523842735028	4.322327176940423E-6	7.940838384193003E-7	9.211870608780069E-7	0.2496510512751447	1.353430725387031E-6
73	73	1.6705489698649055E-7	8.100461947446794E-8	1.6194941836361438E-7	6.176471009875927E-7	4.847820285212283E-7	2.062598350131699E-7	2.1259671950088636E-7	3.101335832887057E-7	1.156607077610313E-7	2.5654603839741386E-7	0.051452214870561674	4.43317805444508E-7	0.9485439983956799	9.448119254160369E-8	4.964857162740212E-7	1.388140958418746E-7
74	74	2.1353416731546388E-7	1.0354233416806287E-7	2.070082040174773E-7	7.89493524484119E-7	6.196617319045323E-7	2.636469981704513E-7	2.717469783378584E-7	3.96421282217607E-7	1.4784070008355565E-7	3.2792420740412583E-7	0.37830870312800013	0.6216869191205924	1.0410511282258967E-7	1.2076846078911936E-7	6.346217077202362E-7	1.7743599799795605E-7
75	75	7.811237959357259E-7	3.7876552554662526E-7	7.572513389535625E-7	2.888025773414716E-6	2.26676850036037E-6	9.644402419858E-7	9.940705692299728E-7	1.4501384047736893E-6	5.408122282953221E-7	1.1995710329968117E-6	0.4276229025187179	0.5723610833424676	3.8082421153782835E-7	4.4177997229617204E-7	2.321493199658753E-6	6.49074019555137E-7
76	76	9.947865475542518E-7	4.823702100122718E-7	9.643841975215332E-7	3.6779947088173496E-6	0.02282865110498404	1.2282460010044112E-6	1.2659811859974936E-6	1.846798400799647E-6	6.887419539134019E-7	1.5276927071866809E-6	0.38345533177360575	0.49674551053315474	4.849920135475667E-7	5.62621156474516E-7	0.09695595536230814	8.266168645482485E-7
77	77	9.641363274409204E-7	4.675079733351281E-7	9.346706996857161E-7	0.550510239294179	0.038771901867005014	1.1904026964516313E-6	1.226975228281682E-6	1.7898969704087519E-6	6.67521228180196E-7	1.4806231947813084E-6	0.0943430874940988	2.558552957983633E-6	4.700489968722935E-7	5.452863198417152E-7	0.31636167457402853	8.011480954840852E-7
78	78	9.392433973818829E-7	4.5543743626371293E-7	9.105385394369011E-7	0.6213638735714996	0.20954115752955876	1.1596678198356727E-6	1.1952960894789187E-6	1.743683816906351E-6	6.502865708261709E-7	1.4423951469601996E-6	1.1919647797969291E-5	0.10235341018457536	4.579128533929579E-7	5.312076321752124E-7	0.066719372933925	7.80463340703866E-7
79	79	1.0166912737566602E-6	4.929917724012032E-7	9.856194784494616E-7	0.11033235272660571	2.9503694112686986E-6	1.2552913932318705E-6	1.2938574890344154E-6	1.8874640224046235E-6	7.039077238583982E-7	1.5613317733306827E-6	0.19457002490957073	0.39781696450665033	4.956713068022183E-7	0.06444232864825662	0.23282484119469768	8.44818574389158E-7
80	80	1.8090712683290036E-6	8.772154084476478E-7	1.753783007677416E-6	0.10576774323716087	0.2771485315120004	2.233629471890198E-6	0.008359069521422922	3.3584993016809857E-6	1.2525131981135514E-6	2.778188939327667E-6	0.44347960833651723	0.09549114153518809	8.819832950445932E-7	1.0231559439906634E-6	0.06973643457195529	1.503245920692238E-6
81	81	1.1642317426134468E-6	5.645338807285938E-7	1.128650862428489E-6	0.06753807565186071	0.26044040207735086	1.4374570963218406E-6	1.4816198368518046E-6	2.1613695176164833E-6	8.060575881197874E-7	1.7879095239461978E-6	0.5538622298733652	0.07591245897615591	5.676022645001587E-7	6.584542292453913E-7	0.042234108117548776	9.674171761296228E-7
82	82	1.3191451644232987E-6	6.396511206991742E-7	1.278829869517707E-6	4.877236173769515E-6	0.8180470624549762	1.628726058801938E-6	1.6787651218900208E-6	2.448962730818065E-6	9.133121273845632E-7	2.0258099110454092E-6	0.13697330141346983	0.0449564198665165	6.43127785581862E-7	7.460685709816822E-7	3.920488076928847E-6	1.0961423255877946E-6
83	83	6.890852860754827E-7	3.341362174406259E-7	6.68025680754955E-7	0.017483721100993284	0.8113893569182276	8.50801862021596E-7	8.769408973855129E-7	1.2792710229823108E-6	4.770892283489796E-7	1.0582275853602172E-6	0.14445020132184141	0.02666714085279382	3.359523319061805E-7	3.89725777368554E-7	2.0479555403798886E-6	5.725947138936196E-7
84	84	1.0433607490088638E-6	5.059237530456449E-7	1.011473889682354E-6	3.857586658843542E-6	0.9391271951203456	0.007033262886983302	1.3277974875122037E-6	1.9369752912964553E-6	7.223723749337548E-7	1.6022880598299884E-6	1.3240968942744235E-5	0.05373021568860138	5.08673576017281E-7	5.900932543475822E-7	8.21118104848864E-5	8.669795475811698E-7
85	85	5.41144634264501E-7	2.6240006111757927E-7	0.004057490413251031	2.0007579579992158E-6	0.950929767832612	6.681420598564339E-7	6.886692703742974E-7	1.0046225972979271E-6	3.746622968207756E-7	8.310352741817679E-7	4.7846951973959835E-5	0.04495589554593965	2.6382627151287334E-7	3.060550232594179E-7	1.6082771962822555E-6	4.4966358053654257E-7
86	86	1.417106323846103E-6	6.871523109394319E-7	1.373797171146892E-6	5.239425054301234E-6	4.1123468434447035E-6	1.7496770332704114E-6	1.8034320517883747E-6	0.010948629824158044	9.811356826129326E-7	1.0948996444003529E-4	0.29298442784951373	3.7606108943923537E-6	6.908871567502071E-7	8.014724372076043E-7	0.6959336577758777	1.1775430508475757E-6
87	87	9.891235440328778E-7	4.796242297769929E-7	9.588942649124237E-7	3.6570570543639044E-6	2.8703697214763013E-6	1.221253987043324E-6	1.2587743576261985E-6	1.8362851646961748E-6	6.848211649562948E-7	1.5189960383368205E-6	0.3555055658493271	2.6248621666541757E-6	4.822311082183676E-7	5.594183331169345E-7	0.6444744705283401	8.219111975624286E-7
88	88	1.6851033522470188E-6	8.171035886182893E-7	1.6336037596135275E-6	6.230282494885578E-6	4.890056119913047E-6	2.0805683980800454E-6	2.144489333566999E-6	3.128355709838547E-6	1.1666838260188081E-6	2.5878115344570502E-6	0.24796454939110674	0.04173242584908011	8.21544752340417E-7	9.530434434916775E-7	0.7102734858785925	1.4002349075777064E-6
89	89	9.307695027096256E-7	4.513284599584662E-7	9.023236212381393E-7	3.4413063933274208E-6	2.701030234664457E-6	1.1492052464628005E-6	1.184512076311896E-6	1.7279522258753455E-6	6.444196571770309E-7	1.4293817953782919E-6	0.2522766030804298	0.055896848112456564	4.537815437669962E-7	1.4149584281146802E-4	0.6916692635315786	7.734219665902788E-7
90	90	1.3092056118185028E-6	6.348314494951444E-7	1.269194086357927E-6	4.840486961611058E-6	3.7992262645259367E-6	1.6164538625517696E-6	1.6661158891216036E-6	2.4305101794638768E-6	9.064304632739227E-7	2.010545750040843E-6	0.7661912457360877	2.0175963203854133E-4	6.382819182514145E-7	7.404470609249788E-7	0.2335840450193118	1.0878830645137595E-6
91	91	8.62949878291267E-7	4.1844284589978497E-7	8.365766786083751E-7	3.1905589135007506E-6	2.504222264996028E-6	1.0654695117101878E-6	1.0982037433673595E-6	1.6020466492201415E-6	5.974646387859866E-7	1.3252312659176834E-6	0.06091613835380355	2.290031918571216E-6	0.9390643006426289	4.880583273843452E-7	2.5646796122753983E-6	7.170673190235492E-7
92	92	1.652212892521159E-6	8.011550637770869E-7	1.6017184876556176E-6	0.24473635843056413	0.016144979793322946	2.0399591078470765E-6	2.102632411281391E-6	3.0672953260078436E-6	1.1439120670395651E-6	2.5373016883169437E-6	0.3533533937471455	4.384519142224461E-6	8.055095432514241E-7	9.344415951520139E-7	0.2210879120565319	0.16465628531511042
93	93	4.940709263230861E-7	2.3957410469347686E-7	4.78971287832805E-7	0.29071393021747394	0.010889107134923926	6.100209547071513E-7	6.287625207751106E-7	9.172313385805151E-7	3.420707447282894E-7	7.587442279275328E-7	0.28192592259835997	1.3111285136957008E-6	2.408762502688317E-7	2.794315590935054E-7	0.24974449165477783	0.1667202475120357
94	94	1.8113045446370025E-6	8.782983201178483E-7	1.7559480313052773E-6	0.6479755969524628	5.2562834568678065E-6	2.236386860096926E-6	2.3050949786764655E-6	3.3626453279057035E-6	1.2540594103052837E-6	2.781618579522592E-6	0.2786057208389879	0.023460073832536676	8.830720926123603E-7	1.024419017463282E-6	5.383181519708554E-6	0.04992967606387347
95	95	9.482133188170482E-7	4.5978693505529994E-7	9.19234324986425E-7	0.5669812179214468	2.75165101088984E-6	1.1707428290013598E-6	1.2067113541954689E-6	1.7603362702416813E-6	6.564969093464237E-7	1.456170246346324E-6	0.34805420301729373	0.02269311369256267	4.622859928055282E-7	5.362807481956751E-7	0.01867229695104154	0.04358684050771533
96	96	1.3138950826888495E-6	6.371053654966596E-7	1.273740239111217E-6	0.3772010222821554	3.812834792274763E-6	1.622243872335769E-6	1.67208378435374E-6	2.439216074537795E-6	9.096772254441625E-7	2.0177473657711785E-6	0.5385982722860513	3.486716613216402E-6	6.4056819355889E-7	7.430992836865498E-7	0.006670257567183554	0.07750987893671729
97	97	7.029135947718041E-7	3.408415394882135E-7	6.814313730795738E-7	0.40880737320088784	2.0398077787338405E-6	8.678754391610024E-7	8.945390230203529E-7	1.3049429607954198E-6	4.866632785552654E-7	1.079463705209279E-6	0.5199574928221611	1.8653395852056114E-6	3.4269409906726135E-7	3.975466501476832E-7	0.011978791426378399	0.05924533849154545
98	98	1.1970538381162822E-6	5.804492558808518E-7	1.1604698594890124E-6	0.0635498814132883	3.473769391735114E-6	9.212770463425258E-5	1.5233897577396183E-6	2.222302984835715E-6	8.2878201502698E-7	1.8383143832173089E-6	0.8814930945458362	3.1766520472342125E-6	5.836041437233018E-7	6.770174128500782E-7	0.054846639840488466	9.946906628280115E-7
99	99	4.669559207477591E-7	2.2642608719564163E-7	4.526849624328051E-7	0.07037078797582969	1.3550745447971088E-6	5.765425193111485E-7	5.942555333203883E-7	8.668929528662105E-7	0.0032889276799237107	7.171037409561364E-7	0.8479707979008784	1.2391727375819263E-6	2.276567699856867E-7	2.6409613278309735E-7	0.07836211156492129	3.8801654489573047E-7
100	100	7.795099488910241E-7	3.7798297401354066E-7	7.55686813788889E-7	0.24710341535548216	2.262085225232453E-6	9.62447652536575E-7	9.920167618069703E-7	1.4471423347638786E-6	0.009327315676926877	1.1970926497026596E-6	0.3411455785975149	2.0686052674796787E-6	3.8003740664014247E-7	4.408672292631109E-7	0.402411379162817	6.477329950034564E-7
101	101	1.1494362315661481E-6	5.573595639983656E-7	8.815807471971878E-5	4.249776384911044E-6	3.3355863135188162E-6	1.419189330918961E-6	1.4627908341183544E-6	2.133901990830618E-6	7.958138939193406E-7	0.12543183371265987	0.26706486488712733	3.050288000342294E-6	5.603889535522606E-7	6.500863360963247E-7	0.607394823584798	9.55122861352874E-7
102	102	9.382423900541733E-7	4.5495204960857745E-7	9.095681245767285E-7	0.04583111617972294	0.861491440288223	1.1584318931434007E-6	1.194022191629132E-6	1.7418254697699245E-6	7.170020940414697E-5	1.4408579010071434E-6	0.09259085943888344	2.4898375614063116E-6	4.574248285391484E-7	5.306414927338015E-7	2.78844830931455E-6	7.796315546884083E-7
103	103	6.298878724661526E-7	3.054314979154972E-7	6.106374396701301E-7	0.042884398204223254	0.9276187382662641	7.777118240489037E-7	8.016053270831444E-7	1.1693723828630103E-6	0.004722710702825559	9.67318176424573E-7	0.024764160549660456	1.6715493788870292E-6	3.0709159500359247E-7	3.5624551229353276E-7	1.8720213365488298E-6	5.234046835826783E-7
104	104	6.397754204492637E-7	3.1022595217188593E-7	6.202228075569312E-7	0.013374151779954463	0.6377779276279015	4.92384211057339E-5	8.141883779426892E-7	1.1877283888302538E-6	4.4294946913922094E-7	9.825024739835762E-7	0.34878888001243913	1.697788215055086E-6	3.119121083259399E-7	3.6183761011052893E-7	1.90140704406859E-6	5.316207314694978E-7
105	105	8.465200855642333E-7	4.1047606891865057E-7	8.206490079804795E-7	9.005960088650735E-4	0.11135236949395143	1.045183926562375E-6	1.0772949277692789E-6	1.5715451159933858E-6	5.860894472204892E-7	1.3000000496418023E-6	1.074292489248125E-5	2.2464317620535312E-6	0.8877226893503561	4.787661339912533E-7	2.5158504096751614E-6	7.03414999556033E-7
106	106	7.137028258707402E-7	3.4607321826780704E-7	6.918908671296322E-7	2.638752226469383E-6	0.8253511856956224	8.811967189709889E-7	9.082695701575389E-7	1.3249729207786556E-6	4.941332188420275E-7	1.0960327166283818E-6	0.17463435953663767	1.8939712406643602E-6	3.4795421333817496E-7	4.036487126386551E-7	2.121118656808263E-6	5.930506334157295E-7
107	107	1.733322006265212E-6	8.40484727338399E-7	1.6803487704655843E-6	6.408559889952118E-6	0.842037245908602	2.140103148642634E-6	2.2058531597578894E-6	3.2178725346774496E-6	1.2000680832398311E-6	2.661860873257477E-6	0.15792764877009202	4.599760448855958E-6	8.450529734360201E-7	9.80314454498067E-7	5.1514180867364825E-6	1.440302148831873E-6
108	108	1.1879007935308037E-6	5.76010961002615E-7	1.151596547340645E-6	0.2218373350049471	0.0683704531653595	1.4666808702141265E-6	1.5117414475887613E-6	2.2053105675734703E-6	8.224448909197452E-7	1.8242580617922067E-6	0.41831320383766	3.1523623813102126E-6	5.791417255949948E-7	6.718407279194208E-7	0.2914628716181088	9.870849497884451E-7
109	109	8.275287212100921E-7	4.0126719045678434E-7	8.022380516627287E-7	0.14031349285761377	0.015731708600093607	1.0217356125708556E-6	1.0531262153677322E-6	1.5362880838145118E-6	5.729407477081054E-7	0.0067692595764825385	0.5658895605716601	1.2752915873982598E-4	4.0344817866190313E-7	0.028701753613944066	0.24245938941451983	6.876341447641085E-7
110	110	7.365117344848398E-7	3.5713321708401936E-7	7.140026971339988E-7	0.05722693596183469	0.024486961336395847	9.093584898166236E-7	9.372965501157811E-7	1.3673171362850553E-6	5.09925000831973E-7	1.1310603347986478E-6	0.4950043656541184	1.9544998183582226E-6	3.5907432603247267E-7	4.165487408647469E-7	0.4232717323159325	6.120036727071322E-7
111	111	1.5115100777506746E-6	7.329285216339292E-7	1.46531578755371E-6	0.10382322325249607	8.056249369186192E-4	0.5319098583801086	1.9235717708311748E-6	2.806083778721647E-6	9.167477954138653E-4	2.3212245162502545E-6	0.2896097179639706	4.011132523878513E-6	7.369121726746713E-7	8.54864342564496E-7	0.0729172081398467	1.2559877536293305E-6
112	112	8.725866963582427E-7	4.231157216702161E-7	8.459189793069826E-7	0.1030859728615622	2.5321876601761305E-6	0.548916703400203	1.1104677113468889E-6	1.6199371808509157E-6	0.0023794367522286773	1.3400305177949819E-6	0.2817705813003204	2.3156053864191244E-6	4.2541546214317277E-7	4.935086199510334E-7	0.06383460183672648	7.250750231429206E-7
113	113	1.3802251681227395E-6	6.692687047773733E-7	1.3380431655731454E-6	0.18260294634251262	0.011919376890675269	0.6700845737737101	1.7564965062902831E-6	2.562356356244843E-6	9.55600959291688E-7	2.1196104117015387E-6	0.07569057756393231	0.05968504139396251	6.729063486861938E-7	7.806135720206845E-7	4.102017322307324E-6	1.1468966922092168E-6
114	114	7.809390181417412E-7	3.786759271262313E-7	7.570722082797413E-7	0.1411072227697638	0.012007371048597098	0.7094257788744041	9.93835418069807E-7	1.449795369038764E-6	5.406842971133196E-7	1.199287269923201E-6	0.08759395121225047	0.04985578353136281	3.8073412612746187E-7	4.4167546756960725E-7	2.3209440416451127E-6	6.489204786361556E-7
115	115	6.924094050432802E-7	3.3574807675712393E-7	6.712482090562343E-7	0.11950040676842685	0.03277346795404057	0.24209017408810896	8.811712240657392E-7	1.285442173576264E-6	4.793906870875906E-7	1.0633324315379327E-6	0.5534007461417203	0.052226433935065084	3.3757295208387324E-7	3.9160579842685956E-7	2.0578347933468963E-6	5.753568871510904E-7
