0	0	0.007799654622788961	0.02230696423743681	3.5057741948405457E-7	0.8093927684513061	0.16049306732230248	1.91282470272975E-6	2.822829149212638E-7	5.478355414011361E-7	7.667647352501889E-7	1.3653407860552386E-6	1.4921822761960263E-6	8.275577896176379E-7
1	1	2.2540904741674225E-6	3.2926430764460395E-6	4.7223450667917624E-7	0.9999792610758189	5.028437716247233E-6	2.5766115546937287E-6	3.8024049942516616E-7	7.379449795016013E-7	1.0328468017784908E-6	1.8391402204416083E-6	2.009998139959756E-6	1.114736211772389E-6
2	2	7.788091734176127E-7	1.1376387337217853E-6	1.6316140368852224E-7	0.9991122101184476	1.737371887354678E-6	8.902431992533438E-7	2.681696422126987E-5	2.549668374449783E-7	3.568581532900729E-7	6.354400106367815E-7	8.546332762280834E-4	3.851517042543751E-7
3	3	3.1218819474230434E-6	0.007706403673883161	6.540378029397795E-7	0.9922694334849822	6.96431181889082E-6	3.568568870817434E-6	5.266274643536686E-7	1.0220428754300322E-6	1.4304775348988065E-6	2.547181987048244E-6	2.783817676977674E-6	1.5438931558221427E-6
4	4	0.0021150784611787717	0.003055124506631649	1.436427888751098E-7	0.9948251759200082	1.5295341764113215E-6	7.837455000201496E-7	1.156603446130675E-7	2.2446575460443787E-7	3.1416805207966873E-7	5.594238173198412E-7	6.113948353497865E-7	3.39076912115287E-7
5	5	1.6366980709940145E-6	2.390792487458406E-6	3.4289009913149134E-7	0.33251113365781043	0.6084804461841801	0.05899888363408725	2.7609312893833113E-7	5.35822824456992E-7	7.499514271837672E-7	1.3354021436056654E-6	1.459462304674707E-6	8.094114359579743E-7
6	6	3.2875165392181997E-6	4.8022112224917964E-6	6.88738437471445E-7	0.30483467473703213	0.30595237877293363	0.38919379116708425	5.545682150147691E-7	1.076268389821676E-6	1.5063729616175153E-6	2.6823252934762687E-6	2.9315159283285776E-6	1.6258059625671326E-6
7	7	1.5450262591302568E-6	2.2568836847294674E-6	3.236847507446402E-7	7.559092669324351E-6	0.04727860974405765	0.08158186275878011	0.8711232266524249	5.058112725242053E-7	7.079464860415116E-7	1.2606059816008257E-6	1.3777175062983453E-6	7.640761269034157E-7
8	8	2.8783363857711737E-6	4.204504868329541E-6	6.030147320033504E-7	0.4144365645668327	0.21678429247427444	0.36876237179976085	4.855439820992597E-7	9.423108386903453E-7	1.3188825224881395E-6	2.3484701593389156E-6	2.5666453267433625E-6	1.4234503165035204E-6
9	9	2.1769163889986574E-6	3.1799117020295586E-6	4.560664484509236E-7	0.5178971933880139	0.20550354924594094	0.2765865731602111	3.672220722486393E-7	7.126796987373257E-7	9.974848640212312E-7	1.7761729324661393E-6	1.941181129542457E-6	1.0765705975994244E-6
10	10	0.010193349626992238	3.081310938353341E-6	4.419250180220031E-7	0.006876758827938096	0.9829172988226901	2.4112365607312757E-6	3.558354740800898E-7	6.905813610673877E-7	9.665554613949923E-7	1.7210984448788234E-6	1.8809901683643254E-6	1.0431889527547218E-6
11	11	0.011706732896572114	2.123447439902116E-6	3.0454717713396497E-7	7.112168024106089E-6	0.988277476816047	1.661673944733218E-6	2.4521962943003587E-7	4.7590562995447553E-7	6.660897783718729E-7	1.186073771753301E-6	1.2962611814920492E-6	7.189008040340672E-7
12	12	3.4912310719471394E-6	5.0997854562896375E-6	7.314168627472374E-7	0.17610603589088936	0.8236303797428957	2.4324206287486443E-4	5.889326367417309E-7	1.1429605294680945E-6	1.5997169981662706E-6	2.848538493400574E-6	3.113170496572641E-6	1.7265507947288135E-6
13	13	1.4494904292643115E-6	2.1173305512746886E-6	3.03669886211044E-7	0.21098917286685445	0.7853254246142282	0.003676956794932728	2.445132398419085E-7	4.745347169377957E-7	6.641710132008563E-7	1.182657119648146E-6	1.292527119075317E-6	7.168299092853623E-7
14	14	3.864280600412793E-6	5.644714313915723E-6	8.095711613704756E-7	0.20472174050713907	0.795251326355631	4.4171918384421004E-6	6.518620269502124E-7	1.265089623127634E-6	1.7706520235330058E-6	3.152914204970615E-6	3.445823008493569E-6	1.9110384286242007E-6
15	15	1.4282801853192126E-6	2.0863478717079526E-6	2.9922631608786235E-7	0.21470437421968327	0.7852856709995409	1.6326421991525804E-6	2.409353028233898E-7	4.675908993702816E-7	6.544522672699821E-7	1.1653514200003897E-6	1.273613703058381E-6	7.063406111595357E-7
16	16	0.5633955615734837	2.0446217373937215E-6	2.932419078188743E-7	0.4365929599601501	3.1224924235841405E-6	1.5999899992904577E-6	2.3611669182233046E-7	4.582392658599676E-7	6.413634801234718E-7	1.142044851362625E-6	1.2481419314718167E-6	6.92214077606571E-7
17	17	0.5621004635801956	1.0804359124211735E-6	1.5495731187827096E-7	0.43789347087376485	1.6500132464617766E-6	8.454799355462662E-7	1.2477073323700253E-7	2.421465791260364E-7	3.38914589514307E-7	6.034887766481154E-7	6.595534723600554E-7	3.6578548239586627E-7
18	18	0.30257061839343846	3.5118016121888755E-6	5.036664659314244E-7	0.6974096664211297	5.363130855278956E-6	2.7481109861213987E-6	4.05549331615411E-7	7.870626449793034E-7	1.101593151585943E-6	1.9615535122499606E-6	2.143783745921904E-6	1.1889331259958543E-6
19	19	0.27477192404486733	1.1427006778022292E-6	1.6388739329935067E-7	0.7252216608559204	1.7451023549275897E-6	8.942043524376006E-7	1.3196118326010008E-7	2.56101316990424E-7	3.584460000845427E-7	6.382674124340086E-7	6.975630773173098E-7	3.8686544371456833E-7
20	20	0.9999728154258478	3.032865449477393E-6	4.349769125003872E-7	1.0158126952359873E-5	4.631712171765718E-6	2.373326224411043E-6	3.5024089961289014E-7	6.797237902753253E-7	9.513589256380324E-7	1.6940387104885163E-6	1.8514165582677216E-6	1.0267875574339372E-6
21	21	0.9999438622188918	1.0046612533331514E-6	1.4408962658034363E-7	5.04976325198622E-5	1.5342921844311922E-6	7.861835412435127E-7	1.1602013575453853E-7	2.2516401285656795E-7	3.1514535231554147E-7	5.611640484636523E-7	6.13296735663467E-7	3.401316977435381E-7
22	22	0.055518215946210744	1.5171564885679936E-6	2.175922592579734E-7	0.42421325694751105	0.13270972352934815	1.1872294834161688E-6	1.7520403138924292E-7	3.4002410460640085E-7	0.3875174912238456	8.474236210992739E-7	3.6514084284558184E-5	5.136388115767583E-7
23	23	0.07817931626891463	2.122813019839321E-6	3.0445618790785526E-7	0.38472186783502704	0.12110423736744597	1.661177488231139E-6	2.45146365430288E-7	4.757634441513486E-7	0.41598656889277924	1.1857194097933035E-6	1.2958738989604885E-6	7.18686018829278E-7
24	24	3.827788838334096E-6	0.40672551732783685	8.019260958948084E-7	0.3311918372090686	0.22953445661414107	0.03253147693885045	6.457062643502956E-7	1.2531429364583295E-6	1.7539311331401007E-6	3.123140126191231E-6	3.413282888767838E-6	1.8929918199868378E-6
25	25	1.6989135938126307E-6	0.40190227779231696	3.55924321609579E-7	0.4007438560940811	0.19181430967547586	0.005532139077228815	2.865882096547724E-7	5.561909655042244E-7	7.784592020493343E-7	1.386164556056649E-6	1.5149405947323555E-6	8.401794539302252E-7
26	26	0.009922445928125563	0.2920369719226887	3.351280722512766E-7	0.622719067150476	0.07520467953309533	1.8285297898645724E-6	2.698431896904787E-7	5.236933661349165E-7	7.329747248776925E-7	1.3051725529560137E-6	5.623772977050981E-5	5.560239414825036E-5
27	27	3.5395003853404172E-6	5.170294436461733E-6	7.415293385592105E-7	1.731712406684849E-5	0.9999580133812818	4.045941232274443E-6	5.970751439045586E-7	1.1587629552760984E-6	1.6218344803763427E-6	2.8879220215650625E-6	3.1562127928999257E-6	1.7504218647561829E-6
28	28	2.645114523701349E-6	3.863828059558721E-6	5.541544878190425E-7	0.07261061559912585	0.9273709485677083	3.023584334064702E-6	4.4620199546358457E-7	8.6595857856733E-7	1.212017932488656E-6	2.158181565453912E-6	2.3586787369677473E-6	1.3081129518299723E-6
29	29	2.164966322403901E-6	0.009795148548821554	4.5356289596807905E-7	0.06862867653452674	0.12960028192665432	2.474735289358378E-6	0.7918901496272924	7.08767481481908E-7	9.920092239771051E-7	7.594813555206546E-5	1.930525119101382E-6	1.0706608206322035E-6
30	30	3.2214716285524315E-6	4.705736693039529E-6	6.749019539033046E-7	0.0954965789665813	0.8891378078068353	3.6824081004610555E-6	5.434271582986149E-7	1.0546465823538823E-6	0.015344636428939018	2.6284384362480767E-6	2.872622929527793E-6	1.5931441620022738E-6
31	31	2.6571559307420447E-6	3.8814174402768396E-6	0.06345989374679023	1.300022429950852E-5	5.927598405307357E-6	0.006922563341900111	4.4823324961216836E-7	8.699006988919805E-7	0.9294938604962424	2.1680062979804234E-6	9.341581084466417E-5	1.314067900232792E-6
32	32	1.5607248811077488E-6	2.2798153103923745E-6	3.269736298247144E-7	0.16482565878687483	0.793664830695057	1.7840374237176841E-6	2.6327727970941015E-7	5.109506932378581E-7	0.04149934776831156	1.2734146809033584E-6	1.3917161462537114E-6	7.718397116369433E-7
33	33	0.003695813757843437	3.4229802716213925E-6	4.909276111659264E-7	0.11169879916890783	0.8662043386468808	2.6786050946244726E-6	3.9529207927652504E-7	7.671560651215426E-7	1.0737313896503545E-6	0.018388971308870357	2.0895626459774563E-6	1.158862340183378E-6
34	34	1.6408389520263595E-6	6.770691962294853E-4	3.437576183965505E-7	0.17367993657213043	0.8147267517346555	1.8756144225951094E-6	2.7679165044394223E-7	0.008883723185783763	7.518488202919042E-7	0.0020253558456976204	1.463154775437613E-6	8.114592641566632E-7
35	35	7.155655796912325E-7	0.03315015315614881	1.4991179919115764E-7	0.7096444994108733	0.25720140536348046	8.179505489701132E-7	1.207081155399282E-7	2.3426212616081415E-7	3.278793060513004E-7	5.838387824516457E-7	6.380779745452992E-7	3.538752648667959E-7
36	36	2.9113566474489153E-6	4.252738928692984E-6	6.099325142141843E-7	1.4243909811544793E-5	0.999965464611329	3.327921067774364E-6	4.911141404116193E-7	9.531210242646039E-7	1.334012736673682E-6	2.3754117981227236E-6	2.5960898700364884E-6	1.4397801319373817E-6
37	37	0.12688650209350394	9.450204050696554E-7	0.004411436230209891	3.1652038005584022E-6	1.4432102530240253E-6	7.395124338080459E-7	1.0913270052292213E-7	2.117973455539072E-7	0.8686940231193413	5.278510290212159E-7	5.768889042368549E-7	3.199400730467302E-7
38	38	1.2867204819207157E-6	1.8795657648490972E-6	2.6956939793566116E-7	9.447325750383004E-5	0.9998965585999363	1.4708277681722502E-6	2.1705572348281146E-7	4.2124703091431766E-7	5.895881952234271E-7	1.0498511119614575E-6	1.1473833037975306E-6	6.363337816580049E-7
39	39	0.05394522366154767	4.430868075700018E-6	6.354799932178436E-7	0.09573884307395299	0.8502978251628847	3.4673135277981387E-6	5.11684823066127E-7	9.930432103882895E-7	1.3898888567140988E-6	2.4749076958217836E-6	2.704829033633659E-6	1.5000863983412078E-6
40	40	8.42526919028545E-7	1.2307138770387716E-6	0.9999883026886943	4.122091142271113E-6	1.8795137928798335E-6	9.630778442960652E-7	1.4212510994656976E-7	2.758267767498171E-7	3.8605426166504616E-7	6.874281051928426E-7	7.512908463618379E-7	4.166626303591681E-7
41	41	0.039817718018755305	2.030404318551849E-6	2.912028299057318E-7	0.11488357472587214	0.8452904093852734	1.588864358030419E-6	2.3447483805456486E-7	4.5505286739155073E-7	6.369037147497456E-7	1.1341035634015942E-6	1.23946289011698E-6	6.874007190818212E-7
42	42	3.5961993045892766E-6	5.25311689015037E-6	7.534078263428996E-7	0.10438691956151412	0.8955880157655514	4.110752779170855E-6	6.066396337150292E-7	1.1773250685907011E-6	1.647814492306481E-6	2.9341833691201837E-6	3.206771864744648E-6	1.7784617057383454E-6
43	43	9.307984194032083E-7	1.3596557043021573E-6	0.9999551837231481	3.644740127595265E-5	2.07643035272539E-6	1.0639794586820262E-6	1.570155501361403E-7	3.0472513344005445E-7	4.265011460714207E-7	7.594499111133584E-7	8.300035482688296E-7	4.603163519212816E-7
44	44	0.0039011086509054345	2.5574510946559727E-6	3.667924606467059E-7	0.08075526858189046	0.9153331709587763	2.0012974039589E-6	2.953391724854213E-7	5.731742408166781E-7	8.02229431642926E-7	1.4284910513504607E-6	1.5611992627044738E-6	8.658343096595486E-7
45	45	2.9499063154215095E-6	4.309050021261768E-6	6.180087133048211E-7	0.6838028441526246	0.3161765956862939	3.3719865216974065E-6	4.976170493101575E-7	9.657414289324057E-7	1.3516765801313514E-6	2.4068649477037114E-6	2.6304650478782745E-6	1.4588444558113937E-6
46	46	9.316601209113638E-7	1.3609144272936732E-6	0.9240742550821341	3.648114304000504E-5	0.07588296550427086	1.0649644546651313E-6	1.5716090979032078E-7	3.050072376009388E-7	4.268959863216174E-7	7.601529840023246E-7	8.3077193731463E-7	4.607424971385603E-7
47	47	1.545271677844444E-6	2.2572421779840013E-6	3.237361662431537E-7	0.7827396401716012	0.21719664152264118	1.7663731362626879E-6	2.606704927175402E-7	5.0589161779432E-7	7.080589393511501E-7	5.420892770442016E-5	1.3779363489600222E-6	7.641974960901836E-7
48	48	1.877862693028546E-6	2.743071613840423E-6	3.9341436052211377E-7	0.9389844012913034	0.06061644511772609	2.146552131973676E-6	3.167749726251789E-7	6.14775388297411E-7	8.604554692464477E-7	3.8759749598975675E-4	1.674511543943841E-6	9.286768071847398E-7
49	49	1.2793875878514381E-6	1.8688543035460914E-6	0.9687259513001328	0.03126254563399064	2.854065031629652E-6	1.4624456647009047E-6	2.1581874416228805E-7	4.188463853210483E-7	5.862281898136924E-7	1.043868113244413E-6	1.1408444786666475E-6	6.327073777271096E-7
50	50	1.5854829341442015E-6	2.3159804212656947E-6	3.3216046996977314E-7	0.02287897955321698	3.536904252905721E-6	1.8123379228575894E-6	0.9771067005488424	5.190559938679195E-7	7.264841392003443E-7	1.2936150817483976E-6	1.413793184031299E-6	7.840835406087636E-7
51	51	3.322699515860703E-6	4.853604449950196E-6	6.961093109162716E-7	0.9009190751246992	0.09894391545053235	1.1764910170001165E-4	5.605031997738661E-7	1.0877866058271124E-6	1.5224941534324439E-6	2.7110315180753433E-6	2.962888989179562E-6	1.6432053254369067E-6
52	52	0.005922677900785923	1.7653102863916144E-6	2.5318275102250706E-7	0.9142310970042842	0.07979760173600656	4.279029565705439E-5	2.0386128995871778E-7	3.956401689645983E-7	5.537481716403496E-7	9.86032519736829E-7	1.0776359021363603E-6	5.976521765544815E-7
53	53	1.972971160355092E-4	1.6724408122200618E-6	2.3986330846443474E-7	0.8203140600172468	0.1794818079242968	1.3087450480538584E-6	1.9313655167993082E-7	3.7482632409204006E-7	5.246165782201266E-7	9.341593038325649E-7	1.0209436139016625E-6	5.662108804820777E-7
54	54	4.144125531593843E-6	6.053495365826314E-6	0.0024148141147473413	0.09601012462877075	0.9015470458641449	4.737077704367644E-6	6.990688172779996E-7	1.3567053609920622E-6	1.8988797701459847E-6	3.381243136005153E-6	3.6953639198267036E-6	2.0494327309131063E-6
55	55	1.1742708526625655E-6	1.715305945880415E-6	0.0023339296770610103	0.210801757678571	0.7868563742606496	1.342288555843342E-6	1.9808669642763658E-7	3.8443322937934653E-7	5.380626503211726E-7	9.5810207246525E-7	1.0471106890829277E-6	5.807230263795416E-7
56	56	0.026300715434783215	2.3703213379871832E-6	6.119467622654688E-4	0.15685728501892512	0.7925904426502657	0.023632117904235354	2.737290828154982E-7	5.312348440333071E-7	7.43529971602586E-7	1.3239677690083935E-6	1.4469656655295954E-6	8.024808543302782E-7
57	57	2.8424532360136432E-6	4.1520888690765165E-6	5.954971714981088E-7	0.38316793503447744	0.6168122537274187	3.249158778462302E-6	4.794908857656748E-7	9.305633997495662E-7	1.3024405043484314E-6	2.3191926548591633E-6	2.534647913553826E-6	1.4057046905468049E-6
58	58	1.2979365193356897E-6	1.8959494940573112E-6	2.719191704741888E-7	0.49668394483501627	0.5033070088492512	1.4836486251575818E-6	2.1894774676986088E-7	4.2491894142329544E-7	5.94727495755258E-7	1.059002415230008E-6	1.1573847720616398E-6	6.418805523854237E-7
59	59	0.001143701033191555	5.415727407295229E-7	0.0010798896052114217	0.9977734466558041	8.270756144377214E-7	4.238001353541814E-7	6.2541819635161E-8	1.213769229696292E-7	1.698822678942336E-7	3.025011173836485E-7	3.3060376610701484E-7	1.8335140839244634E-7
60	60	0.002612577169463821	8.837422147422463E-7	1.2674728451309157E-7	0.9973824615190608	1.3496278159752125E-6	6.915600473566286E-7	1.0205618200785911E-7	1.9806371823531428E-7	2.7721508189657187E-7	4.936234550478299E-7	5.394815552717382E-7	2.991941202775118E-7
61	61	5.712115606086024E-4	3.032865449477393E-6	7.82996027775088E-4	0.9986292009413289	4.631712171765718E-6	2.373326224411043E-6	3.5024089961289014E-7	6.797237902753253E-7	9.513589256380324E-7	1.6940387104885163E-6	1.8514165582677216E-6	1.0267875574339372E-6
62	62	5.722207193004625E-7	8.358664442249435E-7	1.1988088862771465E-7	0.9999947352414429	1.276513201188769E-6	6.540955361294065E-7	9.652739966819752E-8	1.8733383234341617E-7	2.6219725721487273E-7	4.668819428041031E-7	5.102557304693773E-7	2.829856051657716E-7
63	63	0.02374926339213636	5.6238642578318345E-6	8.065808232984743E-7	0.9702828109978409	2.724265437579346E-4	4.400875920143496E-6	6.494542239924326E-7	1.2604167224055676E-6	0.005674279531496881	3.141268188122736E-6	3.433095065326432E-6	1.903979566793576E-6
64	64	1.43763769349083E-6	5.136010244627349E-5	3.011867246454658E-7	0.08094135445586227	3.2070902579534303E-6	1.6433386037354691E-6	0.9189964008815844	4.70654363882921E-7	6.58739971112589E-7	1.1729863263356774E-6	1.2819578996357417E-6	7.10968266229464E-7
65	65	1.8632362975308153E-6	2.7217062336922493E-6	2.5576256264358405E-4	0.7144767235502832	0.2852549179134488	2.1298329540724897E-6	3.1430765909336457E-7	6.099869934883065E-7	8.537535085290287E-7	1.520237476821486E-6	1.6614690205484066E-6	9.214434805299845E-7
66	66	7.734633296468637E-7	1.1298298388787245E-6	1.620414433653697E-7	0.7573102751890813	0.24207477842055464	8.841324583637674E-7	1.3047483502657798E-7	2.5321671311898767E-7	5.039002819109604E-4	6.310782707671282E-7	1.0669936358932968E-4	3.825079746871611E-7
67	67	0.0393916308064157	1.8332523506214484E-6	2.6292707691493616E-7	0.3070016563325172	0.6507610495314907	1.4345858568974091E-6	2.1170736493099003E-7	4.108672992764261E-7	0.0028387462419284166	1.0239822701603661E-6	1.1191112213727211E-6	6.206542079138324E-7
68	68	3.045010857862921E-6	4.447973155358213E-6	6.379332226346241E-7	0.2589770731398877	0.7358892354336221	3.4806988674380594E-6	5.136601492344767E-7	9.968767894810363E-7	0.00511386366329521	2.484461916927097E-6	2.7152708511943846E-6	1.5058773848701281E-6
69	69	9.548880585625364E-7	1.3948444354116941E-6	2.0005012950319706E-7	0.37993608344294155	0.6139061153787417	1.0915159055627814E-6	1.6107920974958077E-7	3.1261160848591416E-7	0.006151583369846923	7.791049448316523E-7	8.514845537819008E-7	4.722296239958429E-7
70	70	1.443254184649064E-6	2.1082210111338906E-6	3.023633859027546E-7	0.018502308331463897	0.8994953336061056	1.6497587169389936E-6	2.434612533337294E-7	4.7249309285149306E-7	5.011384602245532E-5	1.1775688907470189E-6	0.08194413335003113	7.137458415526087E-7
71	71	1.5453535014093702E-6	2.2573617010455785E-6	3.2375330837265586E-7	0.19603188554229858	0.7398867242901725	1.7664666673543861E-6	2.606842954612849E-7	5.059184052235001E-7	7.080964317270386E-7	1.26087298261265E-6	0.06407199742227479	7.642379610545872E-7
72	72	0.005430732819066191	0.1947653291966682	7.541512526211635E-7	0.7895421298139829	8.030337785145542E-6	4.114809070508199E-6	6.072382362638365E-7	0.010238724962026578	1.6494404756749192E-6	2.9370786788655543E-6	3.2099361515880974E-6	1.7802166054363612E-6
73	73	3.692042029033405E-7	5.393118317193909E-7	7.734869856381265E-8	0.025657295455977384	8.236228137922829E-7	4.22030892789966E-7	0.9743393699344907	1.2087020954384916E-7	1.6917305873125694E-7	3.012382630144525E-7	3.2922359133572176E-7	1.82585969477082E-7
74	74	4.7192707712936464E-7	6.893633777816159E-7	9.886925702884547E-8	0.4176350804900714	0.010059037983650801	0.5723031317559076	7.96089551668103E-8	1.5449966239137433E-7	2.1624170718603182E-7	3.8505112310749125E-7	4.2082274784335565E-7	2.3338646262027985E-7
75	75	1.7263487980096865E-6	2.521749008054829E-6	3.6167202795416327E-7	0.4630554469736894	3.851148614838259E-6	0.5369306429872368	2.9121622963235257E-7	5.651727128789817E-7	7.910302870327512E-7	1.408549277554339E-6	1.539404878680792E-6	8.537472392282506E-7
76	76	2.198563523233558E-6	0.06863149035119567	4.606015475845162E-7	0.40424713869792905	0.03164472575759043	0.495467046388986	3.7087370789810997E-7	7.19766545610738E-7	1.0074037974528827E-6	1.7938350962900685E-6	1.960484125605062E-6	1.0872759551213553E-6
77	77	2.1308236031673366E-6	0.046073574842425774	4.4640995762769587E-7	0.07346032216844196	0.7070512772715563	0.17340552266194628	3.594467215671755E-7	6.975898253337175E-7	9.763646885107409E-7	1.7385652599853376E-6	1.9000796676232151E-6	1.053775905879421E-6
78	78	2.0758078595259824E-6	3.032218296040249E-6	4.3488409703966467E-7	0.04823408123103852	0.7649726488601001	0.18678117483056847	3.501661651395715E-7	6.795787506767962E-7	9.511559244799065E-7	1.6936772361691277E-6	1.8510215026316484E-6	1.026568461299249E-6
79	79	2.2469750766572383E-6	3.2822493213521037E-6	4.707438228439193E-7	0.19202831884370702	0.0981694431740199	0.709789145566542	3.790402094040301E-7	7.35615538012906E-7	1.0295864554676396E-6	1.83333467984979E-6	2.0036532589869425E-6	1.1112173684266324E-6
80	80	0.4114070382271434	0.0508318569598574	8.376311644785657E-7	0.3748443091553018	0.09659205051777331	0.0663112873642592	6.744557795133653E-7	1.3089380461580204E-6	1.8320234058826118E-6	3.2621952498157024E-6	3.5652563689464997E-6	1.9772756500144712E-6
81	81	0.4060008989223123	0.019664480969851683	5.390577211638786E-7	0.47848227702355894	0.05775360175174859	0.03809008057802288	4.340461660790864E-7	8.42367369110343E-7	1.1789990680548984E-6	2.0993864745373632E-6	2.2944215247837568E-6	1.2724761818922298E-6
82	82	0.8500179391004022	4.258686570923095E-6	6.107855316318731E-7	1.4263830545203156E-5	0.14995039263997598	3.3325753115953587E-6	4.918009851134205E-7	9.544540058911215E-7	1.335878412093966E-6	2.3787339158829036E-6	2.5997206157754326E-6	1.4417937277066892E-6
83	83	0.8230282665191524	2.2246145798261484E-6	3.19056680078856E-7	0.025942290700280535	0.15102035121065882	1.7408408679713529E-6	2.5690259746423004E-7	4.985791421646288E-7	6.97824210100318E-7	1.2425817356295919E-6	1.3580187903039456E-6	7.531513048312834E-7
84	84	0.8522186050297335	3.3683485124000577E-6	4.830922639187692E-7	1.128177704508726E-5	0.12705537666690989	3.9769254723042395E-4	3.8898310289235605E-7	7.54912031528251E-7	1.056594324843381E-6	0.02030779546966564	2.0562126193064405E-6	1.1403665606825567E-6
85	85	0.8663090267123591	1.7470078532047365E-6	2.505577958401911E-7	5.851340211179281E-6	0.12740811007361644	1.3670964377853602E-6	2.0174769119502005E-7	3.915382397942195E-7	5.480070059133207E-7	9.758095042977353E-7	1.0664631585962164E-6	0.006270463646126784
86	86	3.1319326369006224E-6	0.687675444171144	6.561434337658816E-7	0.2678721410615745	0.04432784643817559	1.1089448791786392E-4	5.283229061428601E-7	1.0253332738969563E-6	1.4350828613493433E-6	2.555382468560953E-6	2.792779991217837E-6	1.5488636162550031E-6
87	87	0.003522676835339167	0.6191601475114914	4.5797947723596626E-7	0.3279406669734369	0.04936665173327775	2.4988330928143488E-6	3.687624319859118E-7	7.156691244730511E-7	1.0016689412845302E-6	1.7836233159761794E-6	1.9493236609442075E-6	1.0810864100415228E-6
88	88	0.0044700543763806465	0.7800819017111017	7.802314290666203E-7	0.21325358284130447	0.0021776683986133557	4.257108040675299E-6	6.282378438241838E-7	1.2192414103280129E-6	1.7064816839104897E-6	3.038649192622271E-6	3.320942665097293E-6	1.8417803342235825E-6
89	89	0.008953654893818185	0.7754087336217996	4.30960536692015E-7	0.21562374711289928	4.588945081873317E-6	2.351412026762469E-6	3.4700693699123833E-7	6.734475348944504E-7	9.425745169390805E-7	1.6783967398465775E-6	1.834321433303268E-6	1.0173066756043489E-6
90	90	2.8934608759268272E-6	0.23774983582942652	6.061833298166511E-7	0.762227769270109	6.454748806997328E-6	3.3074647230923687E-6	4.88095318771964E-7	9.472622999141936E-7	1.325812715160005E-6	2.3608104174065113E-6	2.5801320068163673E-6	1.430929970516667E-6
91	91	1.9071920042573938E-6	2.785914150402877E-6	3.9955888443458485E-7	0.04333583601399585	4.254574657157582E-6	2.1800779567218463E-6	0.9566469384490615	6.24377229138144E-7	8.738944530176162E-7	1.5561014801014103E-6	1.7006648246980483E-6	9.431813027530533E-7
92	92	0.028280474576489217	0.15290036823668582	7.650024702039785E-7	0.3825056883611722	0.1740482380917801	4.174015613467102E-6	6.159755740371302E-7	1.195443628554819E-6	0.26225043900300077	2.979339272733754E-6	3.256122795827915E-6	1.8058315171175254E-6
93	93	0.014892171192196236	0.15987491578931035	2.2876193732093856E-7	0.3171703645730672	0.22415433494526307	1.2481736142498724E-6	1.8419779170325914E-7	3.5747858481196133E-7	0.28390379026606605	8.909244747735262E-7	9.736922270719628E-7	5.40005467199165E-7
94	94	1.411696259403056E-4	5.847571887918617E-6	8.386652186859107E-7	0.3962935240624751	0.24347941860531952	0.034296194012317635	6.752883939934009E-7	1.3105539278863779E-6	0.3257722060178298	3.2662224241452926E-6	3.569657671697535E-6	1.9797165933457176E-6
95	95	2.0956322377757838E-6	3.061176584333076E-6	4.390373267304445E-7	0.441186365495574	0.22676804790005595	0.02470366219870428	3.535103217175288E-7	6.860688630164906E-7	0.3073306740566204	1.7098521909024437E-6	1.8686991264291922E-6	1.036372394443986E-6
96	96	2.9038250877388004E-6	4.241737268281145E-6	6.083546439268151E-7	0.6252622502563678	0.1525375488779232	0.005475732166061967	4.898436483624115E-7	9.506553394397973E-7	0.21670887958758103	2.3692667056589236E-6	2.5893738924917457E-6	1.4360554800495321E-6
97	97	1.5534971534448007E-6	2.269257470003721E-6	3.254594126952602E-7	0.6147604564296453	0.16991351109612388	0.008571800002631509	2.620580408156015E-7	5.08584477061887E-7	0.2067458925611408	1.2675174887543892E-6	1.3852710992047336E-6	7.68265316621724E-7
98	98	2.6455940841947878E-6	0.031187544528942	5.542549562854316E-7	0.920112804133571	0.0485944264579101	3.0241325113107928E-6	4.462828920928989E-7	8.661155772603975E-7	1.2122376719035482E-6	9.280880540398662E-5	2.3591063665198245E-6	1.3083501133165665E-6
99	99	1.0320100432619773E-6	0.046148154120274516	7.074445079710149E-4	0.8937294527362241	0.059338756642407856	7.190250277264439E-5	1.7408884814468863E-7	3.3785983257912533E-7	4.7287732449165426E-7	8.420297233915785E-7	9.202551056175087E-7	5.103694724418008E-7
100	100	1.7227820482506344E-6	0.2733725025085426	3.6092478984095653E-7	0.3636359635502752	0.3457451534540665	0.01723885891789297	2.906145578160482E-7	5.640050290135843E-7	7.893959666167785E-7	1.4056391224326612E-6	1.5362243673111033E-6	8.519833414786652E-7
101	101	1.7662882909617417E-4	0.7400538166301638	5.322071284039458E-7	0.23538004652519595	0.024291009253653524	2.903834889532109E-6	4.285301083248296E-7	8.316621782310221E-7	1.1640158071489127E-6	2.072706508333161E-6	2.2652629637079956E-6	8.830054230681343E-5
102	102	2.073595538369215E-6	3.0289866671313E-6	4.3442061325227674E-7	0.09237635300653947	0.9060460740738344	2.3702909378102637E-6	3.497929706688177E-7	6.788544801519917E-7	9.501422167971577E-7	0.0015648123130696516	1.849048750667582E-6	1.0254743816543625E-6
103	103	1.392103792504156E-6	2.033503520206363E-6	0.002289886108529554	0.01951606371926724	0.978184639179794	1.5912895947195914E-6	2.3483273958156655E-7	4.5574745840804195E-7	6.378758822281551E-7	1.135834654893062E-6	1.2413548016957037E-6	6.884499650011816E-7
104	104	0.02669661842339192	2.0654241602992713E-6	2.9622541428782845E-7	0.3299422035299908	0.643352737057192	1.6162686429149341E-6	2.3851899401276325E-7	4.6290149106574024E-7	6.478888506141085E-7	1.153664262200658E-6	1.2608407969048544E-6	6.992568130525427E-7
105	105	0.014617807058170298	2.732872629371029E-6	3.9195161090494864E-7	9.153346093399575E-6	0.06866061061553179	2.1385710600445715E-6	0.9167015758550373	6.124895986717319E-7	8.572562192074874E-7	1.5264745838912192E-6	1.6682855609456817E-6	9.252239041377417E-7
106	106	1.5773423260751409E-6	2.304089098754981E-6	3.3045500336157E-7	0.17247172461421137	0.8275172816765529	1.8030325355834955E-6	2.660804615896341E-7	5.163909185643772E-7	7.227540311567588E-7	1.2869730592163647E-6	1.406534111130511E-6	7.800576904024713E-7
107	107	3.830803473816351E-6	5.595812892091562E-6	8.025576654418588E-7	0.1438807571987008	0.8560925429918573	4.378924718202307E-6	6.462148005046756E-7	1.254129868946024E-6	1.7553124692719283E-6	3.125599804464542E-6	3.415971073550762E-6	1.8944826755562467E-6
108	108	0.028698936730919437	0.07106993522706452	5.500169274824696E-7	0.3709958793983575	0.5292234108044694	3.0010089279461926E-6	4.42870455759204E-7	8.594929522004001E-7	1.2029684752796804E-6	2.1420676357815406E-6	2.3410678075188053E-6	1.2983460070804127E-6
109	109	1.8289079556023962E-6	0.030834740164690573	3.831582875991379E-7	0.5719688873067299	0.2489166337841862	0.14827175383544677	3.085168418972974E-7	5.987485681140774E-7	8.380239188885675E-7	1.492228559226931E-6	1.6308580472024895E-6	9.044667680704515E-7
110	110	1.6277520767137783E-6	0.08695447970528691	3.4101590320009574E-7	0.44352503564009194	0.4695115173258492	1.860655043399078E-6	2.745840371907037E-7	5.328940815154786E-7	7.458522831223543E-7	1.3281029965300805E-6	1.4514850597196183E-6	8.049872906591163E-7
111	111	3.467310010600599E-4	0.06273086422415644	0.0012597980834107235	0.13027577885727043	0.7039578257617468	3.818552997410964E-6	5.635185855516354E-7	1.0936386620897392E-6	1.530684842118698E-6	0.10141736480316418	2.978828690010325E-6	1.6520454140756087E-6
112	112	1.9284902721946974E-6	0.06310821877059926	0.002048851616812814	0.12047136963405258	0.705661459403051	2.2044236357844795E-6	3.253152935250909E-7	6.313498640330315E-7	8.836535324221775E-7	0.10870145397202151	1.7196567327110384E-6	9.537141321979373E-7
113	113	3.050421431627196E-6	4.45587660397694E-6	6.390667439647152E-7	2.2396725120528167E-4	0.7668809120363038	0.06731532073906138	5.145728540677043E-7	9.986481051364314E-7	1.3977336117781324E-6	0.09867076707453833	2.720095521422551E-6	0.0668952564840192
114	114	1.7259404221609578E-6	2.521152476581796E-6	3.6158647275144434E-7	8.444221265334204E-6	0.7874351665646332	0.07889295118610332	2.911473410768782E-7	5.650390186414287E-7	7.908431651340887E-7	0.11159606791634881	1.5390407252868816E-6	0.022059575362027902
115	115	1.5302819502426713E-6	2.2353460636215027E-6	3.205958013374847E-7	0.49640494019037085	0.42519481000964837	0.05033887347074466	2.5814188901912365E-7	5.009842751855854E-7	7.011904962294337E-7	0.028053708434434912	1.364569838190664E-6	7.567844874493162E-7
116	116	1.7773389438486606E-6	2.5962324205831946E-6	3.723545212443499E-7	0.030519502684053255	3.964897719158639E-6	2.031645185413025E-6	0.9694644445967825	5.818658858270744E-7	8.143944818845374E-7	1.4501527664707626E-6	1.58487337227818E-6	8.789638676917795E-7
117	117	1.35923233320108E-6	0.014439788183487146	2.847607128851751E-7	0.8483905659685709	0.13329655256332198	1.5537148022121015E-6	2.2928768260826454E-7	4.449859878106579E-7	6.228138507790784E-7	0.003866714252565282	1.2120429471742697E-6	6.721937381820359E-7
118	118	3.4252614628933024E-6	0.099648080484773	7.175961549520618E-7	0.9003254085676747	7.641092549482804E-6	3.915356710070773E-6	5.77804282586923E-7	1.1213633742700789E-6	1.5694890634375194E-6	2.794713075686347E-6	3.0543446450765686E-6	1.6939262337666177E-6
119	119	7.733237730399948E-4	0.11647619890239108	3.370308013646236E-7	0.8824640222382414	3.588764415028789E-6	2.774514267782723E-4	2.7137525619154314E-7	5.266666969201228E-7	7.371362752336607E-7	1.3125828238944289E-6	1.434523047914981E-6	7.955802328080486E-7
120	120	2.2883788336993796E-6	3.3427294997327057E-6	4.794179568263549E-7	1.1195970012957324E-5	0.9191317387557892	2.615805981170406E-6	3.860245720266516E-7	0.0043917312121457275	1.0485580710849695E-6	1.8671165159057365E-6	0.0764521743374703	1.1316931513675762E-6
121	121	8.879235510677714E-7	0.018347179170292542	1.860209893581083E-7	3.4768544180474096E-5	0.9133409226642306	1.014969943569345E-6	1.4978302706952455E-7	3.071503724004672E-5	4.0685545254472837E-7	7.244677772081231E-7	0.06824260545026885	4.3911304670517743E-7
122	122	0.01933569242486737	0.003004599489536268	6.793261089717067E-7	0.23789388228169941	0.7397512048843704	3.7065472281778403E-6	5.46989462427073E-7	1.0615600606683375E-6	1.485786805267768E-6	2.6456685230220967E-6	2.8914537081613055E-6	1.6035876297952673E-6
123	123	0.01244638858524585	0.005647420605279357	2.5196203562702716E-7	0.3482650434614187	0.6336357244493953	1.3747582676795075E-6	2.0287837696725224E-7	3.937325980760806E-7	5.510782862883253E-7	9.81278384344803E-7	1.07244010293145E-6	5.947706089511763E-7
124	124	2.4192689572057945E-6	3.5339261104622507E-6	5.068395859098365E-7	1.1836354321791837E-5	0.9999713019035953	2.7654242012405153E-6	4.0810430950936466E-7	7.920211728384637E-7	1.1085332349026181E-6	1.9739113821092027E-6	2.1572896739391687E-6	1.196423454835033E-6
125	125	6.9747268621642E-7	1.0188271666996725E-6	1.4612131752132456E-7	3.412408454727768E-6	0.9999678277439954	2.4695893986790466E-5	1.1765604157495122E-7	2.2833886795205623E-7	3.1958896128717493E-7	5.690765675028496E-7	6.219443354355843E-7	3.4492761890348843E-7
126	126	0.3405686158009463	0.17250727146139927	4.849313876681721E-7	8.837581947033402E-4	0.06504111307891423	2.64588842837006E-6	3.9046395472145106E-7	7.577859683506528E-7	1.0606167608487536E-6	1.8885888400802555E-6	0.42099086848078077	1.144707916115913E-6
127	127	3.758770027182824E-6	0.2423934742705985	7.874665768075621E-7	0.13705389183982333	0.20350095374330288	4.2965845401804315E-6	6.34063543029811E-7	0.005539319441388518	1.722306023510695E-6	3.0668268268760156E-6	0.4114962358280403	1.8588593089072992E-6
128	128	2.5041708006228945E-6	0.2531266963822848	5.246266182413741E-7	0.15969427700397684	0.19323713972817957	2.862474019457816E-6	4.2242632529045677E-7	8.198163699781089E-7	1.1474361087860808E-6	2.043183843355772E-6	0.3939303243407243	1.2384107487737238E-6
129	129	1.1159604606192284E-4	4.6225659196016595E-6	6.629735097164688E-7	0.09760384321577267	0.03958456127027827	3.617323980841223E-6	5.338224438806381E-7	1.0360064038484163E-6	1.4500212489548487E-6	2.5819825310547555E-6	0.862683929785453	1.564986396110326E-6
130	130	2.3772938005252075E-6	3.4726112650241486E-6	4.980457430561419E-7	0.12692168325545677	0.03380997060413035	8.417447282660712E-5	4.0102355799446757E-7	7.782793304008066E-7	1.0892997982555337E-6	1.939663334040449E-6	0.8391724397856646	1.1756650923456333E-6
131	131	0.0039476342744577736	0.46214601365470936	6.34688398249104E-7	0.04786910600459682	6.758275887680005E-6	0.13162869524329926	5.110474353657393E-7	9.918062115567388E-7	1.3881575212860376E-6	2.4718247907720317E-6	0.3543942968048981	1.4982177937300875E-6
132	132	2.7271764122757074E-6	0.22548826160059357	5.713465463953015E-7	1.3342801848295053E-5	6.0838004896020054E-6	0.6622522170508495	4.600449418106303E-7	8.928240302321463E-7	1.249619510656558E-6	2.225136872515509E-6	0.11223061990212853	1.3486957766316505E-6
133	133	0.008367367751261035	4.755961106277366E-7	6.821051947216873E-8	1.5929376855928835E-6	7.263178440106868E-7	0.9916287414948592	5.4922716623433816E-8	1.0659028444924681E-7	1.4918650773722792E-7	2.6564918074423474E-7	2.903282486256178E-7	1.6101478185940682E-7
134	134	0.019378101587919774	0.032693678877424526	6.075083982042142E-7	0.33207533818521967	0.018686150595848824	0.596958250219874	4.891622561904144E-7	9.49332939713421E-7	1.328710835959894E-6	2.3659709605941326E-6	2.0130579045328454E-4	1.4340578692487578E-6
135	135	7.552097573224762E-7	1.1031660916941746E-6	1.5821729929461152E-7	0.3633938857806847	1.684726177107387E-6	0.6365482751979289	1.2739565629064806E-7	2.472408518085731E-7	3.4604466478238345E-7	5.237011088228622E-5	6.734291391113383E-7	3.7348086672614774E-7
136	136	0.15062165948241069	5.128620641139358E-6	7.355524368062419E-7	1.7177543953413425E-5	0.02082008444477301	4.013329989554667E-6	0.606322851445185	1.1494230519458786E-6	1.6087621110920456E-6	2.8646446874184907E-6	3.130772971717288E-6	0.2221995959777882
137	137	0.35266196958389456	2.735503019999567E-6	3.923288644341049E-7	0.042680007214449894	0.03157418626278903	2.1406294352554567E-6	3.1590093743971336E-7	6.130791200724398E-7	8.580813285451949E-7	1.5279438160819243E-6	1.6698912862393065E-6	0.5730735835810584
138	138	0.17168466485625963	3.800110642558802E-6	5.450160654983621E-7	1.2727899401794383E-5	5.803428806981516E-6	0.009184309406576496	0.7214929730334225	8.516782733868936E-7	1.1920308495167034E-6	2.1225915359163996E-6	2.3197823589882934E-6	0.09760869016580669
139	139	0.6519993654825476	2.4626070883466057E-6	3.531898285085988E-7	1.8154422858085147E-4	3.7608286339695495E-6	1.927078560046449E-6	2.843864115911299E-7	5.519178651127678E-7	7.72478460672145E-7	1.375514939873583E-6	1.5033016188232167E-6	0.3478060989854647
140	140	0.07384603589082489	3.0198580612983574E-4	6.068451406775669E-7	1.4171809588675405E-5	6.461795887731544E-6	1.0256260698159278E-4	0.8227956829242994	9.482964894858679E-7	1.3272601935238497E-6	2.363387871945347E-6	2.5829489093947073E-6	0.10292527042768285
141	141	0.4477142288546158	3.5883609664419656E-6	5.146466930766051E-7	0.15766649311753395	5.480050283082014E-6	2.8080214325950935E-6	4.1439054714378354E-7	8.042210766080157E-7	1.125608534471561E-6	2.0043165401241732E-6	2.1905195007767326E-6	0.39460034789227594
142	142	0.03169186582469665	0.3909140619305681	8.351141790425731E-7	1.9502634752879436E-5	8.892445545330357E-6	0.028004622604412752	0.549348309652547	1.3050048376785493E-6	1.8265183859805949E-6	3.2523927277972413E-6	3.5545431830757176E-6	1.9713341638030224E-6
143	143	0.10069718502145732	0.8218135763536661	3.333375469741174E-7	0.04067855499027772	1.1258635613917E-4	0.03669274172088487	2.6840146907076354E-7	5.208953725104311E-7	7.290585809283182E-7	1.2981992653068372E-6	1.418803242711591E-6	7.868620973263026E-7
144	144	2.2760646023271366E-6	0.7079044976238259	4.768381114102776E-7	0.2604925632232328	5.077457725020736E-6	0.03158792452557881	3.8394729538639237E-7	7.451388777679854E-7	1.042915567097245E-6	1.8570691826420256E-6	2.029592720228135E-6	1.1256032806245425E-6
145	145	2.720072520925302E-4	0.662425482592606	0.006016849808806997	0.15535909548078383	0.024340435881527595	0.025145745146324575	4.4207509997763E-7	8.579493796277326E-7	1.200808051346626E-6	2.1382206736360964E-6	2.3368634588395175E-6	0.126433407921195
146	146	1.08217855899529E-6	1.5807829280101622E-6	2.2671763347683836E-7	0.5060046968989019	2.414130020125278E-6	1.2370194592029353E-6	1.8255173004604623E-7	3.5428401995701635E-7	0.49398584230319925	8.829628341705824E-7	9.649909422949365E-7	5.351797725693734E-7
147	147	3.4446671013065774E-6	5.0317675407274355E-6	7.21661658172944E-7	1.6853149051594254E-5	7.684382756873974E-6	0.21363851398258993	0.6413764310196255	1.1277163994060328E-6	0.14494260593494365	2.81054637542219E-6	3.071648873794283E-6	1.7035230836267943E-6
148	148	2.1333157195882236E-6	3.1162224029939E-6	4.4693205883973316E-7	0.13765249780968133	0.03136346530623506	0.3712632060730378	3.5986711444996504E-7	6.98405695336365E-7	0.4596362809417072	1.7405986085115845E-6	1.9023019162099299E-6	7.415222582267935E-5
149	149	3.5820747718415684E-6	0.3830716917856535	7.504487207388304E-7	0.028492827746164053	0.010440752540433947	4.0946072718367546E-6	0.5772391682085479	1.1727009737957363E-6	1.641342490120999E-6	7.393528915443263E-4	3.194176858077411E-6	1.7714765699114213E-6
150	150	1.249266840255497E-6	0.7529957160402264	2.617228175974668E-7	0.156203867121167	0.027612420196154747	1.428015162828356E-6	2.1073770227856753E-7	4.0898544374749863E-7	5.724265619827882E-7	0.06318213369097232	1.113985465092935E-6	6.178114858116558E-7
151	151	3.3812125803791987E-6	0.12837328594488462	7.08367864188134E-7	1.65426956847708E-5	1.2339873678007175E-4	3.865005199801821E-6	0.87146871580781	1.1069426346961959E-6	1.549305424871098E-6	2.7587730491321254E-6	3.0150657550163292E-6	1.6721423324594992E-6
152	152	2.2540904741674225E-6	0.6467735082909244	4.7223450667917624E-7	0.35320904542797094	5.028437716247233E-6	2.5766115546937287E-6	3.8024049942516616E-7	7.379449795016013E-7	1.0328468017784908E-6	1.8391402204416083E-6	2.009998139959756E-6	1.114736211772389E-6
153	153	0.0025975416133629087	0.6762339062113147	3.967586762718866E-7	0.30999450262116257	4.224757538460194E-6	2.164799427504883E-6	3.194677963662296E-7	6.200014380301332E-7	8.677699830683631E-7	1.5451959334190158E-6	1.6887461420966783E-6	0.011162222057224485
