0	0	4.642247850963473E-6	2.159472330285611E-6	0.11112506610529178	0.8888659325674614	2.1996070655807137E-6
1	1	6.253206667912231E-6	2.9088551943884994E-6	4.488348278776076E-6	0.9999833866723218	2.962917537119756E-6
2	2	6.15930336328762E-4	1.0050324606293854E-6	1.550759805260185E-6	0.9993804901599782	1.0237114273402073E-6
3	3	1.1563156700978085E-4	4.028730823763308E-6	6.216310489904411E-6	0.9998700197851329	4.1036065435950945E-6
4	4	1.9020724510766434E-6	8.848025698253186E-7	1.3652457155630141E-6	0.9999949466322522	9.012470115670977E-7
5	5	4.54045406183391E-6	0.02736966849836164	0.2451335641735046	0.7274900754993164	2.1513747555037863E-6
6	6	0.11074058025927523	0.018703553145354445	0.07255085978738726	0.7980006854785298	4.321329453274724E-6
7	7	4.2861411911102095E-6	1.9938192882094644E-6	3.076452684096825E-6	0.9999886127115472	2.0308752894539783E-6
8	8	0.1187534733150014	0.012529193688854714	0.08936072507278124	0.7793528244515762	3.78347178653246E-6
9	9	0.06661635135825239	2.8092631154136296E-6	0.06885239537600854	0.8645255825281277	2.8614744959116187E-6
10	10	5.8518540091055905E-6	2.7221547016089894E-6	0.9407116183138079	0.05927703493034723	2.7727471342367074E-6
11	11	4.03272590369956E-6	1.8759360301837015E-6	0.9402144553060252	0.05977772523092121	1.91080111965304E-6
12	12	9.685264416310522E-6	4.505373515156367E-6	0.7493490710544418	0.25063214919977933	4.589107847335771E-6
13	13	4.021109024850924E-6	1.8705321118141332E-6	0.7257284563902705	0.2742637466718258	1.9052967671031964E-6
14	14	1.072017757581217E-5	4.986792518178456E-6	0.7038961867307779	0.29608302682489546	5.079474232540695E-6
15	15	3.962268324586216E-6	1.843160702920079E-6	0.7135917769059438	0.2864005402483801	1.877416648634488E-6
16	16	3.883024222167464E-6	1.8062980768808215E-6	2.787108440449161E-6	0.9999896837003459	1.8398689146095347E-6
17	17	2.051896090680889E-6	9.544972553602374E-7	1.4727842490946748E-6	0.9999945485854018	9.722370032359225E-7
18	18	6.669423206140726E-6	3.1024700393014347E-6	0.0015699472762749894	0.9984171206996811	3.16013079838691E-6
19	19	2.1701456756420827E-6	1.0095043801389062E-6	1.5576599535632365E-6	0.9999674300413756	2.7832648615269462E-5
20	20	5.759848521359325E-6	2.6793557577780917E-6	0.7119963935778469	0.2879924380651206	2.7291527533643284E-6
21	21	1.9079893458432806E-6	8.875549800670753E-7	0.7129786011230942	0.28701769928200344	9.040505765538942E-7
22	22	2.8812907292188314E-6	0.5407971030054811	0.006229974024023224	0.45296867645592465	1.3652238418650121E-6
23	23	4.031521045881782E-6	0.5691588668691897	0.02285880437665649	0.40797638700287847	1.9102302294605964E-6
24	24	0.19320785716676306	4.93969999473513E-6	0.1651368296194062	0.641645342007362	5.031506474005782E-6
25	25	0.16166184625550778	2.1924081083955336E-6	0.15671242233701876	0.6816213058443956	2.233154969494538E-6
26	26	0.15791648984055756	2.064307667789236E-6	0.06632515089624057	0.7757541922818078	2.102673726317716E-6
27	27	9.819172919235739E-6	0.6379412356616299	0.22862123403757212	0.13342305857100875	4.6525568700144095E-6
28	28	7.337977516886218E-6	0.6067104028951555	0.17447657778453046	0.21880220443511975	3.4769076773583812E-6
29	29	6.005960605446513E-6	2.7938417250934526E-6	0.013950554325000255	0.9785454033634539	0.007495242509215304
30	30	8.936899674992134E-6	0.6842708995666048	0.006077502021407803	0.3096384269974177	4.234514894636408E-6
31	31	7.3713825761234734E-6	3.4290062099515764E-6	0.9999750094570198	1.069741840794162E-5	3.49273578621499E-6
32	32	4.329691773588083E-6	0.6559612543303707	3.107711875146323E-6	0.3440292567553929	2.051510587698256E-6
33	33	0.03549615839272345	8.331734422796546E-5	0.727301767921273	0.23711567613827925	3.0802034964482568E-6
34	34	0.030589834050666717	0.0012390222549920813	0.6597795274384568	0.30838945943808077	2.156817803613855E-6
35	35	0.02172548085409885	9.234181326812187E-7	0.19311006216394888	0.7851625929835582	9.405802615041227E-7
36	36	8.076582231653456E-6	3.7570496906821193E-6	0.9731379144711051	0.026846425020874518	3.826876098138857E-6
37	37	1.7947230073285622E-6	8.348659527191423E-7	0.9999939155101518	2.6045185875903066E-6	8.503823006479183E-7
38	38	3.5695586300519898E-6	1.660480728388868E-6	0.9615421855870633	0.03845089303209112	1.6913414870852721E-6
39	39	8.414878679507646E-6	3.914417811047217E-6	0.8039487293999865	0.1960349541345492	3.987168973670373E-6
40	40	2.3372952200885582E-6	1.0872586982710358E-6	0.9999920760758173	3.391904388893909E-6	1.1074658754783652E-6
41	41	3.8560232431172604E-6	1.793737811030855E-6	0.7990470735286129	0.20094544963512218	1.8270752107395228E-6
42	42	9.976466839736862E-6	3.7431145074855296E-4	0.7864197850322402	0.2131911999637137	4.727086457837979E-6
43	43	2.5821741303815494E-6	1.201171020065413E-6	0.9999912458846191	3.747274922933201E-6	1.2234953074657972E-6
44	44	6.484736809673926E-5	2.2593535437356863E-6	0.8200123212515343	0.17991827068221022	2.3013446149544085E-6
45	45	8.183526202509821E-6	3.8067976906531382E-6	0.22268109272018471	0.7773030394072358	3.877548686391141E-6
46	46	2.58456462534476E-6	1.2022830261224934E-6	0.9999912377803366	3.7507440312801706E-6	1.224627980640544E-6
47	47	4.286822023321067E-6	1.994135996487031E-6	0.1380923532660997	0.8618463862358475	5.49795400329484E-5
48	48	5.209485481136448E-6	0.016603316375547496	3.7391991716106703E-6	0.9833852665620999	2.4683776998183453E-6
49	49	3.549215994651637E-6	1.6510177786105545E-6	0.9999879674085634	5.150654998958675E-6	1.681702664257262E-6
50	50	4.398374728687499E-6	2.0460278791139607E-6	3.1570102655039603E-6	0.9999883145329269	2.084054199795633E-6
51	51	9.217725236882105E-6	4.287884498258969E-6	2.3432018729706443E-4	0.9921197224906149	0.007632451712352978
52	52	3.35257076717653E-6	1.5595427128130487E-6	2.4063662104031665E-6	0.9999910929928152	1.5885274944573124E-6
53	53	3.1761981214830706E-6	1.4774980093801536E-6	0.10886708135986702	0.8911267599860477	1.5049579544203712E-6
54	54	1.149652411902977E-5	5.347931977469355E-6	0.7868214174889313	0.21315629072934592	5.447325626224076E-6
55	55	3.257605240465171E-6	1.5153668234921852E-6	0.686389161263435	0.313604522233924	1.5435305769623652E-6
56	56	0.015239137833612203	2.0940349849369667E-6	0.7056337739385018	0.2791228612393624	2.1329535386227246E-6
57	57	7.885431368974605E-6	3.668130483410683E-6	0.5487363014573604	0.45124840867649857	3.736304288610638E-6
58	58	3.6006737353607757E-6	1.6749547959366186E-6	0.43081675899977895	0.5691762592871282	1.7060845614924883E-6
59	59	1.0285199438023384E-6	4.784450186835872E-7	7.382381495786007E-7	0.9999972674597599	4.873371280701365E-7
60	60	1.6783471524954616E-6	7.80730446280541E-7	1.2046629758371304E-6	0.9999955410187633	7.952406622063698E-7
61	61	5.759848521359325E-6	2.6793557577780917E-6	1.464188560239788E-4	0.9998424127869435	2.7291527533643284E-6
62	62	1.5874243858941897E-6	7.384351606835617E-7	1.1394015724246268E-6	0.9999957825795809	7.521593002758997E-7
63	63	2.7452124578332746E-4	4.968372456944727E-6	0.020323397460028494	0.9793920522099048	5.0607118264334674E-6
64	64	5.324850426054349E-5	1.8552363855416539E-6	2.862619993539804E-6	0.9999401439225973	1.8897167630854165E-6
65	65	5.168909363315891E-6	2.4044637654403235E-6	0.20283410912471952	0.7971558683503783	2.449151773431539E-6
66	66	2.145702132166225E-6	9.981337774729386E-7	0.17136650898652153	0.8286293304930398	1.0166845291478528E-6
67	67	3.4816026722981173E-6	1.619565537483273E-6	0.5928382617666604	0.4071549873992603	1.6496658695080711E-6
68	68	8.447364041233846E-6	3.929529291958881E-6	0.6406349167734519	0.3593487037719069	4.002561308046933E-6
69	69	2.649002567071542E-6	1.2322581495210993E-6	0.5370179466835351	0.46297691689554343	1.255160204783702E-6
70	70	0.09549721580417897	0.09707756168022032	0.7234962407090576	0.08392708470710024	1.8970994429166107E-6
71	71	0.059892032976458974	0.07625164422878426	0.612171273980661	0.25168301750865774	2.031305438148391E-6
72	72	0.11928472792031442	4.645413918457214E-6	7.167849264319604E-6	0.8804520368036807	2.5142201282215876E-4
73	73	1.0242261672721623E-6	4.764476476023726E-7	7.351562164965617E-7	0.9999972788673337	4.85302634976055E-7
74	74	0.16686381955085752	6.090087985527675E-7	3.2434799344350097E-4	0.8328106031194078	6.203274927446357E-7
75	75	0.17616222255391914	2.2278127601732794E-6	3.437503381690732E-6	0.8238298429123068	2.2692176321703106E-6
76	76	0.4228522167589486	2.837198435602136E-6	4.377782276528219E-6	0.577137678331333	2.889929006212184E-6
77	77	0.18728232139476672	2.7497810388780025E-6	0.6671171316147053	0.1455949963225701	2.8008869190354316E-6
78	78	0.16409605131097513	2.678784033109017E-6	0.7102796698981481	0.12561887143644082	2.7285704029428726E-6
79	79	0.7115679320019612	2.899672871551524E-6	0.14244000136991014	0.14598621339070036	2.9535645568072077E-6
80	80	0.06960649565857034	0.03562485455389602	0.20399921410006489	0.6907641801550878	5.255532380968492E-6
81	81	0.03791821116810182	0.015432245572269097	0.1528837298797561	0.7937624311938469	3.382186026090546E-6
82	82	0.0420646325678075	3.762304131050442E-6	0.7018805866695754	0.2560471862302914	3.832228194573594E-6
83	83	0.022181995762740974	1.965311382167624E-6	0.7087002246207936	0.2691138124675317	2.0018375515422125E-6
84	84	0.047571518683611064	0.01825470848240111	0.8854111592792945	0.04875958251244503	3.031042248371043E-6
85	85	0.01590343713618387	0.04294825742507713	0.8288985504244241	0.11224818295645318	1.5720578617044041E-6
86	86	0.6787781934355582	4.041701161913941E-6	0.05194685930991357	0.2692667887354251	4.116817941138369E-6
87	87	0.6036614374257179	2.8210469967052722E-6	0.05640744205973754	0.33992542599016207	2.8734773857776043E-6
88	88	0.8253964321644199	4.806063961980644E-6	7.415731437253024E-6	0.17458645065342351	4.895386757285881E-6
89	89	0.8257423223655619	2.6546156875779215E-6	4.096058055807441E-6	0.17424822300781664	2.703952878167011E-6
90	90	0.17291527386295943	3.7339553619251365E-6	5.761473501346474E-6	0.8270714273556261	3.803352551207378E-6
91	91	5.290850006612547E-6	2.4611878899572216E-6	3.7975999805505115E-6	0.9999859434319823	2.506930140547615E-6
92	92	1.0130002169657931E-5	0.4365481068180299	0.07245170361751055	0.472217271998769	0.018772787563520854
93	93	3.029196655369245E-6	0.4728132752721932	0.10700873730432153	0.40401029381827425	0.016164664408555688
94	94	1.1105439357710227E-5	0.5632167819964996	7.971123021090338E-6	0.436758879420725	5.262020396547277E-6
95	95	5.813615749942482E-6	0.5262001042790412	4.1728242213097555E-6	0.47378715465204685	2.7546289406953554E-6
96	96	8.055688282512026E-6	0.35093740727241707	5.782110932412405E-6	0.6490449379523182	3.816976049792702E-6
97	97	1.6400020235315808E-4	0.3502566362986526	3.0933199797713385E-6	0.6495742281690262	2.0420099882459863E-6
98	98	0.03971242446998171	9.406496513886573E-5	5.267916407172139E-6	0.9601847651104254	3.4775380468352316E-6
99	99	0.050145489033519855	1.3317823375262953E-6	0.01354551458728424	0.9362355850358506	7.207956100778725E-5
100	100	0.28293901175989594	2.2232099316169613E-6	0.2769755603540638	0.44008094014685056	2.26452925803736E-6
101	101	0.8168357668563391	3.2782751859129593E-6	9.210319509093883E-5	0.1830655124700238	3.339203360340514E-6
102	102	5.752482113559181E-6	2.6759290657252944E-6	0.8807563720322447	0.1192324738942014	2.7256623747448877E-6
103	103	3.861909084855399E-6	1.7964757760818402E-6	0.9144606931028575	0.08553181864821942	1.829864062065376E-6
104	104	3.922531099444611E-6	1.8246758135021613E-6	0.5958265477346493	0.40416584647022835	1.8585882094829883E-6
105	105	5.190116052596348E-6	2.414328654215835E-6	0.07013493081930104	0.9298550055359867	2.4592000054683504E-6
106	106	4.375791327532155E-6	2.0355225740366835E-6	0.7811478926020797	0.2188436227303697	2.0733536490407163E-6
107	107	1.0627305321746328E-5	4.943590373582747E-6	0.8004452468871182	0.19953414674802922	5.035469157241401E-6
108	108	0.15833288072715257	0.004141443370497966	0.3298802084164435	0.5076420165385294	3.4509473766168176E-6
109	109	0.2138879378967608	2.360163607943304E-6	0.08147089149621914	0.7046364064151339	2.404028278182172E-6
110	110	0.045404978584013794	5.787509994374405E-5	0.40063165070126533	0.5153073850412877	0.03859811057348945
111	111	0.16312118928707686	0.0010344915124190284	0.6078131820729702	0.2280267460540036	4.3910735302686286E-6
112	112	0.15648112852971802	0.017117026956754655	0.622338672274743	0.20406063731274854	2.5349260357801154E-6
113	113	0.06178116592983255	0.015995854691024044	0.7458774996926408	1.2280675216529142E-5	0.17633319901128608
114	114	0.07741766005585024	2.2272857582355963E-6	0.7604119229719467	6.948429431462635E-6	0.1621612412570134
115	115	4.24523803486583E-6	0.09281143063368538	0.2880794032485529	0.6191029093853223	2.0114944045102723E-6
116	116	4.9306155062209485E-6	2.293614666599821E-6	3.539035377514896E-6	0.9999869004919539	2.3362424957328633E-6
117	117	3.7707182890503344E-6	0.023102323053302773	0.043735436919554165	0.9331566826531524	1.7866557015451342E-6
118	118	0.03944458255989826	4.420240085428902E-6	6.820407223255577E-6	0.9605396744006174	4.502392175678665E-6
119	119	0.05281204991473474	2.0760280686312855E-6	3.203300400276842E-6	0.9471805561448404	2.1146119559222604E-6
120	120	0.1387936015653429	2.9531038567407855E-6	0.8611912245891299	9.212753090379614E-6	3.007988580164661E-6
121	121	0.1388899467177568	1.145841991149455E-6	0.838803064783336	0.022304675518951666	1.1671379644109942E-6
122	122	0.005897666759129896	4.184502659126452E-6	0.6469825479097859	0.34711133855495857	4.262273466471541E-6
123	123	0.02007229401098042	1.552023385501825E-6	0.5599139491251622	0.42001062397205474	1.5808684171678183E-6
124	124	6.711441127790367E-6	0.009536142773343312	0.9904442260403543	9.739705289044618E-6	3.180039885602575E-6
125	125	1.934892406482241E-6	0.01727963852623686	0.9827147018497594	2.8079337129418957E-6	9.167978843597282E-7
126	126	0.5704228461698145	0.03450398050302682	0.39490218678572814	1.679439599855818E-4	3.0425814449194377E-6
127	127	0.6714139175333221	4.850631424950703E-6	0.18302385882830893	0.1356352887878435	0.009922084219100458
128	128	0.6732329715742792	3.231580647501161E-6	0.1693840549534027	0.15737645025068703	3.291640983562555E-6
129	129	0.26415019607618645	0.018112300793414353	0.06137906072207488	0.1501916656712627	0.5061667767370617
130	130	0.25505019019224134	0.019389965214763324	0.06117935519707977	0.17636517071789706	0.4880153186780185
131	131	0.9300084760048913	3.909541719280842E-6	6.032402328032093E-6	0.03624057302965718	0.03374100902140425
132	132	0.9829692584846863	0.002059338098976163	9.39893424662188E-4	0.014027925215810666	3.584775864708328E-6
133	133	0.9467827579054423	4.201588174661789E-7	0.04261682048866157	0.010599573479426146	4.279676523766397E-7
134	134	0.6471448457291062	3.7421175542230196E-6	0.03408652377256027	0.3187610767143378	3.811666441409749E-6
135	135	0.656605490655389	9.745779817324375E-7	1.5037687043618557E-6	0.34339103830698625	9.926909386676593E-7
136	136	9.740027314997652E-6	4.53084801980104E-6	0.030203087926506587	0.7670671767586076	0.20271546443955102
137	137	1.3352912832579431E-4	2.41665245792064E-6	0.12115104070338324	0.22279539228901477	0.6559176212268183
138	138	7.216967925706645E-6	3.3571758864377943E-6	0.014178409388333677	0.8633295023335965	0.12248151413425765
139	139	0.03951636644535943	2.1755642128216954E-6	0.4074243317101528	0.13413857546895439	0.41891855081132057
140	140	8.03569964141932E-6	3.738032002433807E-6	0.008243709215846459	0.8856399937366382	0.10610452331587154
141	141	6.814821543861864E-6	3.1701061710329953E-6	0.1535359467486829	0.3316504367980151	0.5148036315255872
142	142	0.33260078433616647	5.144133966239912E-6	7.937371677251939E-6	0.66738089441825	5.239739940052171E-6
143	143	0.9203344709872293	2.0532784188955495E-6	0.07758326837836094	0.002078115916496735	2.0914394940219995E-6
144	144	0.791905910240688	2.93721250743599E-6	4.532103463789394E-6	0.20808362864145755	2.991801883200678E-6
145	145	0.36592665752695314	3.381895732080332E-6	0.061425797632423805	0.15589669929725386	0.4167474636476371
146	146	3.002126520741351E-6	0.5727843057948901	2.154828733101226E-6	0.42720911477115203	1.422478704022535E-6
147	147	0.09561486799411882	0.20136575653445524	6.859048240139346E-6	0.7028899572734392	1.2255914974656284E-4
148	148	0.3337697334314652	0.6254992416763608	4.247860025561603E-6	0.04072397286941791	2.8041627305264575E-6
149	149	0.3541135616983422	4.6226068764407565E-6	7.132658118340246E-6	0.6458699745166212	4.70852004178089E-6
150	150	0.9418589832616817	1.6121475739817754E-6	0.006038102132443163	0.05209966034826116	1.6421100399189253E-6
151	151	0.11227477936506508	4.363395253616829E-6	6.732695946491706E-6	0.887709680052877	4.444490857869677E-6
152	152	0.6718820962397788	2.9088551943884994E-6	4.488348278776076E-6	0.3281075436392109	2.962917537119756E-6
153	153	0.7335390651153488	2.4439391842245136E-6	3.7709853182476698E-6	0.2659330983902687	5.216215698799995E-4
154	154	0.02768907931726911	0.7614872957392028	7.024030196887508E-6	0.21081196410242456	4.636810906592979E-6
155	155	0.0035584737759454194	0.7248073579899433	6.874464872000301E-6	0.2716227556916966	4.538077542662904E-6
156	156	0.05227961181328746	0.8107274249699487	5.338572566639589E-6	0.1369841004635192	3.524180678152765E-6
157	157	0.28129324308787357	3.832754011884543E-6	5.913919299042473E-6	0.7186931062513983	3.9039874171756795E-6
158	158	0.7701888572440353	2.6393607003537966E-6	0.025162922640806953	0.20464289234008706	2.688414370350571E-6
159	159	5.440530677955362E-6	2.5308160697788355E-6	0.824123648649213	7.895348317945711E-6	0.17586048465572138
160	160	4.161233681232895E-6	1.9357150421449304E-6	0.8287305963875872	6.038820712623639E-6	0.17125726784297682
161	161	0.10899944021694279	3.9852476404952555E-6	0.2128028926652891	0.2830712535648549	0.3951224283052727
162	162	0.059134421152941354	2.7628931661279408E-6	0.24040629117665402	0.30027273311720065	0.40018379166003787
163	163	0.8770188315348975	4.397530719383261E-6	0.12295857276407926	1.3718909557671396E-5	4.479260746158453E-6
164	164	0.679797564538358	3.3073518630991463E-6	0.1669449888153002	0.08932008309444124	0.06393405620003739
165	165	0.6014186356675778	0.17574696348824542	0.11395309156438385	0.03195656646925838	0.07692474281053453
166	166	0.0855957865616523	0.5342794664394895	0.010083132035098401	1.426351345407621E-5	0.37002735145030563
167	167	0.4609865020071044	2.787637936164894E-6	4.301310686339218E-6	0.5390035695968698	2.839447403272892E-6
168	168	0.33933067531833155	3.138405987923839E-6	4.842543946901321E-6	0.6606581469971013	3.1967346322909695E-6
169	169	0.2554604568383581	1.278947639304852E-4	3.647434399083128E-6	0.7444055931627863	2.4078005260064676E-6
170	170	7.348819803774812E-5	0.9200986909263305	0.04242599779782297	7.987670651554764E-6	0.03739383540715728
171	171	0.7438276542070226	0.03665832514091315	0.21901582899585403	4.974319297851767E-4	7.597264252368473E-7
172	172	0.9872821410905065	0.01270433749746849	3.6723278922412853E-6	7.4248505310259066E-6	2.4242336017967864E-6
173	173	0.9945730150062563	0.005415628720510195	3.084290225741975E-6	6.235933879657409E-6	2.0360491280569515E-6
174	174	0.9135736626935279	1.9978383745304915E-6	3.0826541131696895E-6	0.08641922184491209	2.0349690722475463E-6
175	175	0.977258273001393	1.3306456341074228E-4	3.794872057054027E-6	0.022602362433797492	2.505129341709015E-6
176	176	0.980388283572062	0.019357815110545788	1.6258951351307243E-4	8.828124053153705E-5	3.0305633476585766E-6
177	177	0.9586226474768652	0.03380926827232452	2.5547892015951E-4	7.396804591462943E-6	0.00730520852605928
178	178	0.9999499415035147	1.5062758344133795E-6	2.324175696952328E-6	4.469377432598435E-5	1.5342706278857251E-6
179	179	0.9999898668707127	1.5166483262739304E-6	2.340180397385245E-6	4.731464666576297E-6	1.5448358970323451E-6
180	180	0.9999775457996987	3.3607708279860677E-6	5.185651726580066E-6	1.0484545526874115E-5	3.4232322199090122E-6
181	181	0.9790510337973196	1.5866779552902366E-6	2.448235746948543E-6	4.707944245110584E-5	0.020897851846526986
182	182	0.9786183442226177	2.6380665637270437E-6	4.07052284467193E-6	8.229936049193533E-6	0.021366717251924704
183	183	0.9970898488116187	0.002892487401857367	4.797369965103771E-6	9.699502870695219E-6	3.1669136882429314E-6
184	184	0.9918382082909846	1.0446457401010104E-6	1.61188288731533E-6	0.008158071119451257	1.0640609368914993E-6
185	185	0.9858486957002239	2.1382617665721923E-6	0.014140317333073534	6.670702641582605E-6	2.1780022942878974E-6
186	186	0.980703558218518	2.3018151490708666E-7	0.019295259046664785	7.180937636067243E-7	2.3445953877479685E-7
187	187	4.465574092658664E-7	2.0772875558411318E-7	3.205243782422973E-7	0.07405885651065848	0.9259401686787986
188	188	3.435946344970106E-6	1.598327210980124E-6	2.466210487260675E-6	0.1117463959340284	0.8882461035819283
189	189	5.939299052002527E-7	2.7628322260796793E-7	5.139377711095927E-4	0.18750590635301803	0.8119792856627446
190	190	6.269670971390916E-6	2.9165140288456616E-6	4.500165820095956E-6	0.30163534205283815	0.6983509715963415
191	191	4.933319463337676E-6	2.294872488405832E-6	0.03851351549977817	7.159278723411241E-6	0.9614720970295467
192	192	1.5019078946952224E-6	6.986547563501404E-7	0.026361617342891438	2.1795825944221612E-6	0.9736340025118632
193	193	0.9403649609825551	2.192791054361215E-6	3.383465073663362E-6	0.059627229216284244	2.2335450326780462E-6
194	194	0.9997587281406274	4.035637960060438E-6	6.22696816491357E-6	2.268986111956103E-4	4.110642052033439E-6
195	195	0.7972673225955708	1.8717406260784297E-6	2.8880859499575196E-6	0.2027260110501111	1.9065277421322908E-6
196	196	0.7871092181730411	5.198810958273751E-6	8.02173798863009E-6	0.21107775961043754	0.0017998016675743445
197	197	0.13914025271202615	1.8496783298982417E-6	0.1412509765361252	0.012136607080736836	0.7074703139927819
198	198	0.15671167630922178	1.5810163229830951E-6	0.12086049766817904	4.691145215950653E-5	0.7223793335541167
199	199	0.1588976596777262	0.7290559678438272	2.290103498838438E-6	0.11200316224611613	4.09201288316884E-5
200	200	0.16856432687745332	0.5663596414416808	4.93214204407086E-6	0.26506784365731473	3.2558815070224857E-6
201	201	0.17573768726164182	0.6365291060836719	2.3460378554593924E-6	0.18768894103924932	4.191957758158463E-5
202	202	4.3443282682093075E-6	0.8941693640647814	3.1182174747417414E-6	0.10582111494376992	2.058445705774189E-6
203	203	0.999997652829103	3.513063646374905E-7	5.420638745048405E-7	1.09596511111399E-6	3.578355466763016E-7
204	204	0.26679181861826956	0.4135626760273236	4.985028735830345E-6	0.11178522042384939	0.2078552999018216
205	205	0.30634533974987993	0.35624645553622636	6.682372981964623E-6	0.07855236516200051	0.2588491571789112
206	206	7.694334482273175E-6	3.5792363845853017E-6	5.5227429323663205E-6	0.011035337677610432	0.9889478660085903
207	207	4.282196473795778E-7	1.9919842918532179E-7	3.073621294362125E-7	3.7645283332053534E-5	0.999961419936462
208	208	4.064306964813116E-6	1.8906268501970334E-6	2.917227294524565E-6	0.16591678266961982	0.8340743451692706
209	209	2.201000828050652E-6	1.0238575232739118E-6	2.8765293901085675E-5	0.11826006309815781	0.8817079467495899
210	210	3.7951101238307215E-6	1.7654023580620163E-6	2.7240065612205933E-6	0.05592738444320595	0.9440643310377509
211	211	1.6274814941912676E-5	5.670324315675942E-7	8.74928062127769E-7	0.019830333156210526	0.9801519500683539
212	212	0.8697984182366779	0.019850215481292104	4.7075965849945394E-6	0.11034355103434194	3.10765110303983E-6
213	213	0.8700361442808442	0.04390581405179964	2.5564773960366542E-6	0.08099470129551341	0.005060783894446663
214	214	0.8134415906740484	0.004069358522652781	3.8743149135037615E-6	0.18248261891600262	2.5575723826572525E-6
215	215	0.8976065702318765	0.016660096788652254	1.5197748904944625E-6	0.08570465749552858	2.715570905233828E-5
216	216	0.9948867064118101	1.7309987565788148E-6	0.005104399248872776	5.400170436848455E-6	1.7631701235915397E-6
217	217	0.5109491085235577	0.00780698962816349	1.998262554481176E-6	0.25662914413572147	0.2246127594500029
218	218	6.868006638290142E-6	0.8399862817737008	4.929631693091659E-6	9.966914602463518E-6	0.1599919536733654
219	219	2.900801924437859E-6	0.8386155050325041	0.00419407800870324	4.003869536770574E-5	0.15714747746150046
220	220	4.2752772124491E-6	0.5875187335971869	3.0686548737070832E-6	6.20432173736905E-6	0.4124677181489897
221	221	1.3247902390535916E-6	0.5875319858904378	9.508913274380513E-7	1.9225478183451005E-6	0.4124638158801774
222	222	0.8287752983446848	3.5741413052279637E-6	5.51488125169282E-6	0.17121197206447783	3.6405682805500527E-6
223	223	0.829235490868497	4.224872168003052E-6	1.186978528208871E-4	0.1706372830132538	4.303393260281192E-6
224	224	0.9996522493420641	2.094966840638815E-6	3.232522825960359E-6	3.402892655559986E-4	2.1339027132692997E-6
225	225	0.9999983895453927	2.410403751400167E-7	3.7192403216299166E-7	7.519699843635981E-7	2.455202156621674E-7
226	226	0.8852499421607807	4.691125489991118E-6	7.238381978980045E-6	0.11473335001964659	4.7783121036542805E-6
227	227	0.9484714767238728	4.015843466279167E-6	6.196425365030028E-6	0.051514220527626976	4.090479668950199E-6
228	228	0.9965847195443057	3.988201760051346E-6	6.153774357578915E-6	1.244193224227521E-5	0.0033926965473343963
229	229	0.845126676542054	0.03231356947237358	7.79052780375356E-6	0.11718441061209277	0.005367552845675821
230	230	0.8610499577495415	0.040019316155936215	0.04524068032971627	0.053689101038298125	9.447265080638067E-7
231	231	0.880959182497544	0.06914216603734025	4.0543354157775116E-6	0.049891920719413056	2.676410286959422E-6
232	232	0.811294755683923	0.03731454651045916	3.6380722444103325E-6	0.12640552506670913	0.02498153466666439
233	233	0.7963847876921291	0.03761512830806482	6.447353114034651E-6	0.10718760053372799	0.058806036112964054
234	234	0.6471402799903919	0.16482740737298962	3.884155211205316E-6	0.16115660009193813	0.02687182838946918
235	235	0.875381375340381	3.6688451471491806E-6	5.661008782104292E-6	0.07229356542356259	0.0523157293821272
236	236	0.7490036577933816	0.13782039288228526	0.04198099100758666	0.029622852940679855	0.04157210537606661
237	237	0.7955283955696634	0.08054934634798963	4.979475734400674E-6	0.11457406914594694	0.009343209460665665
238	238	0.8868583448619817	0.09178576829904188	8.093048960933987E-5	8.98656229086487E-6	0.021265969787076327
239	239	0.45075321164360815	0.01657721370356633	0.007916614453861142	0.5247512735423593	1.6866566051149037E-6
240	240	0.48453248124288834	0.036334935099208585	0.01762206675830621	0.46150771253187367	2.8043677231832087E-6
241	241	0.6873464700657445	3.1507460680062994E-6	4.86158462562088E-6	0.2390226718292825	0.07362284577427947
242	242	0.8001007593570757	0.00473053732924965	4.819651238014278E-6	0.1358606873337611	0.0593031963286756
243	243	0.9092733959032635	0.042250846583289044	4.748758564602813E-6	9.601218514446419E-6	0.04846140753636842
244	244	0.8476582102146011	0.07905476443010731	3.860416794661547E-6	0.002133580262632593	0.07114958467586441
245	245	8.370950180689628E-5	0.0037023384105985425	2.337638701203474E-6	1.2540534999323614E-4	0.9960862090989
246	246	1.7240214880076876E-6	0.01260691784589122	4.6970796867688624E-4	6.638425981984365E-5	0.9868552659041242
247	247	3.2150455562017973E-6	1.4955689877231681E-6	2.3076550887742945E-6	0.2674937863204817	0.7324991954098855
248	248	2.752011665843445E-6	1.280175732921868E-6	1.975304428517167E-6	0.22876513164781065	0.771228860860362
249	249	4.593782265095829E-6	2.1369271980539196E-6	0.04040199017113475	0.09822315167446258	0.8613681274449395
250	250	5.77134495242447E-6	2.6847036464689257E-6	0.030014836716273936	0.046058039263476645	0.9239186679716506
251	251	0.09131465984483472	0.016154337278299027	1.6883084379720336E-6	3.4134854430336766E-6	0.8925259010829854
252	252	0.08280851725674833	4.208349089397259E-6	6.493460529875503E-6	1.3128722510128768E-5	0.9171676522111223
253	253	0.7943973738083134	1.7157006530411257E-6	2.647317091558063E-6	5.3524451764170995E-6	0.20559291072876548
254	254	0.31814811108812546	1.796390088160209E-6	2.771820465920184E-6	5.604170777281929E-6	0.6818417165305432
255	255	5.22606330227849E-7	0.9790970308706696	3.7510981922156593E-7	0.020901823789914672	2.4762326644145163E-7
256	256	2.432738503155497E-6	0.9999911380192288	1.746140540881212E-6	3.5304125619063573E-6	1.1526891652587003E-6
257	257	3.6072512364981967E-6	0.9999868595037842	2.5891675644641916E-6	5.234876277399661E-6	1.709201137435915E-6
258	258	2.127098918558359E-6	0.9999922514032272	1.52676239198814E-6	3.0868655766969045E-6	1.0078698855941106E-6
259	259	3.756297923211712E-5	0.9999550017478734	2.019371940301735E-6	4.082842072726065E-6	1.3330588814108523E-6
260	260	0.3886908470699896	0.4218706884776335	2.4408319116273493E-6	4.93496568034687E-6	0.189431088654785
261	261	0.7415569569690535	0.15733814997895132	0.010785001119177219	6.529824514037342E-6	0.09031336210830387
262	262	0.7245783949054956	0.12478321624528657	0.005546751703389581	8.140414107429586E-6	0.1450834967317209
263	263	0.013092722210021756	0.4139222752971969	3.880264917783225E-6	2.0816132956327438E-4	0.5727729608983003
264	264	4.8473676385874784E-6	0.4475445343294492	0.008325670164658804	7.034544642282804E-6	0.5441179135936112
265	265	2.849649738616983E-6	0.02534332592794234	2.045385860196833E-6	4.1354379935193205E-6	0.9746476435984652
266	266	3.7414123050583136E-4	0.004789106708326989	4.279139524770587E-6	8.651725092400682E-6	0.99482382119655
267	267	0.4118973838957369	3.0286215012852664E-6	4.673147060940437E-6	0.0040302495277181214	0.5840646648079827
268	268	0.883327072078723	0.025139692179369136	1.1631189926061103E-6	0.024700958287767177	0.0668311143351482
269	269	0.9812626457144112	0.01752426378505529	1.288235069470192E-4	3.7297883797188876E-6	0.0010805372052066537
270	270	0.99028164269617	2.7467728181009434E-6	4.238256023914582E-6	8.569065294052544E-6	0.00970280320969397
271	271	0.9527589730794374	2.4297488740953203E-6	3.7490897442890452E-6	7.580050528047821E-6	0.04722726803141627
272	272	0.9656458668314006	0.013215138513078468	6.561648103347207E-6	1.3266586708521943E-5	0.02111916642070911
273	273	0.8130811364456848	0.03478628493810514	3.509328508910505E-6	7.095292252627785E-6	0.1521219739954485
274	274	0.8006958306670654	0.01202548795880334	7.201604010322793E-6	0.029508945207267597	0.15776253456285325
275	275	0.037152003875121804	1.1591729803424278E-6	1.788597817162019E-6	3.6162542785475877E-6	0.9628414320998021
276	276	0.01656669736506631	1.772130917874771E-6	2.7343886936527884E-6	5.528489813503068E-6	0.9834232676255086
277	277	3.2082932214005696E-6	0.46442968878582164	2.302808482562105E-6	4.655904724827552E-6	0.5355601442077496
278	278	4.0057896294814936E-6	0.4628115251446151	2.8752254552663175E-6	5.813238870487731E-6	0.5371757806014297
279	279	0.8213707462150538	1.5100201853373211E-6	2.3299532107512365E-6	4.710786956323123E-6	0.17862070302459374
280	280	0.7950226113550178	2.4932860917930252E-6	3.847127337305656E-6	7.778266617658932E-6	0.20496326996493544
281	281	0.44000768576831173	0.015273542528143351	8.594619064028617E-5	9.543508257268022E-6	0.5446232820046474
282	282	0.3768331981691922	0.08193350449016028	5.114004847065503E-6	0.07613237457689487	0.46509580875890555
283	283	0.8973420190169777	1.4441288146559844E-6	2.228283172052062E-6	0.10265283760245687	1.4709685786554529E-6
284	284	0.9819743495940063	2.405231555928671E-6	0.002302806631999537	0.01571798860860458	2.4499338336410496E-6
285	285	0.8818314086601419	1.0819798840812335E-6	1.6694892752842022E-6	0.09914630309349394	0.01901953677720487
286	286	0.948514139486088	1.82370389394881E-6	2.8139655247167126E-6	0.05099513499353859	4.8608785095475405E-4
287	287	0.9449622786733851	1.6267007012586652E-6	0.023110332836721103	5.074793383387231E-6	0.031920686995809064
288	288	0.9659407977060378	3.1040042278761976E-6	0.025883911923407853	9.683514678172706E-6	0.008162502851648285
