0	0	0.23451406762279944	1.7055882928840884E-6	3.559580371511546E-7	0.010035643891168358	0.007111553759220836	1.3985100185299457E-6	1.3251722451024976E-6	1.8211342703057626E-6	2.602873081503344E-7	5.176618021819961E-7	6.021303119298457E-7	0.6892096077701454	0.04243270553448029	6.819482806096942E-7	5.624228909921238E-7	0.01668636123386919	2.8638891391890776E-7	5.429859446711543E-7
1	1	2.1374569905738325E-6	2.297458990686356E-6	4.794820626829699E-7	0.005254013750592081	2.2089963687215525E-6	1.8838188729611094E-6	1.7850315351136517E-6	2.453101560333795E-6	3.5061182042961863E-7	6.973000263427313E-7	8.110806719766912E-7	0.982056674859679	0.012670068130606326	9.185969527385352E-7	7.575940412282609E-7	1.3455459475575541E-6	3.8577116638347547E-7	7.314121148730509E-7
2	2	7.385121585291353E-7	7.937944042038686E-7	2.685123545979631E-5	6.940577940148808E-7	7.632297087809984E-7	6.508777244565454E-7	0.0017885499188769877	8.475704242951514E-7	1.2113979062652077E-7	2.409239343143664E-7	2.802362529137763E-7	0.9941473192270726	0.0040307192392462395	3.17384172583092E-7	2.617561022952277E-7	4.648991986800566E-7	1.3328768627418223E-7	2.527099923466734E-7
3	3	2.960344092052967E-6	3.1819443290816452E-6	0.001712180243570839	2.782147682101037E-6	3.0594249981870784E-6	2.6090593147191866E-6	2.472240415786464E-6	3.397506823934017E-6	4.855918204623658E-7	9.65749496937435E-7	1.1233338897827098E-6	0.9717257464196213	0.02653330365496296	1.2722422364565694E-6	1.0492557529882821E-6	1.8635598348897982E-6	5.342869579710759E-7	1.0129941994945653E-6
4	4	0.004017994156005976	6.988347033110575E-7	1.458475238846043E-7	6.110293420971844E-7	6.719263883311141E-7	5.73014799617492E-7	5.429659411980896E-7	7.461776284396773E-7	1.0664813104415141E-7	2.1210278790762537E-7	2.4671226910249733E-7	0.9671724248671492	0.028803766752056634	2.794162731660759E-7	2.3044285411763148E-7	4.0928443417911207E-7	1.1734280337470474E-7	2.2247890837987143E-7
5	5	1.552011167562652E-6	1.6681888928231404E-6	3.481527437565719E-7	1.45858864313132E-6	1.6039560320887642E-6	1.3678440976330555E-6	1.2961144430813268E-6	0.13689484742143077	2.5457984099139843E-7	5.063107387882985E-7	5.889270597038303E-7	0.20139243054268371	0.6616990720851909	6.669948145981104E-7	5.50090325864064E-7	9.770032081522062E-7	2.801091020737162E-7	5.310795844686641E-7
6	6	3.1174076866554677E-6	3.3507651143046304E-6	6.993081378540503E-7	0.013182410307864312	3.221745415236562E-6	2.7474851941975245E-6	2.6034072512456905E-6	0.10037039119093488	5.113553109417782E-7	1.0169881647266783E-6	1.1829333326791355E-6	1.3101858606473797E-5	0.8864096087738439	1.339742139389954E-6	1.1049249168074807E-6	1.9624326001235357E-6	5.626340107320869E-7	1.0667394754951543E-6
7	7	1.4650828027882553E-6	1.5747533972424856E-6	0.8227882453678441	1.376892887149723E-6	1.5141182281131188E-6	0.016730218118229556	1.2235188900000442E-6	1.6814358957338437E-6	2.403207881286136E-7	4.779522027735717E-7	5.559411718820012E-7	6.157458266070381E-6	0.1604624320883527	6.296363407946832E-7	5.192796889917312E-7	9.222811204256162E-7	2.644201516907546E-7	5.013337419078609E-7
8	8	2.7294010602090724E-6	2.9337137695026766E-6	6.122690917335329E-7	0.013810038704388001	2.8207524443184035E-6	2.4055207902553147E-6	2.2793754381639506E-6	0.06706800422263029	4.4770972170322996E-7	8.904092290870934E-7	1.035700112690431E-6	0.2333577749524106	0.6857427421224548	1.1729917877955899E-6	9.674009762326797E-7	1.718179384202562E-6	4.926060431477852E-7	9.339682672390632E-7
9	9	2.064276263683445E-6	2.218800229513273E-6	4.630658980383554E-7	0.010593867363060056	2.133366327661465E-6	1.819322026914109E-6	1.7239168994330468E-6	0.061614566204533365	3.3860782316157845E-7	6.734263657200919E-7	7.833114708167354E-7	0.3467824097395703	0.580992941384705	8.871466858947312E-7	7.316560771572148E-7	1.2994781057525865E-6	3.7256340852271194E-7	7.063705489099032E-7
10	10	2.000268559600703E-6	2.150001149173131E-6	4.487074589602644E-7	0.005567298830520206	2.0672163248719254E-6	1.7629097007256848E-6	1.6704628319211465E-6	0.994405336556916	3.2810849721072247E-7	6.525452093085886E-7	7.590230702229168E-7	8.406739983046629E-6	3.2453579287129855E-6	8.59638632080553E-7	7.089693726201711E-7	1.2591847537830227E-6	3.6101121038706735E-7	6.844678811987939E-7
11	11	1.378461190529339E-6	1.4816476165181835E-6	3.0922138685278934E-7	1.295485418871645E-6	1.424597443472029E-6	1.2148881674884445E-6	1.1511795118574965E-6	0.9999798465186226	2.2611205256266724E-7	4.496937382634736E-7	5.230716845479873E-7	5.793404465555536E-6	2.2364996603258914E-6	5.924096974454866E-7	4.885777765891233E-7	8.677521358145174E-7	2.4878656442209655E-7	4.716928663742679E-7
12	12	3.3105806602784416E-6	3.5583982910024093E-6	7.426413961398605E-7	3.1113019378820886E-6	3.421383770136856E-6	2.917735587567677E-6	4.8126588964249664E-4	0.999473097241152	5.430419031110882E-7	1.080006751856163E-6	1.2562348615261765E-6	1.3913727069438811E-5	5.3712883417131E-6	1.422760467105576E-6	1.1733925839411338E-6	2.0840365027902533E-6	5.974981336954654E-7	1.1328409473829999E-6
13	13	1.3744903443841738E-6	1.4773795277486437E-6	3.083306323212703E-7	1.2917535957945882E-6	1.4204936955350623E-6	0.0021368559730816548	1.1478633816984042E-6	0.8998032737114081	2.2546070584470188E-7	4.4839833389564883E-7	5.215649049618063E-7	0.09804676299328134	2.2300571169188778E-6	5.907031802220624E-7	4.871703614263958E-7	8.652524570080831E-7	2.480699006689987E-7	4.703340905066462E-7
14	14	3.6643259235870564E-6	3.938623595738437E-6	8.219948096885511E-7	3.443753684626762E-6	3.786968671048193E-6	3.2295042014767043E-6	3.0601492134732215E-6	0.9287111359029895	6.010675248119913E-7	1.1954086441569256E-6	1.3904672447452167E-6	0.07125069109478561	5.945226270954185E-6	1.5747866001945726E-6	1.2987730265779614E-6	2.3067219217772346E-6	6.613425635160429E-7	1.2538883285952962E-6
15	15	1.354377593621173E-6	1.4557612120250207E-6	3.03818867516364E-7	1.272851521854544E-6	1.399707783305529E-6	1.193662414369449E-6	1.1310668358365858E-6	0.8878600462286076	2.221615666386448E-7	4.418369753753541E-7	5.139329088673375E-7	0.11212584458460806	2.1974249611797693E-6	5.820594921181338E-7	4.800416565224118E-7	8.525913225839816E-7	2.444399238529787E-7	4.6345174871621255E-7
16	16	0.12628165797969074	1.426646597126827E-6	0.001247274042623464	1.247395024198706E-6	1.3717142135192743E-6	1.1697896657168924E-6	1.1084459725538687E-6	1.5232955224202697E-6	2.1771842829670062E-7	4.3300042080886587E-7	5.036544658084193E-7	0.872457342706435	2.1534773817388853E-6	5.704185459101464E-7	4.7044102432442964E-7	8.355398530039916E-7	2.3955122769186615E-7	4.541829077302672E-7
17	17	0.12796137151576395	7.538808101448411E-7	1.5733570319676026E-7	6.591591591831098E-7	7.248529696546658E-7	6.181502711784168E-7	5.85734511597766E-7	8.049528627797317E-7	1.1504863603805791E-7	2.2880978981750284E-7	2.66145405233083E-7	0.8720312183231793	1.1379589566494288E-6	3.0142545209053944E-7	2.4859447410264383E-7	4.4152312321742674E-7	1.265857108321276E-7	2.400032209260543E-7
18	18	0.22398302453153487	2.4503776936368842E-6	0.0010714013126731756	2.1424990243595863E-6	2.3560270060024436E-6	2.0092057198274723E-6	1.903843103973831E-6	2.6163798213747435E-6	3.739485176401327E-7	7.437122652675464E-7	8.650661423810466E-7	0.7749219999233367	3.698766709703526E-6	9.797386989531737E-7	8.080194453888223E-7	1.4351053877455904E-6	4.1144806709779464E-7	7.800948519238987E-7
19	19	0.213202204391416	7.973264043602405E-7	1.0738363321480492E-4	1.6152299157150157E-4	7.666257108647696E-7	6.537738146939983E-7	6.194899588334405E-7	8.513417016628082E-7	1.2167880394932802E-7	2.419959289885107E-7	2.814831683415882E-7	0.7865219153294911	1.2035386907387893E-6	3.187963782389353E-7	2.6292079001454375E-7	4.6696777466615465E-7	1.33880751841626E-7	2.5383442926353526E-7
20	20	0.8756862229731232	2.1161981110907403E-6	4.4165273002259857E-7	1.8503075669262056E-6	2.0347148575210546E-6	1.7351926440290572E-6	1.6441992558554476E-6	2.2595610669600076E-6	3.2294986553713684E-7	6.422856749966078E-7	7.470894553232104E-7	0.12429297616735117	3.194333324518023E-6	8.461231056221189E-7	6.97822718716686E-7	1.2393874293949575E-6	3.5533527123811515E-7	6.737064479487539E-7
21	21	0.8603363478509103	7.010086064573767E-7	1.4630121971503944E-7	6.129301043274871E-7	6.74016586317515E-7	5.747973079415262E-7	2.411097638347282E-5	7.484988037998769E-7	1.069798871898143E-7	2.1276258759386136E-7	2.4747973038553945E-7	0.13963319536621013	1.0581500572394764E-6	2.8028546857450444E-7	2.3115970524600214E-7	4.105576175441995E-7	1.1770782801965378E-7	2.2317098562879047E-7
22	22	0.007011801659782708	1.0586050091797033E-6	2.2093195805700562E-7	0.7850700532603637	1.0178439008784255E-6	8.680111825230574E-7	3.6410395165825665E-5	1.1303207632098361E-6	1.6155214560479562E-7	3.2129639910004694E-7	3.7372334639446944E-7	0.2078730773706273	1.5979303830781263E-6	4.232638491169389E-7	3.4907819909740363E-7	6.199900350518742E-7	1.7775259135687223E-7	3.370142978473886E-7
23	23	0.0132965776487074	1.4812049468373402E-6	3.09129001233495E-7	0.9281257345456648	1.4241718185875413E-6	1.2145251971361377E-6	1.1508355756466013E-6	1.5815499562737826E-6	2.2604449739703487E-7	4.495593839261973E-7	5.229154071895416E-7	0.058564423616817005	2.2358314646093085E-6	5.922327040708318E-7	4.884318049248634E-7	8.674928787842157E-7	2.487122348258801E-7	4.715519393898176E-7
24	24	0.04000658668095835	3.901429908877259E-6	8.142324488510876E-7	3.4112332131829754E-6	0.004594254464636297	3.1990069566735835E-6	3.0312512421825517E-6	4.165734333364777E-6	5.953914512403839E-7	1.184120016619624E-6	1.3773366162313022E-6	0.03280456400059602	0.922565886610383	1.5599153848430498E-6	1.2865082959988443E-6	2.2849388062423487E-6	6.550972934064546E-7	1.24204745862663E-6
25	25	0.02788540611205748	1.7316013783054117E-6	3.613869949280411E-7	1.5140336419291729E-6	0.006288616641464975	1.4198396446339565E-6	1.3453833470159186E-6	1.8489096259028957E-6	2.642571266635417E-7	5.255570139020214E-7	6.11313810259629E-7	0.24985488889118337	0.7159583465567622	6.923491369889482E-7	5.710007844775125E-7	1.0141418091941043E-6	2.90756825748846E-7	5.512673920874145E-7
26	26	0.006688486950424634	7.689876474365979E-4	3.4027159685546133E-7	1.4255705165447692E-6	1.5676472183898764E-6	1.3368801587740798E-6	1.2667742511404086E-6	1.7408801082415371E-6	2.4881690744887995E-7	4.948493633387044E-7	5.755954954556672E-7	0.4120223918056493	0.5803985766042088	6.51896027613389E-7	5.376379102368422E-7	9.548867493725861E-7	2.737682616771669E-7	1.1014151771560095E-4
27	27	3.3563521850673453E-6	3.60759610017819E-6	7.529090296944596E-7	0.9907330116576032	3.468687239865336E-6	2.9580757032386805E-6	2.802954407837884E-6	0.009221071869465608	5.505499080444499E-7	1.094938741403462E-6	1.2736033509259165E-6	1.4106095891955673E-5	5.44555086019842E-6	1.4424313111874468E-6	1.1896157101097196E-6	2.1128500368004535E-6	6.057590412051061E-7	1.1485034135259228E-6
28	28	2.5082474263205413E-6	2.696005405432268E-6	5.626591108008922E-7	0.9999628073504476	2.5921969335671963E-6	2.2106100195682745E-6	2.0946857754774392E-6	2.8786477119047356E-6	4.114333996465851E-7	8.18262544771886E-7	9.517810262360919E-7	1.0541676428905105E-5	4.069533879894738E-6	1.0779484465386885E-6	8.890159252263678E-7	1.5789614363427306E-6	4.526919322808251E-7	8.582921494095085E-7
29	29	2.052944550131801E-6	2.206620266457213E-6	0.7665928552535459	1.929368595010257E-6	2.121655348588032E-6	1.8093349741005483E-6	1.714453567012436E-6	0.1872366510864259	3.3674905700420093E-7	6.697296344207416E-7	7.79011532206206E-7	0.02715908453016909	0.018993813989965018	8.822767504603573E-7	7.276396975521561E-7	1.29234470315523E-6	3.705182453342974E-7	7.024929726075525E-7
30	30	3.054780369048989E-6	3.3442987840188543E-4	6.85259352049853E-7	0.9874815211363962	0.012145192739199246	2.6922894530011873E-6	2.551105971088876E-6	3.505888784119734E-6	5.010824128523825E-7	9.965573301370903E-7	1.1591687343399081E-6	1.2838648162842945E-5	4.956262319670183E-6	1.3128273226871133E-6	1.0827274724397039E-6	1.923008212272263E-6	5.513309466390715E-7	1.0453091594600776E-6
31	31	2.5196657445111827E-6	2.7082784560252362E-6	5.652205091272976E-7	2.367995744001419E-6	2.6039974158839246E-6	2.220673400211658E-6	2.104221433101495E-6	2.8917522067756853E-6	0.9999606833486294	8.219875289985798E-7	9.561138278932718E-7	1.0589665400991722E-5	4.0880596569933715E-6	1.0828556013219556E-6	8.930630007278757E-7	1.5861493572398972E-6	4.5475272599315095E-7	8.621993607793467E-7
32	32	1.4799691195199498E-6	1.5907540477183836E-6	3.3199201165868446E-7	0.9999780548074194	1.5295027807609474E-6	1.3043508108216197E-6	1.2359507400559515E-6	1.6985205187055274E-6	2.427626237453341E-7	4.828085479982634E-7	5.615899422812407E-7	6.220022561983534E-6	2.4011923265160128E-6	6.360339082065843E-7	5.245559518131603E-7	9.316521736167322E-7	2.6710685453159066E-7	5.064276607335566E-7
33	33	2.2220667043275127E-6	8.05315142729326E-4	4.984620188891245E-7	0.07266695832211935	2.2964379178449683E-6	1.958388502342157E-6	1.8556907380324957E-6	0.9260982526519241	3.6449053981252546E-7	7.249021516203272E-7	8.431867231345519E-7	9.338914476561964E-6	4.050685870205104E-4	9.549589593515172E-7	7.87582862174131E-7	1.3988084262728358E-6	4.0104164345322295E-7	7.603645428977051E-7
34	34	1.5559377833884266E-6	1.6724094403577486E-6	3.490335763832909E-7	0.10401330373850604	1.6080140693446024E-6	1.3713047675001373E-6	1.2993936356480985E-6	0.89585296506845	2.5522393251177704E-7	5.075917139521615E-7	5.904170556273079E-7	1.1898453810131117E-4	2.5244485285074636E-6	6.686823233283623E-7	5.514820641609833E-7	9.794750436255217E-7	2.808177830781663E-7	5.324232252521228E-7
35	35	6.785409411864688E-7	0.007258221868902854	1.5221275166223917E-7	6.376965136587959E-7	7.012512914738994E-7	5.980229013827779E-7	5.666626197509476E-7	0.5122669663526017	1.1130257856629227E-7	2.213595961231122E-7	2.5747953992443495E-7	0.430426099920295	0.05004347341913499	2.916108457999392E-7	2.405000783825259E-7	4.271468467864848E-7	1.224639987961449E-7	2.321885619265295E-7
36	36	2.7607126582174737E-6	2.967369236103596E-6	6.192930223506995E-7	2.5945329610924544E-6	2.853112022361122E-6	2.4331168445997634E-6	2.305524357232864E-6	0.9999596376223515	4.5284583271117067E-7	9.006239740912629E-7	1.0475816298696376E-6	1.1602738729329785E-5	4.4791488979024355E-6	1.1864483104965073E-6	9.784989679944372E-7	1.7378902808416776E-6	4.982572032592168E-7	9.446827200773547E-7
37	37	0.12681989612300293	6.593938586441056E-7	1.3761617889366755E-7	5.765440578741456E-7	6.340041955947904E-7	5.406749807783601E-7	5.123220203327185E-7	7.040648429729482E-7	0.004322729560604153	2.0013212721825698E-7	2.3278831793493249E-7	2.5783022107549653E-6	9.953339272019964E-7	2.636465728705018E-7	0.868848632665021	3.861852324414524E-7	1.107202082763809E-7	2.0992264002984673E-7
38	38	1.2201426721374935E-6	1.3114779686256005E-6	2.7370680569667707E-7	1.1466968033319947E-6	1.2609801011015167E-6	1.0753562778639747E-6	1.0189646653514875E-6	0.9998939833418327	2.001427141451569E-7	3.9804567819395195E-7	4.629960475410696E-7	9.330585953496107E-5	1.9796340227298904E-6	5.243704764468053E-7	4.3246382123063483E-7	7.680893862083723E-7	2.2021302129609912E-7	4.175181705225115E-7
39	39	0.06142821630472609	3.091659389463299E-6	6.452325056431909E-7	2.7032066292384593E-6	2.972616439437749E-6	2.535029495738007E-6	2.4020927156456083E-6	0.9385326070605592	4.718135692877889E-7	9.383471837603815E-7	1.0914602546963457E-6	1.2088726842475613E-5	4.666760906771359E-6	1.2361434548252947E-6	1.0194840214601912E-6	1.810682923867046E-6	5.191270240594695E-7	9.842513584274816E-7
40	40	7.989329874025464E-7	8.587381093320233E-7	1.7921952976578872E-7	7.508416217638398E-7	8.256727858417815E-7	7.041288065852801E-7	6.672043382605044E-7	9.169137749401786E-7	0.9999875335171726	2.606349487351845E-7	3.0316357575589746E-7	3.3577600651347627E-6	1.2962376940498376E-6	3.433507251405549E-7	2.8317148521167173E-7	5.029345845602004E-7	1.441925202573421E-7	2.733852744335518E-7
41	41	0.054439127400777255	1.4167263230624333E-6	2.956722458999361E-7	1.2387211868716946E-6	1.3621759151323153E-6	1.1616554619799766E-6	1.100738325926138E-6	0.9453524117242095	2.1620450993603437E-7	4.2998952599225704E-7	5.001522737836826E-7	1.9604807422089578E-4	2.1385030455148007E-6	5.664521057852846E-7	4.6716978398934504E-7	8.297298757116362E-7	2.3788549362993994E-7	4.5102471919982E-7
42	42	3.4101171046708124E-6	3.665385659674006E-6	7.649697704088417E-7	3.2048468365289105E-6	3.524251638443845E-6	3.0054606895560224E-6	2.8478545285880442E-6	0.9881208347063708	5.593690872936955E-7	1.1124784065387813E-6	1.2940050185679146E-6	1.4332059399278901E-5	0.011834841226881814	1.4655374094761044E-6	1.208671991896128E-6	2.1466954755682205E-6	6.154626075633583E-7	1.1669011233870199E-6
43	43	8.826370869604015E-7	9.487079833152526E-7	1.979963353286676E-7	8.295071955369695E-7	9.12178410416136E-7	7.77900285116397E-7	7.371072453075143E-7	1.0129787054333927E-6	0.9997948669252904	2.8794163658157597E-7	3.3492598202464895E-7	1.9507003231267162E-4	1.4320443395435275E-6	3.7932353354074937E-7	3.128393228949852E-7	5.556269720331242E-7	1.592995508361625E-7	3.02027812155314E-7
44	44	0.005460752994877274	1.7844756976235101E-6	3.7242191994405885E-7	1.5602645465961865E-6	1.7157652659317185E-6	1.463194342598184E-6	1.3864645274692327E-6	0.9945166346330091	2.7232619837504907E-7	5.416048582391034E-7	6.299802319962894E-7	6.977495431458752E-6	2.693608957420956E-6	7.134899664011935E-7	5.884362509697456E-7	1.0451085539224082E-6	2.996350638013048E-7	5.68100300910466E-7
45	45	2.797267536082728E-6	1.0408377488212345E-4	6.274931444197057E-7	0.010817880129020997	2.8908903696305693E-6	2.465333992886273E-6	2.3360520403813275E-6	0.44504574508374856	4.5884201056665036E-7	9.12549227984467E-7	1.0614527650708266E-6	0.5440087861120286	4.538457765276134E-6	1.2021581935785228E-6	9.914553726241784E-7	1.7609018632931444E-6	5.04854677703509E-7	9.571913603195958E-7
46	46	8.834542016916482E-7	9.495862641854659E-7	1.9817963345280042E-7	8.302751244617358E-7	0.03077462639014176	7.786204381575507E-7	7.377896335705359E-7	0.06078229011075853	0.9084312250937461	2.88208202938764E-7	3.3523604485549155E-7	3.7129863012166245E-6	1.4333700764097056E-6	3.7967469808135583E-7	3.131289386646228E-7	5.56141352168101E-7	1.594470248224613E-7	3.0230741900415853E-7
47	47	1.4653155226260223E-6	1.5750035376130039E-6	3.287048639427723E-7	1.3771115985349842E-6	1.514358736941518E-6	1.291436060954239E-6	1.2237132388225433E-6	0.33256839129624804	2.4035896168079707E-7	4.78028122686684E-7	5.560294798869019E-7	0.6674163438245159	2.377417435571686E-6	6.297363548463144E-7	5.193621735344122E-7	9.224276193895741E-7	2.6446215328594546E-7	5.014133758417668E-7
48	48	2.5915716489228666E-4	1.9139932363379736E-6	3.9945236395554474E-7	0.04008805839044446	1.8402957902482945E-6	1.5693932278879223E-6	1.4870943501963634E-6	0.04401341967544135	2.920916785034563E-7	5.809146276511183E-7	6.757043005255437E-7	0.9090611686869621	2.8891115371921484E-6	7.652751851457329E-7	0.006563731077518294	1.1209627041211077E-6	3.2138262585988543E-7	6.093331138957363E-7
49	49	1.2131892061305783E-6	1.3040039922768504E-6	2.7214697911841384E-7	4.3951676550822846E-4	1.253793906840279E-6	1.0692279344380778E-6	1.0131576918519403E-6	1.392344429695433E-6	0.968987843622874	3.9577725733160113E-7	4.603574812885895E-7	0.030559948070092553	1.9683522946192997E-6	5.213821437163261E-7	4.2999925495587303E-7	7.637121247952329E-7	2.1895805022359332E-7	4.151387779545E-7
50	50	1.503446097746521E-6	1.6159884243344497E-6	0.9628720616164166	1.100646874283407E-4	1.5537655190896038E-6	1.3250419287521086E-6	1.2555568171224918E-6	1.72546441145916E-6	2.466136046588704E-7	4.904674144026072E-7	5.704985300843933E-7	0.037002236333792966	2.439282810448347E-6	6.461234121140511E-7	5.328770637180698E-7	9.464311156272466E-7	2.7134401172987065E-7	5.144612007632509E-7
51	51	3.1507700644484783E-6	3.3866248743602695E-6	7.067921067903828E-7	0.012184981390461952	0.01776395868783892	2.776888675629195E-6	2.6312688160441995E-6	0.09358885595700554	5.168278159154234E-7	1.0278719331564126E-6	1.1955930399473647E-6	0.8764355982502536	5.112001866514664E-6	1.3540800085082204E-6	1.1167497809935925E-6	1.983434478728924E-6	5.686552983890051E-7	1.0781556805492865E-6
52	52	0.01080885162590525	1.2317556252827378E-6	2.570686703554512E-7	0.02016717911090028	0.01118156948619382	1.0099873395739798E-6	9.570236698877755E-7	0.06923688551804816	1.8797640517439014E-7	3.7384921055799425E-7	4.348513659288123E-7	0.8861124533822746	1.8592956967886031E-6	0.0024850225302364376	4.0617513772675087E-7	7.213986394095647E-7	2.0682667511848478E-7	3.921380057476796E-7
53	53	1.0856851557541629E-6	1.166955467708607E-6	2.435448105861225E-7	1.0203328888967896E-6	1.1220223738827072E-6	9.56853960347684E-7	9.066766015748821E-7	0.40022978079723115	1.7808734891558625E-7	3.541817641458362E-7	4.1197472022480347E-7	0.5997589091111639	1.7614819327141348E-6	4.6658579803352853E-7	3.8480709004980506E-7	6.834473245967965E-7	1.9594594450673297E-7	3.715084230271442E-7
54	54	0.97140070761723	4.22385131067615E-6	8.815221281943878E-7	0.014203324454006254	4.061213821499355E-6	3.463378823252092E-6	3.2817594654586644E-6	0.012784178177482508	0.0015626040398218262	1.2819778904181296E-6	1.4911622680887861E-6	1.6515721263479992E-5	6.375768378579474E-6	1.6888296846807442E-6	1.3928277270561665E-6	2.4737703859811098E-6	7.092357484314103E-7	1.3446925636431115E-6
55	55	0.8045176278941845	1.1968648380596587E-6	2.497869270494013E-7	0.00575477799499818	1.1507800974216521E-6	9.813783747438086E-7	9.29914957292418E-7	0.02096417387072565	0.0013682027312440636	3.63259534333783E-7	4.225337388192914E-7	0.167385960184276	1.8066291700767426E-6	4.78544512671824E-7	3.9466979525877886E-7	7.009642562299625E-7	2.009680897258185E-7	3.810302799619871E-7
56	56	0.888776193384525	1.6539050531548196E-6	3.4517169167470066E-7	1.4460995021172814E-6	1.5902221852228859E-6	0.014513097443615808	1.28501648470478E-6	1.765949722273809E-6	2.524000053342063E-7	5.019754615026657E-7	5.838843815434998E-7	0.09669580848622303	2.496516748216045E-6	6.612836825840388E-7	5.453801865917425E-7	9.68637634420886E-7	2.7771067254282103E-7	5.265322243535689E-7
57	57	0.6298580717347032	2.8971403397865655E-6	6.046361792024445E-7	0.007599366181362076	2.785587258013839E-6	2.3755321299887195E-6	2.2509593812701485E-6	0.03370186567097884	4.4212830465765755E-7	8.79308855322916E-7	1.0227884559118377E-6	0.3288178459327621	4.373140626430166E-6	1.158368570917895E-6	9.553407773205202E-7	1.6967595328179276E-6	4.864649217186652E-7	9.223248604643333E-7
58	58	0.510109187346945	1.322909798437756E-6	2.760926403778591E-7	0.01014105330061454	1.2719717534640906E-6	1.0847298931667595E-6	1.0278467288840574E-6	0.03104372758637066	2.0188730879408425E-7	4.0151534414293163E-7	4.6703186983150204E-7	0.44869559764117345	1.99689000398127E-6	5.289412844883166E-7	4.3623350163891815E-7	7.74784631842471E-7	2.221325638596054E-7	4.2115757338178933E-7
59	59	3.515687204496669E-7	3.778858340557029E-7	7.886516360301748E-8	0.21983726613083784	3.6333551049413307E-7	3.0985034723345173E-7	2.936018153954681E-7	4.034859089576816E-7	0.0010290545939781435	1.1469184133853338E-7	1.3340647100073267E-7	0.7791300014077979	5.704065731186452E-7	1.5109073853062613E-7	1.2460899511405241E-7	2.2131526817858727E-7	6.345160438311483E-8	1.2030259438262183E-7
60	60	5.736922000723207E-7	6.166366428682818E-7	1.286927038293104E-7	0.5787386443272398	5.928933271230002E-7	5.056158783698752E-7	4.791014149495933E-7	6.584110170894806E-7	9.41040065464098E-8	1.8715491726252375E-7	2.1769357568103607E-7	0.4212552600000428	9.307932783371675E-7	2.465508822494814E-7	2.0333779542260617E-7	3.6114374153814087E-7	1.0354075433704342E-7	1.9631058177616014E-7
61	61	1.968819667435601E-6	2.1161981110907403E-6	4.4165273002259857E-7	0.3107491752033582	2.0347148575210546E-6	1.7351926440290572E-6	1.6441992558554476E-6	2.2595610669600076E-6	9.963079655571758E-4	6.422856749966078E-7	7.470894553232104E-7	0.688233920409324	3.194333324518023E-6	8.461231056221189E-7	6.97822718716686E-7	1.2393874293949575E-6	3.5533527123811515E-7	6.737064479487539E-7
62	62	5.426130661804596E-7	5.832310417743239E-7	1.217209204013458E-7	0.2842614400445108	5.607739936286215E-7	4.782247031373596E-7	4.531466311454533E-7	6.227423359510219E-7	8.900602714413145E-8	1.7701600874783782E-7	2.0590026947060474E-7	0.7157327945090298	8.803685925571649E-7	2.3319426370102953E-7	1.9232219756644152E-7	3.415791828844645E-7	9.793154966788527E-8	1.8567567536704162E-7
63	63	0.02084677805400342	3.92407542789208E-6	8.189585920430968E-7	0.22611178627963371	7.952841425625463E-4	3.2175753212368063E-6	3.048845882928846E-6	4.189913984995133E-6	0.024933200446844623	1.1909931408275393E-6	1.3853312498044196E-6	0.7272821828134656	5.923266277171585E-6	1.5689697813935545E-6	1.293975724290578E-6	2.2982015397510875E-6	6.58899750085386E-7	1.2492568177586855E-6
64	64	1.3632509112511741E-6	1.4652987528766794E-6	0.9424431011225988	0.027980975302042174	1.4088780854494437E-6	1.201482793114327E-6	1.1384771144342289E-6	1.5645661888237217E-6	2.2361707664947767E-7	4.447317071264178E-7	5.172999831325707E-7	0.029512484360106044	5.147184641775426E-5	5.858729033687676E-7	4.831866894246223E-7	8.581771456583602E-7	2.4604139237698283E-7	4.664880914554211E-7
65	65	1.7668273886957145E-6	1.8990854492282015E-6	3.963410933986341E-7	1.6604741108738857E-6	0.27388808554525745	1.5571694751135209E-6	1.475511610213808E-6	2.0277399934425622E-6	3.1950457138216665E-4	5.763899765533198E-7	6.704413478305459E-7	0.7226457874555764	0.0031311712053480084	7.593145791603261E-7	6.262291627189238E-7	1.112231704954671E-6	3.188794280031022E-7	6.045871157550782E-7
66	66	7.334429218867936E-7	7.883457035510718E-7	1.6452856202364678E-7	6.89293697499083E-7	0.23356638076796002	6.46410021152824E-7	6.125123221414368E-7	8.417525985462033E-7	1.203082724742501E-7	2.392702033341265E-7	2.7831267743112974E-7	0.7657898373286477	1.189982610274533E-6	2.681760238418896E-5	6.098150851993896E-4	4.617080744369054E-7	1.3237278349914908E-7	2.5097536044075994E-7
67	67	0.05586149902057	1.279162548719545E-6	2.669625442078603E-7	0.012557862253283725	0.5311686941592763	1.0488590049405072E-6	9.938569076780784E-7	0.052722488809959375	1.9521110568244184E-7	3.882376497402919E-7	4.5158761213531643E-7	0.34497143610672976	1.9308549305642233E-6	5.114497469049472E-7	0.0027095822876175065	7.491633107160635E-7	2.1478687124081285E-7	4.072303309082612E-7
68	68	2.8874507910128908E-6	3.103594509378199E-6	6.477233774882877E-7	2.713642156316465E-6	0.6673348700904028	2.544815787566453E-6	2.411365814973965E-6	3.313849154419326E-6	4.73634970295325E-7	9.41969602904663E-7	1.095673755402971E-6	0.3273135935522204	4.684776588326162E-6	1.2409154942083006E-6	0.005322150090382249	1.8176729299129473E-6	5.21131075121605E-7	9.880509872058882E-7
69	69	9.0548026229253E-7	9.732611129333291E-7	2.0312059882252024E-7	8.50975337525165E-7	0.5806293633071118	7.980328094192465E-7	7.561840213595239E-7	1.0391951997522696E-6	1.4852793975528944E-7	2.9539373822904285E-7	3.4359406661309727E-7	0.41422424353882153	1.4691065029341788E-6	3.89140653297312E-7	0.005137177868102696	5.700069301483237E-7	1.6342231841962235E-7	3.0984447244544806E-7
70	70	0.8600787478743366	1.4710233017836316E-6	3.070040814017814E-7	0.005935582741291634	0.04643728484911755	1.206176680280027E-6	0.0017814318884418533	0.032244581907966335	2.2449069159605186E-7	4.4646916059992916E-7	5.193209423719027E-7	5.751862231261485E-6	0.04881180954761812	5.881617595368412E-7	4.850743767166296E-7	0.004698846294847399	2.4700261341196393E-7	4.6831054157953713E-7
71	71	0.7586813136199989	1.5750869353967052E-6	3.2872226914631E-7	0.004872855830307384	0.04125023036359862	1.2915044435976448E-6	0.006461228069191275	1.681792029606032E-6	2.403716888932879E-7	4.780534346844205E-7	5.560589221231812E-7	0.16002364210565645	0.02870174086960414	6.297696999246308E-7	5.193896742054753E-7	9.224764627205539E-7	2.6447615678303625E-7	5.014399261086486E-7
72	72	0.008020744364676232	3.6690024731689114E-6	7.657246031183295E-7	3.208009214069421E-6	3.527729188166812E-6	3.00842632313177E-6	2.8506646445340536E-6	3.917560978579368E-6	5.599210438547239E-7	1.1135761428446296E-6	1.2952818759707037E-6	0.6375771666997879	0.3456141710597878	1.4669835261939706E-6	1.2098646470699882E-6	2.1488137239290706E-6	0.008758008264802277	1.1680525612225304E-6
73	73	3.5010102354418854E-7	3.7630827087386386E-7	0.9325666914945802	3.290268701430527E-7	3.618186906709117E-7	3.0855681237285817E-7	2.923761134179213E-7	4.0180147292701356E-7	5.742784895341766E-8	1.1421303634017951E-7	1.3284953787992452E-7	0.06742933807326312	5.6802529198203E-7	1.5045997874885657E-7	1.2408878889010353E-7	2.203913414600062E-7	6.318671243458875E-8	1.1980036612616445E-7
74	74	4.475088226599452E-7	4.810076518805365E-7	1.0038679342044339E-7	4.2057125623518713E-7	4.624866692458155E-7	3.944058615734242E-7	3.7372324412250765E-7	5.135937686566195E-7	7.34058667206193E-8	1.4599026563131476E-7	1.6981195794778668E-7	0.2875598846717967	0.7124356658907419	1.9232211110300495E-7	1.586137260021458E-7	2.817103153334968E-7	8.076700548630745E-8	1.5313214527801442E-7
75	75	1.6370230128403645E-6	1.7595644054577519E-6	3.672229075568269E-7	1.5384832435345113E-6	1.6918131718323666E-6	1.4427681402059125E-6	1.3671094737875024E-6	1.8787670230608617E-6	2.6852452290188587E-7	5.340440509499054E-7	6.211857039235273E-7	0.23880580318713046	0.7611779204152892	7.035296419013824E-7	5.80221677138142E-7	1.0305188318172732E-6	2.9545215639191807E-7	5.601696170719117E-7
76	76	2.0848032720762075E-6	2.240863812636499E-6	4.6767059060914266E-7	1.959309597358691E-6	2.1545803624702572E-6	1.837413228742379E-6	1.7410593998268381E-6	2.392672312132069E-6	3.41974913967288E-7	6.801228670093031E-7	7.911006613521687E-7	0.08634011108599857	0.9136391603801525	8.959684060236439E-7	7.389316103310657E-7	1.31240001860518E-6	3.7626815112336356E-7	7.133946446866968E-7
77	77	2.0205685356122588E-6	2.1718207051240303E-6	4.5326122280831386E-7	1.8989414382506694E-6	2.088195728664571E-6	1.7808008106286542E-6	1.6874157331970452E-6	0.7777958786106145	3.314383473903878E-7	7.367086009505688E-5	7.667261109190214E-7	8.492056836712168E-6	0.011320090623438944	0.2107856244629301	7.161644370969083E-7	1.2719637479701906E-6	3.6467497787248094E-7	6.914142892210195E-7
78	78	1.9683995610496654E-6	2.1157465571190493E-6	4.415584902426343E-7	1.8499127486309256E-6	0.15299536510624084	0.0811571929683457	1.6438484169144516E-6	0.7337443329033657	3.2288095455301104E-7	6.42148624194991E-7	7.469300415098288E-7	8.27280077620725E-6	3.1936517182487274E-6	0.03207894552523006	6.976738174306857E-7	1.2391229691285609E-6	3.552594498619554E-7	6.735626925882652E-7
79	79	2.1307097783531165E-6	2.290206707507366E-6	4.779685036980567E-7	2.0024527847923817E-6	2.2020233314345875E-6	0.3448470826300484	1.7793968081267713E-6	0.17869986001363028	3.4950506021410895E-7	6.95098891405283E-7	8.085203709058011E-7	0.1596894538801607	0.04242580747855336	0.27432184995754727	7.552025789458107E-7	1.3412985245212394E-6	3.8455342027691E-7	7.29103299873912E-7
80	80	0.3033148810289118	4.075137118017708E-6	8.504853226909302E-7	0.05192538018584308	0.03973301308218723	0.03767748311365505	3.16621462888468E-6	4.351209428899067E-6	6.219006516506539E-7	1.2368417592059289E-6	1.4386611319192802E-6	0.3393572030575397	0.22796895763742767	1.6293690349982858E-6	1.3437887728633653E-6	2.3866733887824437E-6	6.842648358744532E-7	1.2973483618075634E-6
81	81	0.29711673614208944	2.6225586041458594E-6	5.473306875641612E-7	0.014196774260573933	0.01675377270072529	0.020544474131789944	2.037620619154323E-6	2.800225218372701E-6	4.002247918724515E-7	7.959707621200868E-7	9.258518230671064E-7	0.4744233191781257	0.17695006921024187	1.048582086519382E-6	8.647966206697122E-7	1.5359460675232558E-6	4.403593255556323E-7	8.34909847276009E-7
82	82	0.863601480873807	2.97151922195475E-6	6.201591286812512E-7	2.5981615203387667E-6	2.8571022148792947E-6	0.02757366216440527	2.308748726261698E-6	0.061239264566323594	4.5347915591734273E-7	9.018835331323874E-7	1.0490467151340506E-6	0.04756199362831055	4.485413168733765E-6	1.1881076064283314E-6	9.79867438363119E-7	1.7403207906645203E-6	4.98954036103139E-7	9.460038970560911E-7
83	83	0.8503708499199808	1.552237475646765E-6	3.239535633123835E-7	1.3572059873804922E-6	1.4924692719206483E-6	0.013516594080731647	1.2060249411402646E-6	0.04785320041774744	2.3688466661727044E-7	4.7111841257950326E-7	5.479922905778889E-7	0.08824702825399523	2.343052793610392E-6	6.206337614016339E-7	5.118549958403706E-7	9.090942878503828E-7	2.60639455986765E-7	4.941656410192692E-7
84	84	0.9607781620114016	2.350282751393372E-6	4.905064360646706E-7	2.054980550510863E-6	2.2597861743533626E-6	0.03626805975653448	1.8260734335969633E-6	2.5095038945379703E-6	3.5867317646622515E-7	7.133325256743168E-7	8.297292448148871E-7	9.189862984585991E-6	3.5476765977010354E-6	9.397175672149477E-7	0.0029241887538021412	1.3764830817750582E-6	3.946409150333172E-7	7.482289280091688E-7
85	85	0.9746579117158273	1.2189850081012104E-6	2.5440342936844927E-7	1.0658251572187318E-6	1.172048540295008E-6	0.025326339600570916	9.471014234040286E-7	1.3015657896479993E-6	1.860275001640389E-7	3.699732102754248E-7	4.303429064493872E-7	4.7663648971908796E-6	1.8400188588480432E-6	4.873888580449517E-7	4.019639881398579E-7	7.139193101740602E-7	2.0468233395482252E-7	3.88072390579426E-7
86	86	2.969874695602889E-6	3.192188357807836E-6	6.662130050978644E-7	2.7911045958080013E-6	3.0692745852086403E-6	2.6174589835392986E-6	2.4801996065258813E-6	1.107225864121216E-4	4.871551465433898E-7	9.688586542845678E-7	1.1269503781451441E-6	1.2481806119647848E-5	0.9998506755356468	1.2763381239608916E-6	1.0526337524009353E-6	1.8695594246082949E-6	5.360070543585147E-7	1.0162554575826608E-6
87	87	2.0729351170384836E-6	2.2281072521000655E-6	4.650082832584804E-7	1.9481558398891934E-6	2.142314987542307E-6	1.8269533904645145E-6	1.7311480747805887E-6	2.379051551681816E-6	3.400281541207657E-7	6.762511330483671E-7	7.865971643435404E-7	0.049220586700876645	0.9507588027665538	8.90867928633755E-7	7.347250959653478E-7	1.3049289218830386E-6	3.741261702405138E-7	7.093335045495787E-7
88	88	3.531527223646301E-6	3.795884084030911E-6	7.92204926266328E-7	3.318948735020386E-6	3.6497252798437146E-6	3.1124638594458067E-6	2.949246459283672E-6	4.053038251011661E-6	5.792842589300355E-7	1.152085883804162E-6	1.340075372880388E-6	1.4245134691478163E-4	0.9998224358045137	1.5177148174025983E-6	1.251704241474142E-6	2.2231240981325004E-6	6.373748721911284E-7	1.2084462081669532E-6
89	89	1.950640528535437E-6	2.096658150149629E-6	4.3757472000598025E-7	1.8332227120644148E-6	2.0159272739607575E-6	1.7191707052928226E-6	1.6290175065331877E-6	2.2386973610711024E-6	3.19967900982183E-7	6.363551163515099E-7	7.401911887100683E-7	8.198163014202236E-6	0.9999724072404959	8.383104096611031E-7	6.913793575795209E-7	1.2279435188109909E-6	3.520542753405178E-7	6.674857649183223E-7
90	90	2.743742919996178E-6	2.949129207032581E-6	6.154863094570975E-7	2.5785847076495585E-6	2.835574317380712E-6	2.4181607948305915E-6	2.2913526017303102E-6	3.148919518792504E-6	4.500622488373331E-7	8.950879567767989E-7	1.0411422831410272E-6	0.63621244159848	0.363760278240964	1.1791553685156406E-6	9.7248426331764E-7	1.7272076974748668E-6	4.951944816532517E-7	9.388758794363423E-7
91	91	1.8085086394348854E-6	1.9438868018056173E-6	0.9363218941255267	1.6996463798821943E-6	1.8690383174637366E-6	1.5939046829503787E-6	1.5103204261668366E-6	2.0755764372521164E-6	2.966536913403476E-7	5.899876009109538E-7	6.862577394620237E-7	0.06365759590627867	2.9342349175890514E-6	7.772275804904976E-7	6.410025440455157E-7	1.1384703793553968E-6	3.264021172477898E-7	6.188499392355666E-7
92	92	3.4625972727172094E-6	0.012140196267378982	7.767423110193922E-7	0.5219967748040953	3.578488285616458E-6	3.051713377426683E-6	2.8916817285476246E-6	3.973929211193044E-6	5.679775258898143E-7	0.03903803718247356	1.3139191736373432E-6	0.1948237356603589	0.23172469755979233	1.4880913708700526E-6	1.227272910075976E-6	2.5241631922702696E-4	6.249343002002354E-7	1.184859206693016E-6
93	93	1.0354374432911066E-6	0.015603058236044064	2.3227306246527778E-7	0.5571812351083143	1.1331430361807825E-4	9.125688170776823E-7	8.647137683064574E-7	1.18834354046279E-6	1.6984510497019276E-7	0.044898022076258016	3.9290769404857807E-7	0.13439808670731543	0.2477994824828992	4.449912603402794E-7	3.669974369362036E-7	6.518159953223994E-7	1.868771685124283E-7	3.543142592136911E-7
94	94	3.7960126077665884E-6	4.080167850362582E-6	8.515352417237854E-7	0.8585255655245013	3.923062828004059E-6	3.345564483423464E-6	3.1701233018650117E-6	4.3565809708568815E-6	6.226683842772995E-7	1.2383686329437514E-6	1.4404371504629652E-6	0.05556818416273153	0.08587207528395213	1.6313804813051743E-6	1.3454476720484829E-6	2.3896197227746202E-6	6.851095567126976E-7	1.2989499305836072E-6
95	95	1.987198134829535E-6	2.135952321507809E-6	4.4577545412598714E-7	0.7300522357294614	2.0537084409778932E-6	1.7513902582432728E-6	1.659547468245173E-6	2.2806535367684876E-6	3.2596452638790964E-7	6.482812603367782E-7	7.540633592424522E-7	0.22978716346082517	0.040142710312358276	8.540214653170852E-7	7.043367292656488E-7	1.250956818829824E-6	3.586522422153862E-7	6.7999533879615E-7
96	96	2.753570826115789E-6	2.9596927932818932E-6	6.176909408105549E-7	0.49082704734466664	2.845731157507132E-6	2.4268224872583037E-6	2.299560075576571E-6	3.160198740757274E-6	4.5167434211958585E-7	0.021691498775788014	1.044871586109354E-6	0.45601167367512285	0.010949265969742925	0.02049780585254432	9.759676377887068E-7	1.7333944414938277E-6	4.969682356158294E-7	9.422388708936763E-7
97	97	0.0071875086854414185	1.58338726460875E-6	3.3045455642006456E-7	0.49482647080696435	1.5224196523115126E-6	1.2983103613027392E-6	1.2302270513127153E-6	0.0159706585881355	2.4163838986466443E-7	0.01362733320921936	5.589892188650272E-7	0.43436211900792215	0.012990483991622595	0.021026440867498965	5.221267328327544E-7	9.273376917478994E-7	2.658698825010917E-7	5.040823938818429E-7
98	98	2.5087021717121406E-6	0.009067699149574372	5.62761120927562E-7	2.357692117901911E-6	2.592666899008917E-6	2.211010803282223E-6	2.095065542119777E-6	0.1422327708325704	4.1150799254379127E-7	8.184108958147092E-7	9.519535841866954E-7	0.8139571320144763	4.070271686603287E-6	0.0347200383139956	8.891771038608249E-7	1.5792477021349945E-6	4.5277400535218907E-7	8.584477578217783E-7
99	99	9.786117381787714E-7	0.01216536785546625	2.1952571530421898E-7	9.197047013419351E-7	1.0113652745100796E-6	8.624862487584009E-7	8.172575265771884E-7	0.15403531046934466	3.184129770465538E-4	3.192513317557639E-7	3.71344578958394E-7	0.7765754600780281	0.023057209923784447	0.033841264758774615	3.4685629923305767E-7	6.160437680597232E-7	1.7662118739167425E-7	3.3486918530639944E-7
100	100	1.63364082101289E-6	0.09067238366962167	3.66464202085335E-7	0.02491234579066146	1.6883177801130672E-6	1.4397872910825528E-6	1.3642849401961974E-6	0.35748971446674677	2.679697344598716E-7	5.329406825730003E-7	6.19902295446875E-7	0.2052554157798155	0.29781079957549267	0.02384896614329114	5.790229029003045E-7	1.0283897155228214E-6	2.948417337766461E-7	5.590122716430452E-7
101	101	2.4089081827477E-6	0.3151890848434935	5.403749733311204E-7	2.2639051774478052E-6	2.4895328662705525E-6	2.123058717860931E-6	2.011725658275617E-6	0.012275975321296626	3.9513856275266247E-7	8.782990261662608E-5	9.140856991319494E-7	0.04727504190781082	0.5563024152545581	1.0352562535094078E-6	8.538064125564996E-7	0.06885335791521775	4.347630494870436E-7	8.242994531578776E-7
102	102	1.9663017155206175E-6	0.0014231295431986139	4.4108789396589324E-7	1.8479411818486331E-6	0.7587535528237956	1.7329734810893709E-6	1.6420964656744209E-6	0.12078862105080966	3.225368402886477E-7	6.414642465681572E-7	7.461339918260657E-7	0.11901835829906235	3.190248045482771E-6	8.450409865589301E-7	6.96930263160713E-7	1.237802358906853E-6	3.5488082782642336E-7	6.728448350398586E-7
