0	0	0.8399533569987339	0.16003547454783112	3.910650543711E-7	2.5498718409665377E-6	2.838187609646017E-6	3.95221221024805E-6	1.4371167198236283E-6
1	1	0.9999780087588227	6.94713042646868E-6	5.26771770411555E-7	3.434723939086329E-6	3.823090545120973E-6	5.3237020279978906E-6	1.9358224682258507E-6
2	2	0.999965716245695	2.4003021522785734E-6	2.6867568203525245E-5	1.1867310324361338E-6	1.3209155292157529E-6	1.8393916122845302E-6	6.688457754022099E-7
3	3	0.9998625728294434	9.621663086621572E-6	7.295703675192835E-7	4.7570370079032755E-6	1.122645762825936E-4	7.373241056739017E-6	2.6810827552361196E-6
4	4	0.999993310762029	2.1131598832507482E-6	1.6023205331247856E-7	1.0447653048897224E-6	1.1628976388876346E-6	1.6193496976944244E-6	5.888333930459505E-7
5	5	0.46026334138546415	0.5225089590755112	3.8248995385204343E-7	1.14655366437635E-4	0.017107390528509986	3.865549859325334E-6	1.4056042637952507E-6
6	6	0.5759720749793815	0.2381417023388997	7.682783099094083E-7	5.009425430798953E-6	0.18586985721393307	7.764434288754725E-6	2.823329756283752E-6
7	7	8.50303417812614E-6	0.06850862604756369	0.9079677303585462	2.354272434552355E-6	0.023507810371101296	3.649039968440644E-6	1.326876207798974E-6
8	8	0.6163217417840865	0.21520801904844963	6.72655009637109E-7	4.385930291104765E-6	0.16845591061783657	6.798038619552926E-6	2.4719257070341077E-6
9	9	0.6844588837244117	0.18976618197846484	5.087365465813167E-7	3.3171283910407263E-6	0.12576409745394163	5.141433039655138E-6	1.8695452045775337E-6
10	10	0.005793858859124471	0.9866751379688762	4.929619926732961E-7	3.214273149018254E-6	7.585583474157183E-5	4.982011010328697E-6	0.007446458091105699
11	11	8.000300681509177E-6	0.9928097131788527	3.3971893878867755E-7	2.215078402373095E-6	2.465538845915792E-6	3.433294084771446E-6	0.007173832890193929
12	12	0.16103468131682305	0.8389420177590549	8.158853158728646E-7	5.319838653821812E-6	5.921356481535872E-6	8.245563932426687E-6	2.9982797383547714E-6
13	13	0.20368878043160346	0.7963015454602506	3.3874033232054815E-7	2.2086975686765542E-6	2.4584365269498824E-6	3.423404015615079E-6	1.2448297024119052E-6
14	14	0.18552409888961413	0.8144501104170698	9.03064953668509E-7	5.888278357231947E-6	6.55407005448076E-6	9.126625600120438E-6	3.318654350465721E-6
15	15	0.1971356542667003	0.8028548131851445	3.3378358823559656E-7	2.17637797881849E-6	2.4224625387633905E-6	3.3733097812245253E-6	1.2266142681235452E-6
16	16	0.6254619697537973	4.313941022403139E-6	3.271080590576242E-7	2.132851348954218E-6	2.374014322823409E-6	3.3058450266212837E-6	0.3745255764864228
17	17	0.6235365822752394	2.2796101148666034E-6	1.7285327643787581E-7	1.1270598006169388E-6	1.2544972300367012E-6	1.7469032890647361E-6	0.3764568368010496
18	18	0.8686690631498332	7.409530579331915E-6	5.618336351254084E-7	3.66333874505361E-6	4.077554984962002E-6	5.67804698489772E-6	0.13130954654523744
19	19	0.8779791891958582	2.9215283473724228E-5	1.8281468067970843E-7	1.192011408767101E-6	1.3267929613423569E-6	1.8475760109961312E-6	0.12198704632560638
20	20	0.35863694503100674	6.399028295935801E-6	4.852114840856924E-7	3.163737302412165E-6	3.5214632624349828E-6	4.903682214817115E-6	0.6413445818464336
21	21	0.35180175673162917	2.1197334033196833E-6	1.60730495776054E-7	1.0480153124984486E-6	1.1665151270994521E-6	2.5190703519130258E-5	0.6481685575705131
22	22	0.3089797862582943	0.6857462739551204	2.427218268475956E-7	1.5826255620358435E-6	1.7615741264771044E-6	3.8040905356619814E-5	0.005232311959713244
23	23	0.22388511656270035	0.7663952113844504	3.3961744150598053E-7	2.2144166069500807E-6	2.464802220827604E-6	3.4322683250020718E-6	0.009711220948254905
24	24	0.5350108016281261	0.35413591734936983	8.945370314792247E-7	5.83267352010995E-6	0.09522653335655999	0.015616733140123342	3.2873152690863208E-6
25	25	0.5814356546977361	0.3395004512601607	3.9702944999419985E-7	2.588761647861159E-6	0.0790554367258026	4.012490051351174E-6	1.4590351514957814E-6
26	26	0.7824387283535592	0.11384779904093117	3.738315184801907E-7	5.724870669207156E-5	2.7131137696563313E-6	0.10365176316796712	1.373785562274061E-6
27	27	1.9479554180651904E-5	0.9999568973674365	8.271655951160166E-7	5.393389757605834E-6	6.003224059381066E-6	8.359565571953105E-6	3.039733398617725E-6
28	28	0.038533803738534815	0.9614485424103232	6.181522174766366E-7	4.0305542905374526E-6	4.4862918455826465E-6	6.247218242581014E-6	2.2716345457160756E-6
29	29	0.05394188387905735	0.16483802205558476	0.7812061507238587	3.2989192373666184E-6	3.671930312061395E-6	5.113209488050358E-6	1.859282461651215E-6
30	30	0.06569503923673109	0.9338419321074709	7.52843959677968E-7	4.464369224748295E-4	5.463828522829932E-6	7.608450452408003E-6	2.766610388165096E-6
31	31	1.4623608012870192E-5	8.189378530346037E-6	6.20966235291136E-7	4.048902605491622E-6	4.50671481717053E-6	6.275657489304824E-6	0.9999617347723095
32	32	0.1324724114271825	0.8671428294172456	3.6473534809956786E-7	3.7672084756476277E-4	2.647097546061435E-6	3.6861168753275185E-6	1.340358237602006E-6
33	33	0.11017436579948181	0.8796128323255429	5.476236410133039E-7	3.5706849437441948E-6	3.9744247543997845E-6	0.006188065882313896	0.00401664325932214
34	34	0.16715878633585105	0.830637581514222	3.8345765974192685E-7	2.500269144097487E-6	2.78297630161204E-6	0.002196556286355761	1.4091604657587827E-6
35	35	0.7509335832005759	0.23790570054591975	1.6722506399221234E-7	1.0903620178062146E-6	1.2136500035990786E-6	0.01115763048455847	6.145318604938087E-7
36	36	1.6022592155883223E-5	0.9999645466268886	6.80371678582165E-7	4.436245492192479E-6	4.937854831369119E-6	6.8760254222247695E-6	2.500283530977539E-6
37	37	3.5604622764979656E-6	1.993897354168518E-6	1.5118887580870737E-7	9.85800834881501E-7	1.0972660155652472E-6	1.5279568305733212E-6	0.9999906834278126
38	38	9.525925558315638E-5	0.9998961529847407	3.0070167944004324E-7	1.9606731319130013E-6	2.182367795964204E-6	3.0389748095396697E-6	1.1050422592662804E-6
39	39	0.09189478146169196	0.8787754481560826	7.088694537657882E-7	4.622060291184874E-6	5.144679837911085E-6	7.164031864597245E-6	0.02931213074077791
40	40	0.003237944963397038	2.5966810559018576E-6	1.9689543639486096E-7	1.2838225335308214E-6	1.428985233340342E-6	1.9898800446726787E-6	0.9967545587722992
41	41	0.10297746031597242	0.8762478430355085	3.2483349420481786E-7	2.1180204434468205E-6	2.3575064765957446E-6	3.2828576415717065E-6	0.020766613430463175
42	42	0.08849306314126482	0.9114829353660994	8.404158263422894E-7	5.479785591527898E-6	6.099388729864932E-6	8.493476094143079E-6	3.088426393872514E-6
43	43	0.004374519022011049	2.868734896241396E-6	2.17524138366096E-7	1.4183284058510518E-6	1.5786997774639409E-6	2.1983594444579546E-6	0.9956171993313265
44	44	0.07463719347741948	0.9228915315676093	4.0915270819675205E-7	2.6678092497011325E-6	2.969460282572749E-6	4.135011070707327E-6	0.002461093521660034
45	45	0.707050008520912	0.29293030341341375	6.893805411936463E-7	4.49498621789883E-6	5.003237411467022E-6	6.9670714935000506E-6	2.533390010170302E-6
46	46	5.127384387214143E-6	0.1862731681152438	2.177255145937135E-7	1.4196414446063751E-6	1.5801612824174334E-6	2.2003946086250096E-6	0.8137162865775187
47	47	0.806142200772449	0.19379453783665704	3.611240009753263E-7	2.354646396786832E-6	5.556891392508257E-5	3.649619596830403E-6	1.3270869742269626E-6
48	48	0.938275706736814	0.06164741606322145	6.478292888237124E-5	2.8614391706178223E-6	3.1849840722680675E-6	4.4351306788466245E-6	1.6127171604414346E-6
49	49	0.037926602387583074	3.9430904157940765E-6	0.0026305575746426186	1.949499464341292E-6	2.1699307140894115E-6	3.0216560154337575E-6	0.9594317558611646
50	50	8.725686610138046E-6	4.886478803637412E-6	0.9999761766157292	2.4159191917205344E-6	2.689088841911417E-6	3.7445902868872063E-6	1.361620536524027E-6
51	51	0.9174259414548495	0.08243803187743427	7.765003865855032E-7	1.189135765187473E-4	5.635517035999277E-6	7.847528882530474E-6	2.8535448924377357E-6
52	52	0.9316636590773522	0.06795559583019288	2.8242258196774144E-7	1.8414874480940756E-6	2.049705704627943E-6	2.854241166339245E-6	3.737172355538568E-4
53	53	0.843381130620079	0.15661122797550067	2.6756490972041975E-7	1.744610573869961E-6	1.9418748953822927E-6	2.704085398097152E-6	9.832686431562967E-7
54	54	0.0694589156788879	0.9276735032744928	9.684631362049507E-7	6.314695860499366E-6	7.028702879105793E-6	9.787557822674089E-6	0.002843481626920762
55	55	0.19784623615560573	0.7995305950286058	2.7442266505797795E-7	1.7893253777933099E-6	1.991645633042149E-6	2.7733917809535234E-6	0.0026163400303315537
56	56	0.13556298275769516	0.8523052752375894	3.7921489161402173E-7	2.4726049105993195E-6	0.011178455432482918	3.832451169422582E-6	9.466023012608308E-4
57	57	0.37060441897977303	0.6293766101082665	6.64269297484243E-7	4.3312527098531475E-6	4.820990442677021E-6	6.7132902801353805E-6	2.441109230317996E-6
58	58	0.4936153340894467	0.5063760032935252	3.033228207275788E-7	1.9777638289353425E-6	2.2013909498928484E-6	3.0654647924353363E-6	1.1146746360977906E-6
59	59	0.9985227578222438	1.1426640069992312E-6	8.664342037673706E-8	5.649433907587603E-7	6.288219298092806E-7	8.756425053148422E-7	0.0014739434625029972
60	60	0.9992685502468212	1.8646066693597085E-6	1.4138530530498235E-7	9.218783542380197E-7	1.026115775923636E-6	1.4288792202990928E-6	7.260668878538054E-4
61	61	0.9992683263699562	6.399028295935801E-6	4.852114840856924E-7	3.163737302412165E-6	3.5214632624349828E-6	7.604542361836509E-5	6.420587660805432E-4
62	62	0.9999944173187907	1.7635937043481468E-6	1.3372591572292888E-7	8.719366332993412E-7	9.70527110134524E-7	1.3514712988014274E-6	4.914265470950982E-7
63	63	0.9702808054077016	2.7570248126325506E-4	8.997292896617216E-7	5.866528738781607E-6	6.5298611916632135E-6	5.367663975222726E-4	0.028893429594292794
64	64	0.059366215713024584	4.430818633787972E-6	0.9405708344342671	2.190636694143249E-6	2.438333496869607E-6	5.265541335339211E-5	1.234650530129815E-6
65	65	0.7382897160030878	0.2613786339233592	4.3543093851589965E-7	2.8391518914745967E-6	3.1601767550920605E-6	4.400586175335548E-6	3.2081472779261485E-4
66	66	0.779545570034575	0.21970720082239634	1.8075554460802497E-7	1.601929279891827E-4	1.3118486076602676E-6	1.8267658091279098E-6	5.837168450780645E-4
67	67	0.31783861137059566	0.6754016151560145	2.932922547154059E-7	1.912361263460584E-6	2.1285932712067075E-6	2.9640931024162382E-6	0.006752475133498084
68	68	0.24364066284633415	0.7490355139950876	7.116059887281195E-7	4.639903392644016E-6	5.1645404711654215E-6	7.1916880480659745E-6	0.007306115420677578
69	69	0.37427588700665554	0.6169163761777882	2.231537914202103E-7	1.4550355818992477E-6	1.6195574592388782E-6	2.2552542840536625E-6	0.008802183814439611
70	70	0.026019931243521633	0.9165561426810347	3.3728294841921324E-7	2.1991949497901185E-6	2.4478594403883686E-6	0.05741770226411202	1.239473993052555E-6
71	71	0.20577542896082446	0.7682153997567008	3.6114312279079426E-7	2.354771077267138E-6	2.6210266679595446E-6	0.02600250718436205	1.3271572445833017E-6
72	72	0.8588600130771661	1.1094443152102212E-5	8.412451044098132E-7	5.485192755295345E-6	0.01863096114404172	0.11989830169891073	0.0025933031988697114
73	73	2.031913854935304E-6	1.1378937184636597E-6	0.99999445234894	5.625849170834927E-7	6.261967818880097E-7	8.719869535701679E-7	3.1707483398648467E-7
74	74	0.8244335223845849	0.03344181132821228	1.1028766662696278E-7	7.191115963819541E-7	0.11765652400768263	0.024466907586437412	4.0529381986030916E-7
75	75	0.8385558810068646	0.01804684474802954	4.0344093680316974E-7	2.6305666352671847E-6	0.10884359810576523	0.03454915953517946	1.4825965891366798E-6
76	76	0.5673427717820421	0.06306025793522924	5.137953812360459E-7	3.350113644747284E-6	0.32800236733915966	0.04158885089873368	1.8881358093474385E-6
77	77	0.0895240032319118	0.7850277699364766	4.979648759207826E-7	3.246893581280923E-6	0.1254376194409951	5.032571539928969E-6	1.829960619267087E-6
78	78	0.0554901419145092	0.7863105317429823	4.851079498127373E-7	3.163062225147571E-6	0.1581889928234921	4.902635868657624E-6	1.7827129726955391E-6
79	79	0.2251355369525668	0.10941185873420539	5.251089353294324E-7	3.42388171141939E-6	0.6654414187138763	5.3068969541572675E-6	1.929711750655674E-6
80	80	0.4784145165988169	0.4299079995789661	9.343653364216949E-7	6.092367072655969E-6	0.08398576467518588	9.442955974107748E-6	0.007675249458647905
81	81	0.6061444782553991	0.33688414009133905	6.013120186182763E-7	3.920750695495535E-6	0.05695857281518465	6.0770265089881194E-6	2.2097488541310163E-6
82	82	0.15245681531096214	0.6732058078657672	6.813232050296932E-7	0.006797347024538845	0.037365919921924236	6.885641813160908E-6	0.1301665429117893
83	83	0.16245307464638636	0.6827107396406639	3.5590409680602494E-7	2.320610917254532E-6	0.02332824245003108	3.5968657934321055E-6	0.1315016698821111
84	84	1.2690577408079405E-5	0.9182744149750383	5.388834321755806E-7	0.008220670815521539	0.02971209442432706	5.446105850520863E-6	0.043774144218422247
85	85	6.58202885445822E-6	0.9259354800460673	2.7949447733646866E-7	1.822395249844111E-6	0.017377336295961637	2.824648926513033E-6	0.05667567509046289
86	86	0.31927650015571435	0.11569418581434913	7.319191617878783E-7	4.772351913438225E-6	5.31196503760621E-6	0.5650158080795339	2.6897142897521656E-6
87	87	0.371984640822944	0.13655648932083264	5.10870501357053E-7	3.3310424729350963E-6	3.7076857440432767E-6	0.4899513655044134	0.0014999547530915637
88	88	0.2821637259507965	0.0015427846497543616	8.703370476533727E-7	5.674881724040058E-6	0.07350903039264475	0.6427747154047737	3.198383258959457E-6
89	89	0.28681418802259057	6.3399427674134875E-6	4.807312762078014E-7	3.1345248842177483E-6	0.09755452551940344	0.6156195646298509	1.7666292271791335E-6
90	90	0.8613699195156446	8.917670043191276E-6	6.761895269304447E-7	4.4089764979108935E-6	4.907502513086265E-6	0.13860868523114428	2.4849146300840782E-6
91	91	0.013145651758579055	5.877988091222252E-6	0.9868361870888568	2.9061303259348624E-6	3.23472848735738E-6	4.50440040718997E-6	1.6379052524476618E-6
92	92	0.3360874551709053	0.5232553699778334	8.533494332847583E-7	0.14063836810379857	6.19325547290895E-6	8.624186723255104E-6	3.1359558332251053E-6
93	93	0.25693292150404295	0.6063838027381367	2.5518146682062845E-7	0.13660282243078994	1.8520010142719792E-6	7.740838355925715E-5	9.377609900398836E-7
94	94	0.2806633230112316	0.6686957675272622	9.355188034084697E-7	0.0039839090088623665	0.0466431724022897	9.454613232301223E-6	3.4379183183468353E-6
95	95	0.35272178182262615	0.6005186347711446	4.897408159686651E-7	3.1932700251591698E-6	0.0467491512002906	4.949456902614107E-6	1.7997381948138798E-6
96	96	0.6246649178439942	0.33979488762392007	6.786115910407041E-7	0.03552523878673668	4.925080847613142E-6	6.858237487980288E-6	2.493815422395823E-6
97	97	0.6016657440097968	0.37032497732919356	3.6304625925402676E-7	0.028001277578394806	2.63483884132824E-6	3.6690464736515698E-6	1.3341510406303962E-6
98	98	0.9410517198898505	0.024664940903780356	6.182642884152991E-7	4.031285029649761E-6	0.03200392044004783	0.002272497170610389	2.272046392844726E-6
99	99	0.9089343974500519	0.04583151938245213	2.411768910012612E-7	1.572552075881467E-6	0.044132743195562076	5.682193601508206E-4	5.313068828161184E-4
100	100	0.4183573968696861	0.38446981846101685	4.026074030619931E-7	6.165545704561566E-5	2.92195717860786E-6	0.19710632511421622	1.479533453572423E-6
101	101	0.27611748339418757	0.043007555210927834	5.936702923394802E-7	9.09149035268952E-5	4.308612209399604E-6	0.6807769625424205	2.1816664354111067E-6
102	102	0.08576967601579888	0.9142164845186349	4.845909405049261E-7	3.159691155652176E-6	3.516959615068668E-6	4.897410828791996E-6	1.7808130260952103E-6
103	103	5.536123566040136E-5	0.9971210590407089	3.253293180457071E-7	2.1212533767806275E-6	2.361104959932595E-6	3.2878685752160996E-6	0.002815484167400706
104	104	0.3278592347939585	0.6570153753446198	3.3043612157003417E-7	2.1545514031792564E-6	2.3981680171544955E-6	3.339479352038491E-6	0.015117167226527688
105	105	1.0296366044866824E-5	0.07212371481761033	0.9163791725574509	2.85080010825416E-6	3.1731420437811176E-6	4.418640504123444E-6	0.011476373676237632
106	106	0.15571782882806762	0.8442716437633605	3.686187733562954E-7	2.403514759825355E-6	2.6752818323417712E-6	3.7253638511073066E-6	1.354629355167352E-6
107	107	0.09925392689187361	0.9007205058443529	8.952415350811689E-7	5.837267113621765E-6	6.497290934353619E-6	9.047559955872342E-6	3.289904234513462E-6
108	108	0.36802777232545386	0.6319547056343923	6.135368361704329E-7	4.000460497455025E-6	4.452795326549195E-6	6.200573915379076E-6	2.2546735783031894E-6
109	109	0.6050567874145308	0.2738589951142302	4.27408558170428E-7	2.786843352238488E-6	0.12107511303486496	4.319509768220583E-6	1.5706746953655301E-6
110	110	0.4633250196180465	0.48546342503372547	3.803993138601211E-7	2.4803277303690376E-6	0.051203452278498686	3.844421270076682E-6	1.3979214149854654E-6
111	111	0.09101649308458151	0.8490970471526996	7.806777741517064E-7	5.090273986201974E-6	5.665834778529747E-6	0.05907081287466997	8.041101015099784E-4
112	112	0.08624345531287217	0.8500437046411136	4.506804994788325E-7	2.938584008079896E-6	3.2708517297382638E-6	0.0613917655218076	0.0023144144079693357
113	113	1.6787929646603764E-5	0.858023186859787	7.128704121314803E-7	0.07985877557803757	0.06000029039897607	0.002097626650699093	2.619712441422945E-6
114	114	9.498691180837253E-6	0.8948897871087093	4.0334550116267406E-7	0.040394256395971675	0.0647004958909411	4.076321821205269E-6	1.482245874714385E-6
115	115	0.4789443301716404	0.4859668356791329	3.5762096599494565E-7	2.3318054649404465E-6	0.03508121629209989	3.614216950985069E-6	1.3142137448648352E-6
116	116	0.01919318331021556	5.477780268187183E-6	0.9807898920547529	2.708263968747884E-6	3.014489244619202E-6	4.197714470937089E-6	1.5263870790102806E-6
117	117	0.8692549716660911	0.12901273774056818	3.1764739623858506E-7	0.0015389961115764397	1.4202580247717105E-4	4.978371617430181E-5	1.1673157165040906E-6
118	118	0.999966582686509	1.0556677244960084E-5	8.004685705631282E-7	5.219316440688072E-6	5.8094681523945E-6	8.089758016315335E-6	2.941625066191556E-6
119	119	0.9935901066225604	4.958127083960973E-6	3.7595398698613697E-7	2.4513427477090745E-6	2.7285177638207503E-6	0.006397997850479942	1.381585377018694E-6
120	120	1.2594055568294563E-5	0.9247767662600951	5.347847991007732E-7	3.4869715024702604E-6	8.22914300611769E-5	0.07512236122859547	1.965269378342177E-6
121	121	3.531099773998615E-5	0.92709252369469	2.07504451033778E-7	1.2305026470422228E-4	1.5059810517142189E-6	0.07274663900363279	7.625537303455452E-7
122	122	0.2273399302464232	0.7634166623903722	7.577790258778763E-7	4.940966670797073E-6	5.49964518193768E-6	7.658325604062826E-6	0.009224550646721879
123	123	0.35498238386661624	0.6392815150767339	2.810608892428134E-7	1.8326087669218936E-6	2.039823104848602E-6	2.8404795209201183E-6	0.005729107084367877
124	124	1.331440519408113E-5	0.999970539063186	5.653732007335567E-7	3.6864178685206385E-6	4.103243680845942E-6	5.7138188194278965E-6	2.077678050320928E-6
125	125	3.838536670774716E-6	0.99999150642596	1.6299682427073712E-7	1.0627925142616334E-6	1.1829631972634854E-6	1.6472912419915518E-6	5.989935915249118E-7
126	126	0.0790867224370491	0.13888230461896744	5.40934946381378E-7	3.5270724708215E-6	3.925880989067525E-6	0.5869136696951446	0.1951093093604326
127	127	0.17852667582466278	0.2255267271659304	0.003607060014396109	5.727505120280012E-6	6.3751180766799075E-6	0.592324206329824	3.2280419897926407E-6
128	128	0.1947034414632381	0.2214682784570336	5.852143542329682E-7	3.815788667662498E-6	4.247242525523269E-6	0.583817481242294	2.150591886819172E-6
129	129	0.15919428765375704	0.07927289563723447	7.395379913802846E-7	4.82202917000118E-6	5.367259335850134E-6	0.7615191701699453	2.7177125659222063E-6
130	130	0.1824763238949855	0.0820343282639377	5.55563806536568E-7	3.6224574154955874E-6	4.032051175259373E-6	0.7354790961389649	2.041629714489684E-6
131	131	0.11783537214294088	0.002189242459959208	7.079864432604178E-7	4.616302774378513E-6	0.12156081826943722	0.7584066410739978	2.601764447233105E-6
132	132	0.04496220855715097	0.011034953106934548	6.373296771120996E-7	4.155597588983997E-6	0.6071188786171371	0.3368768246821236	2.3421093876325653E-6
133	133	0.026017705084581885	1.003460006840708E-6	7.608816473730181E-8	4.961196775980883E-7	0.9672860394743228	7.689681559855392E-7	0.006693910805090204
134	134	0.3706275396828866	0.04173999987742074	6.776676182785623E-7	4.4186141361115305E-6	0.5876180251140647	6.848697436689645E-6	2.490346436802841E-6
135	135	0.3869420425871404	2.3275684438501716E-6	1.764897554319078E-7	1.1507708310030733E-6	0.6130518703507926	1.7836545572281282E-6	6.485784796513428E-7
136	136	1.9322545012414924E-5	0.058717973731928115	0.6605765921426116	0.21883385631398547	5.954836852591711E-6	8.292185773365183E-6	0.0618380082438364
137	137	0.22683903973873146	0.09465142420237099	4.3763820629955463E-7	0.6007942061349314	1.9567582854568294E-4	6.858943755699215E-5	0.07745062701965708
138	138	1.431727787741703E-5	0.03423735960529036	0.7896822193757761	0.09092565317733654	0.012662137653619747	9.528310812226441E-5	0.07238302980197758
139	139	0.17168760654314932	0.22430766868589513	3.9397916067474963E-7	0.33186394061352276	0.0699565792983495	3.981662979081811E-6	0.2021798292169435
140	140	1.594148882280695E-5	8.927406026771857E-6	0.873014196052498	0.09568256663637727	4.91286034351256E-6	1.0609241617984283E-4	0.031167363139751804
141	141	0.36834987994274115	0.04192519160703681	5.740819058960043E-7	0.40992103648061734	0.06439569198347908	5.801831416037499E-6	0.11540182407280375
142	142	2.193796330718553E-5	1.2285496544304773E-5	0.6205068267830839	6.0740602945229905E-6	0.05300176137520237	0.3160672269411265	0.010383887380441156
143	143	0.10713732985522886	0.052069935576831	3.7183421178983344E-7	2.424480468283314E-6	0.09944418340357819	0.7095056673981184	0.03184008745156349
144	144	0.3059604085747623	7.014854739557254E-6	5.31907021100048E-7	3.468207450283591E-6	0.0613026203600819	0.6327240014020522	1.9546938926664404E-6
145	145	0.14808680562479998	0.1725945656383053	6.124349821820217E-7	0.11350520129193004	0.008355403932608117	0.5560184363008762	0.0014389747764980733
146	146	0.46681076551327566	0.0645231834886263	2.5290107087231885E-7	0.46866047737680355	1.8354508483769782E-6	2.5558885641003763E-6	9.293808110683719E-7
147	147	1.895764360851046E-5	0.02975409545146823	0.6540032532238763	0.1118973840445133	0.2043152157559824	8.135589930105743E-6	2.9582906211025294E-6
148	148	0.05256850923386948	0.24027653076906846	4.985472720206217E-7	0.3057681504143622	0.4013794404771765	5.038457396901504E-6	1.832100854410278E-6
149	149	0.02235800423555827	0.014125893783365763	0.6317325984416451	5.4582631226509395E-6	6.075432700579781E-6	0.3317688935473527	3.0762962548678664E-6
150	150	0.15860151469257291	0.03895691957559985	2.919489186851613E-7	1.903602273931374E-6	2.118843896687006E-6	0.8024361784598146	1.0728769233845415E-6
151	151	1.860842453659058E-5	1.2627637059366397E-4	0.9168808352808703	5.15219626538034E-6	5.734758652546279E-6	0.08296048917318175	2.9037958997909137E-6
152	152	0.4009409175381627	6.94713042646868E-6	5.26771770411555E-7	3.434723939086329E-6	0.011357414169637052	0.5876888238435961	1.9358224682258507E-6
153	153	0.36093445010814773	0.008766128722497856	4.4257959807484437E-7	0.010255671872654427	0.010775126578514004	0.609266553712158	1.6264264299172417E-6
154	154	0.2372845332296425	0.16185396666896643	8.243662007054562E-7	0.5672418531221849	0.033607461892928854	8.331274113416853E-6	3.02944596314419E-6
155	155	0.3051017084071925	0.1340388328009456	8.068128943293503E-7	0.5464096922324466	0.01443784093131622	8.153875516906006E-6	2.9649396877832876E-6
156	156	0.1523282295386446	0.18355610484599771	6.26556699356968E-7	0.6178933664060697	0.046121172189659054	9.819794293061381E-5	2.302519998907752E-6
157	157	0.12681703031645747	9.153624564803037E-6	0.598996545739817	0.06167484267587038	5.03735116213646E-6	0.21249483962861526	2.5506635129142096E-6
158	158	0.308852972916664	0.08192959986044455	4.779687326269056E-7	0.09391006014743204	3.4688983829595403E-6	0.5153016637311297	1.756477214042262E-6
159	159	1.0793145130993132E-5	0.9198763713793439	4.583122505092514E-7	0.005983590223815037	0.04905770119663598	0.025069401500801055	1.6842420225096827E-6
160	160	8.255238638254056E-6	0.9268440162145032	3.5054443842552206E-7	0.011772164277896595	0.04733904280983772	0.014034882706322768	1.288208362960624E-6
161	161	0.26011055850627457	0.324861933437203	7.216960108358947E-7	4.705693631275083E-6	0.3824210781795099	0.03259835034192245	2.6521454479490964E-6
162	162	0.2903698409488371	0.3347473309764227	5.00339364913589E-7	3.2623760248073047E-6	0.34193362334407656	0.03294360332869507	1.8386865787831759E-6
163	163	1.8753998989260043E-5	0.2693799602717127	7.963561481383611E-7	5.192502103733478E-6	0.6834125575484842	0.04717981281015023	2.9265124117634715E-6
164	164	0.13446041414980797	0.2213042408177837	5.989358016520546E-7	3.905256985018285E-6	0.35399067798524864	0.2902379618378285	2.2010165445218706E-6
165	165	0.07263732316992604	0.23506978614525725	8.89172453337903E-7	0.4486107800508602	0.056326520776131844	0.18735143308427735	3.2676010940263883E-6
166	166	1.9498472234352034E-5	0.08668827742396293	8.279689175638604E-7	0.913273976710962	6.009054239788485E-6	8.367684172046994E-6	3.0426855113373404E-6
167	167	0.6498794370907927	6.657633349994959E-6	5.048204209850338E-7	3.2915939735006346E-6	0.0985940481565105	0.2515142055510351	1.8551539172240822E-6
168	168	0.7381526568996133	0.0011741187250087276	5.683412998843245E-7	3.7057708440963033E-6	0.1284160257863818	0.13225083589139686	2.0885854552858707E-6
169	169	0.8035276655891582	5.6455609642755035E-6	4.28079215669693E-7	1.2832122476066392E-4	0.08894111784506618	0.10739524856155451	1.57313928046383E-6
170	170	1.0919351178781613E-5	0.14249959111324104	4.6367137216358003E-7	0.857479270802126	3.3651340837359474E-6	4.685991852568851E-6	1.7039361456406543E-6
171	171	0.10179655568399543	0.3024112819213007	1.350712669733303E-7	8.807087627219625E-7	0.050541192831566495	0.5452494574125578	4.963705500285661E-7
172	172	0.05100719803122754	5.684091261592945E-6	4.310008065549111E-7	2.810265984608648E-6	3.1280246988031265E-6	0.9489791647102477	1.5838757731846725E-6
173	173	6.984929954326422E-4	4.773922056444736E-6	3.619864921347755E-7	2.360270120758024E-6	2.627147492092737E-6	0.9992900534218812	1.3302565247968488E-6
174	174	0.21118596182458327	4.771389665973703E-6	3.6179447158385614E-7	2.35901808406949E-6	2.6257538867518223E-6	0.7888025906684357	1.329550872524442E-6
175	175	0.147070797356169	5.873765797183639E-6	4.453830312695099E-7	2.9040427856812594E-6	3.232404907486728E-6	0.8529151103186019	1.6367287074332974E-6
176	176	0.05957766509763313	7.10573763596837E-6	5.387982900562506E-7	3.5131407739430173E-6	3.910374025608975E-6	0.9403262881905631	8.097866107810157E-5
177	177	0.04898884415235413	5.662620856537935E-6	4.2937279576657325E-7	2.7996508227076484E-6	3.116209273220646E-6	0.9509975701008669	1.5778930306771987E-6
178	178	0.13338804197506934	3.5974078880013814E-6	2.72776355951941E-7	0.07607129515265729	0.02839806632140388	0.7621377239465486	1.0024200769908167E-6
179	179	0.08590215694451667	3.622180186509549E-6	2.7465473547575025E-7	0.07047410943127076	0.024888789267217826	0.8187300381991784	1.009322894283407E-6
180	180	1.4332608995286602E-5	8.026415935557292E-6	6.086094650424213E-7	3.96833242886676E-6	0.06246847037729834	0.9375023570897907	2.236566086074743E-6
181	181	2.1741324464306304E-4	3.789429723085597E-6	2.8733656654473463E-7	1.873528231998864E-6	0.05847756388566735	0.9412980166480802	1.055927087789077E-6
182	182	0.11649682936188639	6.300419280120543E-6	4.777343758912594E-7	0.03978892904040402	0.008549011765947327	0.8351566960621247	1.755615981417572E-6
183	183	0.10766223647638883	7.42543421281754E-6	5.630395409675214E-7	0.02237550615155098	4.086306948302191E-6	0.8699481134892247	2.0691021332691157E-6
184	184	0.11564154878696822	2.4949095866832344E-6	1.8917853261924985E-7	1.2335058012712148E-6	0.6699143224857737	0.21443951592513838	6.952081993008556E-7
185	185	0.05684070310034473	2.322059943819108E-4	3.872239969817284E-7	2.5248268926459936E-6	0.9429188424596687	3.913393415919953E-6	1.42300129904039E-6
186	186	0.008673597983290033	5.497399228477868E-7	4.1684473249718653E-8	2.717963759659202E-7	0.9905548800109306	4.212748807745967E-7	7.702375101265249E-4
187	187	0.17283819707591863	4.961162836670614E-7	3.761841753849752E-8	0.8271604777452227	2.730188375536536E-7	3.801821908248895E-7	1.3824312915103682E-7
188	188	0.18792500639031662	3.817251263289592E-6	2.894461572806443E-7	0.811895042866905	2.100679894742051E-6	1.726796858848625E-4	1.0636795782882253E-6
189	189	0.24494594568072844	6.59844021698625E-7	5.003320539101328E-8	0.6991896262229228	0.02310836004573295	0.014224761534757921	0.01853059663863079
190	190	0.3384968534581573	6.965421628245954E-6	5.281587155459746E-7	0.6409632942913338	1.5871049132615598E-4	5.337718881291041E-6	0.020368310459957656
191	191	0.046075199445604446	0.00859704581770911	4.155848899136216E-7	0.9337413095535065	3.0161423837928876E-6	4.200016488184038E-6	0.011578813439417947
192	192	0.056619585986354665	0.0014671705225777266	1.265219523238871E-7	0.9343603375394155	9.182437382735819E-7	1.2786660409814458E-6	0.00755058251992064
193	193	0.1955210214093152	5.2369874375684015E-6	3.9709879831826655E-7	2.589213821576962E-6	2.881978015153266E-6	0.8044664140226139	1.4592899981891743E-6
194	194	0.0940975901657205	9.638158935634935E-6	7.308211785816617E-7	4.765192704431713E-6	5.3039963318968875E-6	0.9058792859857944	2.6856793344266964E-6
195	195	0.32573011054860657	4.470235113157689E-6	3.3895918460695243E-7	2.210124557041267E-6	0.00790447686561245	0.666357147632968	1.2456339580631013E-6
196	196	0.31723072053213625	1.241607703576691E-5	9.414590601002693E-7	6.138620467208655E-6	0.010221555370889965	0.6725247681923683	3.4597480423694996E-6
197	197	0.026626823800248958	0.3418269100566419	3.3496387862963444E-7	0.12312703877613691	2.431028595829087E-6	0.5084152304228053	1.2309516923974855E-6
198	198	4.872154407279185E-5	0.3205972532743511	2.863112883636875E-7	0.09886236693437812	4.405690924970754E-5	0.5804462628673452	1.0521593146270831E-6
199	199	0.19381573604533608	3.5446704595155252E-6	7.908512820907074E-5	0.7411118982543548	0.06498603183673153	2.716340151324794E-6	9.877247578140802E-7
200	200	0.32728016160553264	7.634034265849938E-6	5.788568083136415E-7	0.6065841393542383	0.05601973781854571	5.85008790796076E-6	0.010101898242701253
201	201	0.2623756063443596	3.6312464414116553E-6	2.75342191569505E-7	0.6716489847950474	0.058741354013395086	2.7826847716359777E-6	0.007227365573793303
202	202	0.16774446839113108	0.017819382472918387	3.659683260898018E-7	0.8071842129765784	2.656045987799539E-6	3.69857769383713E-6	0.007245215567364312
203	203	0.0618546996010736	0.013740812724669161	6.361942423847838E-8	0.7086118081437819	4.617233362792813E-7	0.21579192039403455	2.3379368025021497E-7
204	204	0.1919083084515272	0.03217599880544237	5.850637515056732E-7	0.6938093406797043	4.246149513529971E-6	0.08209937081162094	2.150038440033203E-6
205	205	0.1596239109258378	0.042211493650822995	7.842685643788049E-7	0.6728087438910924	5.691895241405363E-6	0.1253464932764359	2.8820920051611413E-6
206	206	0.0594121040237723	8.548164285713228E-6	6.481714547056349E-7	4.226289518837549E-6	0.9405655407983575	6.5506010035632675E-6	2.381951607432377E-6
207	207	2.200599681104223E-5	4.7574341186302634E-7	3.60736280945437E-8	2.3521183355976692E-7	0.9999661716022819	1.0942805818571697E-5	1.3256621500670528E-7
208	208	0.2119511157427439	4.5153403927861505E-6	3.4237932883143195E-7	0.00858637786015775	0.7793023312513545	1.540592234483225E-4	1.2582025739347294E-6
209	209	0.15914772024471646	2.4452615955235204E-6	1.8541393362727815E-7	2.458775935024482E-4	0.8406012162677139	1.8738447842400834E-6	6.813737538695343E-7
210	210	0.051054135880676296	4.2162712142764E-6	0.8047929689877397	2.084562514931362E-6	0.038533367950959796	0.10561205148014471	1.1748667503971099E-6
211	211	0.05351084458742493	1.3542358122808187E-6	0.7760529548280322	6.695463994582481E-7	0.05448780067786682	0.11594599876576353	3.773587008962877E-7
212	212	0.202209216147998	0.055011782907034255	5.52503455279018E-7	3.6025029260625115E-6	0.055656571023469596	0.6871162445318225	2.030383294203342E-6
213	213	0.1823535879105656	0.07470224271249314	3.0004025717930127E-7	0.01082396948956939	0.054860105909016264	0.6772586913264859	1.102611612551236E-6
214	214	0.3410899869230216	5.996727841280989E-6	4.5470672748453976E-7	0.522755627890589	0.13614166736699856	4.595392660017586E-6	1.6709921619951576E-6
215	215	0.2423582572857706	2.3523431208199745E-6	1.7836831530448982E-7	0.5588251065528422	0.15254809640576858	0.04626535356222291	6.554819597038342E-7
216	216	0.10824619250700242	0.027167249561587687	3.134719448530382E-7	2.0439394320190823E-6	0.09353347632072279	0.771049572227872	1.1519714382774665E-6
217	217	0.35115725836179207	3.092954646708743E-6	2.3452578187417095E-7	0.21247377484032065	0.06000559732758757	0.376359180136022	8.618538491072802E-7
218	218	0.058545516158067405	0.03453296304765419	5.785621858466956E-7	0.9069087700118951	4.198963852499007E-6	5.847110371363558E-6	2.1261459735263866E-6
219	219	0.019568323285055707	0.036763653707350054	2.4436545613054773E-7	0.9435909797402993	1.7735029046013172E-6	7.412738547381502E-5	8.98013460490092E-7
220	220	0.037183506257566	9.552475140708231E-4	3.6015146620565137E-7	0.9445331269455767	2.6138296366689254E-6	0.01732382178865699	1.3235130267149372E-6
221	221	0.035232191628844604	1.4718134611769963E-6	1.1160144333922706E-7	0.9125985968115995	0.010604041313098365	0.041563176709762895	4.101217901895584E-7
222	222	0.296481786090073	1.0343565783994399E-4	6.472487859278142E-7	4.2202734171460095E-6	0.06728855769496002	0.6361189744740126	2.3785609114020253E-6
223	223	0.306374711042947	1.2226757234733743E-4	7.650895195408579E-7	0.0011267634169464665	0.04353041430034377	0.648842266966558	2.811611337817479E-6
224	224	0.0864505822443195	5.003357806459618E-6	3.793836430174713E-7	2.473705224848752E-6	0.9135363329634405	3.834156618042333E-6	1.3941889476287064E-6
225	225	0.055105928922056555	5.756739978804131E-7	4.365094541596341E-8	6.684723056818802E-6	0.9448861654694093	4.4114859544093024E-7	1.6041193860768934E-7
226	226	0.2421590399298777	1.1203612607834412E-5	8.495229664824486E-7	5.539167118809779E-6	0.15084483318537972	0.6069754126880184	3.1218940310825114E-6
227	227	0.18928090442829604	9.59088507577989E-6	7.272366000116162E-7	4.7418200817559536E-6	0.14395237687713905	0.6667489862463651	2.672506442246857E-6
228	228	0.027337545576443145	0.011234241707564159	7.22230971529761E-7	4.7091817496688565E-6	0.016736423353102665	0.944683703838805	2.654111363719403E-6
229	229	0.2218878938559152	0.023606305747505413	9.143238391181855E-7	0.02628137371543877	6.63578236506572E-6	0.7282135165455452	3.360029391128277E-6
230	230	0.17349858026781623	0.08969241006887504	1.6796222003229616E-7	0.011107706351419985	1.2189999757225304E-6	0.7256746724765388	2.5243873154276067E-5
231	231	0.16780059219580654	6.275364320182585E-6	4.7583456333644914E-7	0.07388624613193925	0.0011894906522444077	0.7571151711867259	1.7486344003314295E-6
232	232	0.2491109795608025	5.6310701644203316E-6	4.269804390776622E-7	0.06667593920395681	3.098846542809358E-6	0.6842023552366847	1.5691014095415669E-6
233	233	0.22135382648586516	0.003116449538108954	7.566860889424339E-7	0.06490797340117872	5.491713099964041E-6	0.7106127214459103	2.78072974795951E-6
234	234	0.2652925920778053	6.011958699842341E-6	4.558616196251397E-7	0.08843025791475385	3.308454146111122E-6	0.6462656984967244	1.6752362507632483E-6
235	235	0.18831726749949657	8.762171388859305E-6	6.643987159897175E-7	0.05475110449157375	4.821929708394044E-6	0.7569149379242888	2.441584827654023E-6
236	236	0.10719419093069162	0.10372529233397576	4.632619477985612E-7	0.12450679405309607	0.03505188758104331	0.6295196694076847	1.7024315606773724E-6
237	237	0.23385231122039543	7.707297265870949E-6	5.844120344081006E-7	0.19159889826184634	4.241419621736648E-6	0.5745341097453776	2.1476434586175847E-6
238	238	0.10938594942530182	6.879648744402757E-6	5.216549174161398E-7	0.18808021338190262	3.7859545530152043E-6	0.7025207329159275	1.9170186530795028E-6
239	239	0.5875351283859191	0.013150021599358035	2.998687637318396E-7	0.05412506007798221	0.1457520484028187	0.19943633968376326	1.1019813948983604E-6
240	240	0.5349749519393538	0.030051653201848966	4.985837170123109E-7	0.05651138998950154	0.09094297814044378	0.28751669591034956	1.8322347853415257E-6
241	241	0.32025583471147556	0.020587365435426327	5.705759728440373E-7	3.720341641435647E-6	0.16012533989435243	0.49902507224352355	2.0967976078109937E-6
242	242	0.24326551213335684	0.0031590396217606154	5.656545405287203E-7	3.68825229584523E-6	0.20054409781409044	0.5501222470351341	0.0029048494888215884
243	243	0.08540676488257729	0.005727498313446524	5.573343548690662E-7	0.03473310473008219	0.1765931890033219	0.6975368375999519	2.0481362652117393E-6
244	244	0.05866833785776265	0.014288419867960894	4.530755950283782E-7	0.07300949686226085	0.1860072185819753	0.6680244087564975	1.6649979477364418E-6
245	245	0.0022188997713842346	3.6182461138194013E-6	2.743564312395118E-7	0.9977714355120694	1.9911649355192973E-6	2.7727224035618406E-6	1.0082266623375944E-6
246	246	3.4202013632592127E-6	0.005964253133948619	1.4523293858885635E-7	0.9940291259135156	1.0540402989427397E-6	1.46776447244605E-6	5.337134627148317E-7
247	247	0.3414346978136009	3.57183705867747E-6	2.7083742718467223E-7	0.606694237186871	1.9656254668424002E-6	0.04646367388758472	0.005401582811990635
248	248	0.30429399710658434	3.0574196915720413E-6	2.3183131522682887E-7	0.6265598910129757	1.6825353200195095E-6	0.06407561074123638	0.005065529352876767
249	249	0.1757309552979577	5.103570055458501E-6	3.869823176617443E-7	0.8000844391115272	2.8085568036907903E-6	3.910950937491546E-6	0.024172395530400768
250	250	0.12539954171408715	6.411800402027503E-6	4.861799393362482E-7	0.8531982107777274	3.5284919080833252E-6	1.4748094245186922E-4	0.02124434009348406
251	251	4.666342860354491E-6	2.6132024328187795E-6	1.9814818313112566E-7	0.040442372457033526	1.4380771484198132E-6	0.959547983601763	7.281705787758545E-7
252	252	1.794721272149602E-5	1.0050633086692369E-5	7.620973639219697E-7	4.969123644823085E-6	5.530985884447443E-6	0.9999579393317702	2.8006155282452486E-6
253	253	7.316948695340238E-6	4.0975703465605945E-6	3.107015779666022E-7	2.0258757353683303E-6	2.254942902787389E-6	0.9999828521700665	1.141790675440077E-6
254	254	0.03597160017741319	4.290278123316483E-6	3.2531380064015496E-7	0.2730227942164144	0.09067536928987335	0.6003244252355507	1.1954888243368618E-6
255	255	0.09750914789630853	1.9945382835565915E-5	4.402484573904129E-8	0.9024570266168036	6.774439961981298E-6	6.899853267626504E-6	1.617859770185282E-7
256	256	0.0012367808534113397	0.012081867997471804	2.049356202103926E-7	0.9866768346259847	1.4873375453903565E-6	2.071136378607924E-6	7.531135881353895E-7
257	257	7.156229388140902E-6	9.311647310139455E-5	3.038769104124435E-7	0.9998930302328721	2.2054123025057647E-6	3.0710645769049975E-6	1.1167108485936407E-6
258	258	4.219844466937229E-6	2.363158507019674E-6	1.791884006903052E-7	0.9999894679102059	1.30047492852405E-6	1.810927816810267E-6	6.584956741906313E-7
259	259	0.0061562315715337585	3.12562808944243E-6	2.3700327203452395E-7	0.9938354195465594	1.7200712326896685E-6	2.3952209872343117E-6	8.709583254414482E-7
260	260	0.021175705100875318	2.137874824301042E-4	2.864676214082994E-7	0.8174008922653689	0.02247309689630802	0.13873517905357657	1.0527338196352947E-6
261	261	0.053861870189719836	0.02929344199499422	3.790462902664621E-7	0.6775269680223027	2.7509604156439886E-6	0.23931319683706018	1.392949217119588E-6
262	262	0.03153513292394189	0.021345558192338986	4.7253781365635543E-7	0.7141083935537215	3.4294830305548227E-6	0.23300527678990887	1.7365192444682827E-6
