0	0	0.9999925986961772	6.386841684904346E-6	1.01446213786477E-6
1	1	0.9999900302767091	8.60321989561517E-6	1.3665033953252281E-6
2	2	0.9999698697123852	2.972473275295173E-6	2.715781433967704E-5
3	3	0.9998792205327078	1.1888687318833388E-4	1.892594103854865E-6
4	4	0.999996967461942	2.616882233779742E-6	4.1565582433256927E-7
5	5	0.9999927609901366	6.2467926003187956E-6	9.922172630480882E-7
6	6	0.9999854594225369	1.2547568440281284E-5	1.9930090227565907E-6
7	7	0.21039206512549308	1.1177704032572133E-4	0.7894961578341811
8	8	0.999987269235488	1.0985818095472638E-5	1.7449464165782838E-6
9	9	0.9999903716168412	8.308665660691726E-6	1.3197174980665215E-6
10	10	0.999990670170609	8.051033263057539E-6	1.2787961278836754E-6
11	11	0.9999935704814039	5.5482545192255706E-6	8.812640767806569E-7
12	12	0.9999845583862164	1.332510392180486E-5	2.1165098617888855E-6
13	13	0.9999935890026518	5.5322718922309694E-6	8.78725455855081E-7
14	14	0.9999829083713105	1.4748958992997331E-5	2.342669696460463E-6
15	15	0.999993682814696	5.451318226664862E-6	8.658670772244837E-7
16	16	0.999993809156677	5.342293350815203E-6	8.485499721369566E-7
17	17	0.9999967285927862	2.8230107103094046E-6	4.483965035746009E-7
18	18	0.9999893666843623	9.175856739479744E-6	1.4574588981397132E-6
19	19	0.9999161268135377	2.9856993936714276E-6	8.088748706877244E-5
20	20	0.999990816858894	7.92445085600677E-6	1.2586902499540088E-6
21	21	0.9999969580284271	2.6250227408681183E-6	4.169488321495152E-7
22	22	0.9999598181641285	3.9640986772614774E-6	3.621773719413374E-5
23	23	0.9999935724023562	5.546596862857401E-6	8.810007808190437E-7
24	24	0.9999830697762573	1.4609677068239819E-5	2.3205466744526707E-6
25	25	0.9999924858128691	6.484252605200614E-6	1.0299345255221455E-6
26	26	0.978013438865487	0.021985591378296494	9.69756216400066E-7
27	27	0.999984344889165	1.3509337929836209E-5	2.145772905226555E-6
28	28	0.9999883007781143	1.009566419778221E-5	1.6035576879028818E-6
29	29	0.3018597683661552	8.263055254627488E-6	0.6981319685785902
30	30	0.9991026796134909	8.953674168111344E-4	1.952969697989341E-6
31	31	1.4168452070506242E-5	1.0141623418890948E-5	0.9999756899245106
32	32	0.9990304933509719	9.685604893868505E-4	9.461596411506882E-7
33	33	0.9950917228622067	0.004906856541674835	1.4205961184551427E-6
34	34	0.9891979081568211	0.010801097115567126	9.947276117576603E-7
35	35	0.9914888645886681	0.008510701614960859	4.3379637116971327E-7
36	36	0.999987123186372	1.1111848941479922E-5	1.7649646866067463E-6
37	37	3.4496056552429734E-6	2.469190093953629E-6	0.9999940812042508
38	38	0.9999943089270504	4.911024167608779E-6	7.800487818499244E-7
39	39	0.9999865838243163	1.1577283159928735E-5	1.8388925238034925E-6
40	40	4.492475643399655E-6	3.215665054105746E-6	0.9999922918593025
41	41	0.9999938522053943	5.305145120046028E-6	8.426494855642171E-7
42	42	0.9999840941075245	1.3725746102371473E-5	2.180146373083199E-6
43	43	3.685672162430157E-5	3.5525714707191006E-6	0.999959590706905
44	44	0.9999922563656362	6.682250577881671E-6	1.0613837858245674E-6
45	45	0.9999869526805554	1.1258984322287972E-5	1.7883351223140966E-6
46	46	0.10107348254833828	3.555860333809968E-6	0.8989229615913279
47	47	0.9999402168894563	5.884631917449258E-5	9.367913691091579E-7
48	48	0.9999273495809509	7.167254153764369E-6	6.548316489536242E-5
49	49	9.449779665809782E-5	4.88303656628471E-6	0.9999006191667756
50	50	0.15070965988789495	6.051318221722789E-6	0.8492842887938833
51	51	0.9960004620073579	0.003997523654144725	2.014338497389623E-6
52	52	0.999994654879123	4.612490129499207E-6	7.326307474806297E-7
53	53	0.9999949360767314	4.369834963533597E-6	6.940883049755606E-7
54	54	0.9977096806590772	1.5817073874755117E-5	0.0022745022670480936
55	55	0.9976208746020213	4.481835646972763E-6	0.002374643562331609
56	56	0.9878718027253512	0.011571203450126358	5.569938245223333E-4
57	57	0.9999874279471538	1.0848860296237467E-5	1.7231925500094986E-6
58	58	0.9999942593190374	4.953832642121011E-6	7.868483204505213E-7
59	59	0.9991599166421917	1.4150429315251452E-6	8.386683148767738E-4
60	60	0.9999973241550615	2.309079373771887E-6	3.6676556482566934E-7
61	61	0.9999196743044028	7.906700534725428E-5	1.2586902499540088E-6
62	62	0.9996445437502751	2.1839872068692453E-6	3.532722625181244E-4
63	63	0.9931230708436971	4.104579790433699E-4	0.00646647117725958
64	64	0.1732072071217997	5.474742615132843E-5	0.826738045452049
65	65	0.9996086976030656	1.3479856735958186E-4	2.5650382957484723E-4
66	66	0.9994930314716055	2.952069777747014E-6	5.040164586168426E-4
67	67	0.9972852710084015	4.790013485719078E-6	0.002709938978112682
68	68	0.9940392963427153	1.1621977103239075E-5	0.005949081680181488
69	69	0.9932883823555126	3.6445145999082117E-6	0.0067079731298874115
70	70	0.9225010129510129	0.0774981121041571	8.749448298560426E-7
71	71	0.9544550641069788	0.045543999052047666	9.368409734113509E-7
72	72	0.9306637053149747	0.069334112387356	2.1822976693107935E-6
73	73	0.1412338913213564	1.4091355285170176E-6	0.8587646995431151
74	74	0.9681906821553857	0.031809031749191474	2.8609542290991314E-7
75	75	0.9699425895538858	0.030056363879385654	1.0465667284401853E-6
76	76	0.8631090772628953	0.13688958989628483	1.3328408198666258E-6
77	77	0.8915670115142734	0.10843169671143228	1.2917742942775816E-6
78	78	0.971397614493721	0.028601127084611117	1.2584216679577518E-6
79	79	0.4603499042124556	0.539648733597778	1.3621897665039162E-6
80	80	0.9632663895194529	0.03673118661173902	2.4238688081280787E-6
81	81	0.9813856655439223	0.01861277458441418	1.5598716635436498E-6
82	82	0.9676203933597107	0.03237783920719076	1.7674330984811787E-6
83	83	0.9776067053414265	0.022392371408265496	9.232503079943056E-7
84	84	0.9466566139266418	0.05310495176338909	2.3843430996907784E-4
85	85	0.9817587129085199	0.018240562056561403	7.250349185894327E-7
86	86	0.6128977383561252	0.3871003629566085	1.8986872663801519E-6
87	87	0.7044910149567303	0.2955076597899961	1.3252532736375395E-6
88	88	0.4864748747078797	0.5135228675246727	2.2577674475604906E-6
89	89	0.5091288270035206	0.4908699259284973	1.2470679821088463E-6
90	90	0.9230510436536139	0.0769472022308688	1.7541155172785903E-6
91	91	0.1859301190953999	7.279196505947033E-6	0.8140626017080942
92	92	0.8523414610980442	0.14765632520347416	2.213698481654891E-6
93	93	0.8258659967291707	0.17409592635729176	3.807691353747363E-5
94	94	0.9666502625135851	0.03334731062529304	2.426861121896314E-6
95	95	0.9762945331056471	0.023704196454398356	1.2704399546350717E-6
96	96	0.9906341876191823	0.009364051982079494	1.760398738155005E-6
97	97	0.986525857298097	0.013473200923963025	9.41777939813366E-7
98	98	0.9998976473840707	1.0097494567403719E-5	9.225512136192931E-5
99	99	0.9944790300561448	0.005520344308918226	6.256349369601038E-7
100	100	0.8316953267407229	0.16830362885484018	1.0444044368287628E-6
101	101	0.3536781794072244	0.6463202805448951	1.5400478805434713E-6
102	102	0.585475979316086	7.184299987524626E-4	0.41380559068516154
103	103	0.5860040441974868	5.313242922870937E-6	0.4139906425595903
104	104	0.796459731901918	5.396647329945872E-6	0.20353487145075197
105	105	0.0814880708208498	7.140605448455556E-6	0.9185047885737018
106	106	0.468815379192311	6.020247722026218E-6	0.5311786005599669
107	107	0.4880567954637529	1.4621183341094664E-5	0.511928583352906
108	108	0.9866745873388861	0.013323821076426969	1.5915846868756596E-6
109	109	0.9570648080888666	0.04293408316933713	1.1087417962791724E-6
110	110	0.9623448959478459	0.037654117258269136	9.867938848474485E-7
111	111	0.9174558630061163	0.08185532101349652	6.888159803872893E-4
112	112	0.9002774935473128	0.09727639556204458	0.0024461108906425905
113	113	0.7703497752567805	0.22964837547155478	1.8492716647437264E-6
114	114	0.7876238323975142	0.2123751212833293	1.0463191563524962E-6
115	115	0.9734087614493072	0.026590310846619225	9.277040734162485E-7
116	116	0.14732726385593464	6.783581366269139E-6	0.852665952562699
117	117	0.9982707564372705	0.001728419554816125	8.240079132833029E-7
118	118	0.9999848501722197	1.307331166277755E-5	2.076516117463834E-6
119	119	0.9999928846910262	6.140046813653517E-6	9.75262159995438E-7
120	120	0.8336013716257044	0.16639724108396853	1.3872903270837337E-6
121	121	0.8443749307880845	0.15562453092679784	5.382851177596829E-7
122	122	0.9999856581374763	1.2376090429294478E-5	1.9657720943646385E-6
123	123	0.9999946806506471	4.590250987748003E-6	7.290983650609232E-7
124	124	0.9999892996933223	9.233665630649704E-6	1.4666410470353842E-6
125	125	0.9999969151359238	2.6620361691476543E-6	4.2282790719703216E-7
126	126	0.3773832627113232	0.5258535595980676	0.09676317769060933
127	127	0.5055398880034869	0.4912379616652402	0.0032221503312728664
128	128	0.5080668415173346	0.4919316403707471	1.5181119183787342E-6
129	129	0.3124123480034837	0.6875857335447356	1.9184517806584863E-6
130	130	0.3369224254922512	0.6630761333136959	1.4411940530360379E-6
131	131	0.12634897176072174	0.8736491916374282	1.8366018502710741E-6
132	132	0.06010078549950113	0.9398975611935364	1.6533069626356224E-6
133	133	0.14330148062343462	0.8566983219976672	1.973788982841833E-7
134	134	0.5146074233862337	0.48539081866384437	1.7579499220616422E-6
135	135	0.5131976376752097	0.48680190449490335	4.5782988706881156E-7
136	136	0.18492576616146109	0.1752961359546775	0.6397780978838615
137	137	0.44379037925810194	0.5562084854630681	1.1352788300958124E-6
138	138	0.12998026485584094	0.1060867521624557	0.7639329829817034
139	139	0.6588278002340748	0.3411711777442318	1.0220216932689579E-6
140	140	0.09271754042067072	0.10819658412859759	0.7990858754507317
141	141	0.5824065493899033	0.41759196137739313	1.4892327035868058E-6
142	142	0.15559504421558204	0.3272801820318324	0.5171247737525856
143	143	0.29980755979900614	0.7001914756260355	9.645749584064634E-7
144	144	0.33021849976059453	0.6697801204144432	1.3798249623042994E-6
145	145	0.31816316774847914	0.6818352435252105	1.5887263104418997E-6
146	146	0.6865900380460757	0.31340930590521016	6.560487141643427E-7
147	147	0.06942113457918389	0.3289680986910122	0.6016107667298041
148	148	0.3271975485369926	0.6728011581778975	1.2932851099635293E-6
149	149	0.09084690711942127	0.36344763911733485	0.5457054537632439
150	150	0.17572473729032473	0.8242745053665441	7.573431310889316E-7
151	151	0.036397318263921105	0.12166339371283583	0.8419392880232431
152	152	0.4085918970618788	0.591406736434726	1.3665033953252281E-6
153	153	0.367167494137762	0.6328313577647924	1.148097445736007E-6
154	154	0.4049365806742068	0.5950612808150147	2.1385107785686618E-6
155	155	0.44907462036563706	0.5509232866599593	2.0929744037817713E-6
156	156	0.3289905331675457	0.6710078414722557	1.6253601987619027E-6
157	157	0.2266528687923471	0.2815012462629961	0.49184588494465686
158	158	0.39042991533545796	0.6095688447629721	1.2399015700072988E-6
159	159	0.3462171258094003	0.20086379967867826	0.45291907451192154
160	160	0.36158782242900106	0.18781136508055277	0.4506008124904461
161	161	0.5162972092996925	0.4058196669524023	0.07788312374790526
162	162	0.5576991299889921	0.36013563632940704	0.08216523368160088
163	163	0.3075745038075433	0.6924234303446802	2.0658477765105566E-6
164	164	0.3817552412027094	0.6182432050898907	1.553707399917394E-6
165	165	0.2881451867113258	0.7118525066587122	2.306629961939153E-6
166	166	0.0047534615571950024	0.9952443905859386	2.1478568666135024E-6
167	167	0.6462599280449619	0.35373876239651314	1.3095585248933276E-6
168	168	0.7930774857809062	0.20692103987836394	1.4743407298592773E-6
169	169	0.8529947759916386	0.147004113526793	1.1104815684106747E-6
170	170	0.08845811628142519	0.9115406809062789	1.2028122959846876E-6
171	171	0.3112066189360233	0.688793030677619	3.5038635768084156E-7
172	172	7.302801769143625E-5	0.8135667194351776	0.18636025254713115
173	173	8.25931698972097E-6	0.8070103303925728	0.19298141029043747
174	174	0.1188860946172448	0.8693365811272913	0.011777324255463864
175	175	0.04291408598130729	0.939322403583731	0.01776351043496185
176	176	0.002935280492754702	0.9239886499882403	0.0730760695190052
177	177	2.616180849235121E-4	0.9392372192350416	0.060501162680035046
178	178	0.055558924876382976	0.944440367516248	7.076073689153401E-7
179	179	0.01184569280403257	0.9881535947158749	7.124800925314316E-7
180	180	1.3886506278733528E-5	0.9999845346913817	1.5788023396756726E-6
181	181	1.7507441437678855E-4	0.9998241802074511	7.453781720490537E-7
182	182	0.030621105240008162	0.969377655466375	1.2392936169456819E-6
183	183	0.030805485504321842	0.9691930539084849	1.4605871934204355E-6
184	184	0.09328550588151008	0.9067140033726566	4.907458333744692E-7
185	185	0.11878281945334751	0.8812161760486952	1.0044979572550844E-6
186	186	0.10112045635231695	0.8988794355148509	1.0813283204528621E-7
187	187	0.05750119548890867	0.9424987069259398	9.758515146731459E-8
188	188	0.0835688080615715	0.9164304410877416	7.50850686828836E-7
189	189	0.22973158112219746	0.7702682890876711	1.2979013136988865E-7
190	190	0.32928536123225216	0.670713268666421	1.370101326953878E-6
191	191	0.06782867013129477	0.9321702517990217	1.0780696834735788E-6
192	192	0.0575286468651038	0.9424710249262541	3.2820864205589856E-7
193	193	0.12221955287360434	0.8777794170119719	1.0301144237672738E-6
194	194	0.039878296497201315	0.9601198076638834	1.8958389154572637E-6
195	195	0.2741949979450624	0.725804122761753	8.792931845611822E-7
196	196	0.2870063371483862	0.7129912205803284	2.4422712853943936E-6
197	197	0.18693101505062346	0.8130681160204871	8.689288894081414E-7
198	198	0.10348541850282499	0.8965138387786893	7.427184857462332E-7
199	199	0.1476695004957914	0.8521721685709216	1.5833093328704501E-4
200	200	0.3145532221853416	0.6854452761951548	1.5016195036603779E-6
201	201	0.23767008284965432	0.7623292028869161	7.142634295530815E-7
202	202	0.17177005332291762	0.8282289973189465	9.49358135827158E-7
203	203	0.01790168853678456	0.9820981464292944	1.6503392112323988E-7
204	204	0.18753557736370205	0.8124629049150656	1.5177212325652262E-6
205	205	0.16537586639048493	0.834622099119027	2.0344904881970978E-6
206	206	3.949347753340407E-4	0.9996033837924478	1.6814322182083471E-6
207	207	8.230728179939121E-7	0.99999908334934	9.357784202080463E-8
208	208	0.1333392397019478	0.8666598721326084	8.881654438077338E-7
209	209	0.09012423765886649	0.9098752813610453	4.809800882202751E-7
210	210	0.07772622170916185	0.5609127501132739	0.3613610281775642
211	211	0.04307718201416476	0.604284005337339	0.3526388126484963
212	212	0.23761244074825588	0.7623861259966846	1.4332550595656137E-6
213	213	0.20804612142178286	0.7919531002452397	7.783329774150935E-7
214	214	0.2958244813523442	0.70417433909084	1.1795568159479902E-6
215	215	0.18945266834580762	0.810546868951136	4.627030564246806E-7
216	216	0.09542347057811694	0.9045757162455724	8.131763106048838E-7
217	217	0.31302453488533283	0.6869748567334115	6.083812556090196E-7
218	218	0.04904493155738763	0.950953567587403	1.5008552095112671E-6
219	219	0.023473627132635247	0.9765257389609503	6.339064144546772E-7
220	220	8.217447500842276E-6	0.9999908482840028	9.342684963431291E-7
221	221	2.546355405008623E-6	0.9999971641411165	2.8950347844008296E-7
222	222	0.2451443318107399	0.7548539891505887	1.6790386714837025E-6
223	223	0.242212997400925	0.7577850178623182	1.9847367567982347E-6
224	224	0.11354081834642815	0.8864581974944623	9.841591095033938E-7
225	225	0.09943312388610255	0.9005667628798752	1.1323402216549549E-7
226	226	0.1787624219007991	0.8212353743272662	2.2037719346591835E-6
227	227	0.13596895992635652	0.8640291535337197	1.886539923911503E-6
228	228	0.01960711998885841	0.980391006456646	1.873554495748636E-6
229	229	0.19936973537733277	0.8006278927453067	2.371877360549056E-6
230	230	0.1832267017695065	0.8167728625218679	4.357086256647702E-7
231	231	0.12112754702399577	0.8788712186107578	1.2343652465365777E-6
232	232	0.15545679321742437	0.8445420991513757	1.1076312001133248E-6
233	233	0.14435976005257334	0.8556382770105959	1.9629368308524055E-6
234	234	0.21697037934156752	0.7830284381056735	1.1825527591382863E-6
235	235	0.14156018649624982	0.8584380899754682	1.7235282820619209E-6
236	236	0.17063626114068148	0.8293625371091241	1.2017501945398624E-6
237	237	0.1563934097180824	0.8436050742513359	1.5160305817768665E-6
238	238	0.0474332348205364	0.952565411949906	1.353229557770943E-6
239	239	0.6113252538552574	0.3886739682566386	7.778881039516632E-7
240	240	0.5692662875754821	0.43073241904486465	1.293379653292264E-6
241	241	0.3421783819114792	0.6578201379507221	1.4801377987035292E-6
242	242	0.2588605722250498	0.7411379604040668	1.4673708835204105E-6
243	243	0.03433405584215913	0.9656644983707292	1.4457871118280947E-6
244	244	0.03681293666449186	0.9631858880100657	1.1753254425737835E-6
245	245	6.259880149522511E-6	0.9999930284135921	7.117062584194356E-7
246	246	3.6531402949259846E-4	0.9996343092238189	3.7674668852940955E-7
247	247	0.2736509295745861	0.7263483678478395	7.025775743371304E-7
248	248	0.24419885425964097	0.7558005443488337	6.013915253516793E-7
249	249	0.17385985694309436	0.8261391391858945	1.0038710110998347E-6
250	250	0.12240667004080841	0.877592068756637	1.2612025547553419E-6
251	251	4.521059142187235E-6	0.9999949649268497	5.140140081475037E-7
252	252	1.7388668265115296E-5	0.999980634357139	1.9769745960401448E-6
253	253	7.089158787474336E-6	0.9996276614893329	3.6524935187955484E-4
254	254	7.42256282493316E-6	0.9999917335417187	8.438954564360672E-7
255	255	0.09399773338026836	0.9060021524157813	1.1420395033021267E-7
256	256	4.675925828846313E-6	0.9999947924528626	5.316213085243894E-7
257	257	6.933441849759063E-6	0.999992278272458	7.882856922168311E-7
258	258	1.0917936681648515E-4	0.9998903558027447	4.6483043883272414E-7
259	259	5.407603408194106E-6	0.999993977588465	6.148081267906671E-7
260	260	1.3254277588528444E-4	0.9998247119141753	4.2745309939417865E-5
261	261	0.04313584924673065	0.9568631674692945	9.832839749175064E-7
262	262	0.0168468662018105	0.9831519079851561	1.2258130335618407E-6
263	263	0.00141260777094201	0.9985862108607243	1.1813683337787282E-6
264	264	9.31705725469193E-6	0.9999896236560177	1.0592867275138248E-6
265	265	5.4772652650410385E-6	0.9999939000065237	6.227282112502493E-7
266	266	1.1458974997815415E-5	0.9999872382166376	1.3028083647318944E-6
267	267	1.251407962084636E-5	0.995482748483844	0.004504737436535267
268	268	0.10067905514428949	0.8993205907384277	3.5411728278598277E-7
269	269	4.939993536863085E-6	0.9999944983624328	5.616440303581849E-7
270	270	3.0307999831107746E-4	0.9996956296405821	1.2903611069036502E-6
271	271	1.0039566746554069E-5	0.9999888190020576	1.1414311959131044E-6
272	272	1.7571266973714354E-5	0.9999804309981857	1.997734840738946E-6
273	273	9.397515995018028E-6	0.99998953404966	1.0684343449868201E-6
274	274	0.04698751257150513	0.9530102948539156	2.19257457916685E-6
275	275	4.789620782252829E-6	0.9999946658315579	5.445476598214339E-7
276	276	7.322325341710583E-6	0.9999918451755293	8.324991289611454E-7
277	277	6.166609359654967E-6	0.9999931322886432	7.011019971091742E-7
278	278	7.699468150542346E-6	0.9999914251541204	8.753777290225099E-7
279	279	6.239299406449448E-6	0.9999930513342271	7.093663663930462E-7
280	280	1.0302099293569183E-5	0.9999885266213263	1.1712793802691107E-6
281	281	1.7509270525871935E-4	0.9998234701978881	1.4370968533450421E-6
282	282	0.2205485194617156	0.779449923549353	1.556988931498478E-6
283	283	0.1881629681625984	0.8118363534250639	6.784123377709152E-7
284	284	0.11285754795879173	0.8871413221276296	1.1299135787255107E-6
285	285	0.14600419585118146	0.8539952958644073	5.082844113892213E-7
286	286	0.10363304983417744	0.8963660934390495	8.567267730930674E-7
287	287	0.04725907747174177	0.9527401583484492	7.641798090440093E-7
288	288	0.05745811077158976	0.9425404310487879	1.4581796224618755E-6
