0	0	0.02534600206599874	1.2373229186613749E-6	3.500714121542577E-7	0.2174842538624038	0.7259633264390365	1.0403469673038066E-6	7.912711787657778E-7	5.152940977211292E-7	2.634902836115054E-6	1.3712376697310693E-6	9.149291113297677E-7	2.1289024255550266E-7	2.4702754395345577E-6	1.586019177036894E-6	0.03119329307151015
1	1	3.5795087202821163E-6	1.6666955462642402E-6	4.7155229626164713E-7	2.2360885815849246E-6	0.98367789382752	1.4013655051752106E-6	1.0658560749549188E-6	6.941101346584685E-7	3.5492600642547736E-6	1.8470810509863321E-6	1.2324254663047691E-6	2.8676686882535355E-7	3.3275040905024745E-6	2.1363954864077836E-6	0.016298611562593508
2	2	1.2367575321363292E-6	5.758606646048101E-7	2.684846761918579E-5	7.725918867383665E-7	0.9977496061308888	4.841863728341125E-7	3.6826437142185985E-7	2.3982227848948074E-7	1.226306306534658E-6	6.381857346316481E-7	4.258158304274005E-7	9.908093895045862E-8	0.0022160496227699683	7.381468843659193E-7	6.907599207757221E-7
3	3	4.957557037376092E-6	2.3083442115191863E-6	6.530916914873549E-7	0.019364541127176484	0.9735432731508334	1.940866740386071E-6	1.4761920414615889E-6	9.613304091961954E-7	4.915663177274613E-6	2.55817498391221E-6	1.7068877382254788E-6	3.9716710300942936E-7	0.007064582657209942	2.958870422146836E-6	2.7689192241778466E-6
4	4	0.006367750812394081	5.069719132863654E-7	1.4343577648970614E-7	0.012569551654622816	0.9748075159260241	4.262643846169817E-7	3.242098383348782E-7	2.1113294733882407E-7	1.0796063921567923E-6	0.0018095396064600104	3.7487656221066805E-7	8.722813742521423E-8	0.004441230304240237	6.498442440241539E-7	6.081260627473684E-7
5	5	0.05793386562385045	1.2101914991435967E-6	3.4239521526087625E-7	5.7704235620947214E-5	0.2546141476070705	1.017534741337359E-6	7.739205664238944E-7	5.039949775565788E-7	0.031912442235349975	1.3411698322127084E-6	8.948669875509796E-7	2.082220881110155E-7	2.4161084324714498E-6	1.5512417143338E-6	0.6554715806520538
6	6	5.220583297768628E-6	2.430814843945031E-6	6.877418758443408E-7	3.2612538796757964E-6	0.16796959845165138	2.043840627886555E-6	1.5545123248914231E-6	1.012334389710423E-6	0.16243872951174937	2.693900542766152E-6	1.7974477247895351E-6	4.182390497501164E-7	4.853043709519133E-6	3.115855125753046E-6	0.669562582469207
7	7	2.4535145106331404E-6	1.1424086451854348E-6	0.7352774615856573	1.5326895981265532E-6	0.08074051899400801	9.605425968558991E-7	7.30573257534143E-7	4.757662071648352E-7	0.04203641995539898	1.2660508787790587E-6	8.447454668064754E-7	1.965595641226382E-7	2.2807821430856875E-6	1.464356629906331E-6	0.14193225147543753
8	8	4.570808497100068E-6	2.1282658488238046E-6	6.021427550565964E-7	2.855345101148761E-6	0.32360114556655273	1.7894560005689684E-6	1.3610314668281352E-6	8.863351787476999E-7	0.1322598848812995	1.0098303092846525E-4	1.573730149478272E-6	3.6618333496067034E-7	4.249014364687797E-6	2.7280432611068774E-6	0.5440148761652608
9	9	3.456956419510944E-6	1.6096325832038653E-6	4.5540767325420835E-7	2.1595312040742525E-6	0.43405485735371807	1.353386695706898E-6	1.0293641637782473E-6	6.703457578575428E-7	0.10689206719176843	1.7838421961047692E-6	1.1902306881306485E-6	2.769487786052179E-7	3.213579718756727E-6	2.063251319798298E-6	0.4590338129773147
10	10	3.349765724854006E-6	1.559722311335158E-6	4.412867359543611E-7	0.05507789837574569	1.0560626557171833E-5	1.3114219028522622E-6	9.974464169569094E-7	6.495601827083926E-7	3.321458513138286E-6	0.012578093635392336	1.1533249135762853E-6	2.6836135997432766E-7	3.1139354650875664E-6	1.999275580627044E-6	0.9323152818031978
11	11	2.3084531115999952E-6	1.074864966262829E-6	3.041077563016883E-7	0.10798852004352719	7.277736187778138E-6	9.037515518765522E-7	6.873789016928331E-7	4.4763704333681505E-7	2.2889455172386846E-6	0.013798433170416	7.948008022402842E-7	1.8493819190682147E-7	2.1459333589713246E-6	1.3777781236464036E-6	0.878193250460544
12	12	5.544079900427876E-6	2.581441756467621E-6	7.303582172859639E-7	0.05275796491961523	0.09810974903492208	2.1704884489798115E-6	1.6508386216309548E-6	1.0750643026621843E-6	5.497229625990513E-6	2.8608297197911094E-6	1.9088276605671214E-6	4.441554855153352E-7	5.153765499219777E-6	3.3089309738082505E-6	0.8490993600352503
13	13	2.301803309579146E-6	1.0717686767220633E-6	3.032317340154876E-7	0.04480021943879921	0.15198538477282122	9.011481769733257E-7	6.853988165931631E-7	4.4634756611051565E-7	0.002237254822513921	1.1877655869731136E-6	7.925112742640166E-7	1.844054531840402E-7	2.1397517164179676E-6	1.3738092530183335E-6	0.800965753024302
14	14	6.136477991554913E-6	2.857274932820116E-6	8.083987256353763E-7	3.833405486712061E-6	0.13957622433309885	2.4024102894081378E-6	1.8272346450969032E-6	1.1899374740763888E-6	6.084621654137952E-6	3.1665161628946723E-6	2.112790424942718E-6	4.916145529365282E-7	5.7044575705260644E-6	3.662498099059071E-6	0.8603834980288914
15	15	2.2681213661308257E-6	1.0560856460266067E-6	2.9879458941918714E-7	0.0060209506471338645	0.15715123951819815	8.879618105235695E-7	6.75369478254842E-7	4.398162289552231E-7	2.2489545953827574E-6	1.170385190844652E-6	7.809145753580632E-7	1.8170707577713558E-7	2.108441049687276E-6	1.3537065077592685E-6	0.8368143395765539
16	16	2.222759974815339E-6	1.0349644154930736E-6	0.0013431878079777978	1.3885392068263616E-6	0.5674760615598969	8.702029799063704E-7	6.618623971774678E-7	4.3102010527046044E-7	2.203976530727449E-6	0.4311663595637982	7.652966405483344E-7	1.7807301725972025E-7	2.06627319176367E-6	1.3266329959350133E-6	1.2414668714042178E-6
17	17	1.174570915541914E-6	5.46905250604035E-7	1.5473397486297556E-7	7.337444375042684E-7	0.5610127217304152	4.598405236718561E-7	3.497473099316938E-7	2.277635396536938E-7	1.1646451982493052E-6	0.4389795188772158	4.0440496766848884E-7	9.409895323197778E-8	1.0918787552898932E-6	7.010313980271099E-7	6.560271447578816E-7
18	18	3.817759778248245E-6	1.777630316433928E-6	9.890134649854683E-4	2.3849219863619352E-6	0.8355505584061739	1.4946399850817486E-6	1.136799144895986E-6	7.403099030765094E-7	3.785497780485E-6	0.1628590792310914	1.314455346424287E-6	3.058539880996124E-7	3.5489817937014633E-6	2.278593347803299E-6	5.787634543786132E-4
19	19	1.2422604975279303E-6	5.784229625697401E-7	1.636511700181759E-7	7.760295423046999E-7	0.8507449270391632	4.863407650925437E-7	3.6990296753972115E-7	2.40889370190457E-7	1.2317627690901808E-6	0.14458292185790875	4.277105023555272E-7	9.952180060995458E-8	1.1548028542497976E-6	7.414312765390298E-7	0.004664638376449976
20	20	5.012881968070077E-4	1.53519990429035E-6	4.3434869776390646E-7	2.0596700963942416E-6	0.2471562619073689	1.2908033469237452E-6	9.81764274780547E-7	6.393476089157925E-7	3.2692375780079186E-6	0.7523239658581339	1.1351920044166891E-6	2.6414210475398314E-7	3.0649772675730526E-6	1.967842389457962E-6	1.8415124168799506E-6
21	21	1.0921943732853816E-6	5.085489769294761E-7	1.4388196954753635E-7	6.82284513831904E-7	0.23823516285742982	4.27590387193682E-7	3.2521837457796576E-7	2.117897294728726E-7	1.0829647793678383E-6	0.761757621942046	3.7604271004139186E-7	8.749948248513645E-8	1.0153016876697148E-6	6.51865747985373E-7	6.10017791813324E-7
22	22	0.7775606276793483	7.679680844388613E-7	2.172785032542409E-7	1.0303289454900424E-6	0.2170555091326712	6.457112008370847E-7	4.911175589359133E-7	3.198271164149093E-7	1.6354027337689595E-6	0.005339028884767739	5.678682148597343E-7	1.3213439216655932E-7	3.712107559766052E-5	9.843930722547804E-7	9.211977927496037E-7
23	23	0.9158256267515055	1.0745438310733335E-6	3.0401689865443747E-7	1.4416401342532067E-6	0.07594412644574126	9.034815398890205E-7	6.871735349158157E-7	4.475033037404479E-7	2.288261653706525E-6	0.00791854119554802	7.945633412435546E-7	1.848829383045858E-7	2.1452922228867854E-6	1.3773664877175125E-6	3.0005688131893806E-4
24	24	0.7899619847495187	2.8302929094033747E-6	8.00764796854281E-7	3.7972055972928643E-6	0.0573345762079354	2.3797236763906594E-6	1.8099795719446585E-6	1.1787005712424366E-6	0.057583753018897725	3.1366138905318282E-6	2.092838770985426E-6	4.869721031579022E-7	5.650588827977084E-6	0.09509212733260075	3.3950103315586542E-6
25	25	0.6295113853232233	1.2561941270886495E-6	3.554105766387728E-7	1.6853476030058547E-6	0.24589760255757145	1.0562139686828104E-6	8.033393649375323E-7	5.231531797544275E-7	0.043312686505363365	1.3921512982419036E-6	9.288832842426597E-7	2.1613716870453442E-7	2.5079512006387547E-6	0.0811496692325057	1.1793159956440579E-4
26	26	0.38746228014802486	1.1827964079457912E-6	3.346444186684346E-7	1.5868750283010186E-6	0.4568038031577185	9.945008189741637E-7	7.564013353666249E-7	4.925860489835644E-7	2.5187875879764476E-6	1.3108097859793535E-6	8.746098937346596E-7	2.0350856707138213E-7	0.09416784919799619	0.0615543931811567	1.4187952108295797E-6
27	27	0.9999478687754421	2.617132158497943E-6	7.404559769335627E-7	3.5112227600493934E-6	1.7720176967272196E-5	2.2004971079596914E-6	1.6736627252333599E-6	1.0899278869651533E-6	5.573233020184101E-6	2.9003828735989855E-6	1.9352186594891587E-6	4.5029627401164695E-7	5.225020239783382E-6	3.354679469372761E-6	3.139318438609209E-6
28	28	0.9999610415825912	1.955820679624691E-6	5.533534511568318E-7	2.6239875057799404E-6	1.3242544304331641E-5	1.6444632859778733E-6	1.2507523390057323E-6	8.145188593951417E-7	4.164957569242221E-6	2.167498031994643E-6	1.4462168681602885E-6	3.365129123534163E-7	3.904733126771494E-6	2.507000442605577E-6	2.3460580323474763E-6
29	29	0.07730041066304164	1.6007966333859753E-6	0.6309128834946423	2.147676629590312E-6	0.167141433221163	1.3459573872720107E-6	1.0237135512158604E-6	6.666659482296368E-7	3.408927068057069E-6	1.7740499364970247E-6	1.1836970115998826E-6	2.754284903509811E-7	3.1959390289328385E-6	2.0519252660679826E-6	0.12462659784420191
30	30	0.9202569959421032	3.335269541795768E-4	6.739255117692278E-7	0.07914684430730952	1.6128007205459698E-5	2.002780969869192E-6	1.5232830090764131E-6	9.919971367594885E-7	5.072474302781854E-6	2.6397815309853054E-6	1.761337967562397E-6	4.098368523781989E-7	4.755548673782311E-6	1.1343491697265163E-4	1.1323890627465778E-4
31	31	4.219575216853998E-6	1.9647241480957316E-6	5.558724781090685E-7	2.6359326653078574E-6	1.3302828243916838E-5	1.6519493644159524E-6	1.256446129919915E-6	8.182267877646711E-7	4.183917675752643E-6	2.177365117760711E-6	1.4528004708505019E-6	0.046888954269754736	3.922508615416347E-6	2.51841304276374E-6	0.9530703851702883
32	32	0.8939847391244389	1.1540163308955695E-6	3.2650177291046273E-7	0.05615285374313558	0.04984878195023505	9.703023939499504E-7	7.379964023058715E-7	4.806003307751093E-7	2.45749986308303E-6	1.2789148576677353E-6	8.533286825630043E-7	1.9855674932713766E-7	2.3039565145348186E-6	1.479235536503493E-6	1.384272756067414E-6
33	33	0.11931825334523093	1.732670292340782E-6	4.902182986262686E-7	0.018549873004303354	0.01928191178721227	1.456837383990504E-6	1.1080470942186984E-6	7.215859024949456E-7	3.6897545486995616E-6	0.007388822590088011	1.2812099952968627E-6	0.0013652692128166082	3.4592205506151908E-6	0.043601003570279365	0.7904809269460032
34	34	0.13105723249461068	1.213253298280899E-6	3.4326147929879424E-7	1.6277369030816703E-6	0.0549375885773379	1.0201091165460813E-6	7.758785948221224E-7	5.05270090948616E-7	2.583646118852157E-6	1.3445630081176381E-6	8.971310118582259E-7	2.0874889251362184E-7	2.4222212160428143E-6	0.0427306484268943	0.7712615886814268
35	35	0.011941661372461613	0.022410467274911628	1.49695742192875E-7	7.098532707465331E-7	0.5023147459322175	4.4486783553758367E-7	3.3835932403694716E-7	2.203474197772596E-7	1.1267236397028284E-6	5.863616209905481E-7	3.91237295075171E-7	9.103503387738583E-8	1.056326516542315E-6	0.009734535378648454	0.45359347523406224
36	36	4.623244451565832E-6	2.1526811467324283E-6	6.090504892366807E-7	2.888101394877293E-6	1.4575454567835901E-5	1.8099844986287436E-6	1.3766451124372984E-6	8.965031459910674E-7	4.584175701613265E-6	2.3856645947469327E-6	1.5917838575939799E-6	3.703841612893825E-7	4.297758722254408E-6	2.7593391581699008E-6	0.9999550792289971
37	37	1.0273572901630021E-6	4.783594492268261E-7	0.9966644831944512	6.41781340753505E-7	3.2388941715236965E-6	4.022068893887879E-7	3.059120942113968E-7	1.9921703304614335E-7	1.0186756023349377E-6	5.301320185366637E-7	3.537192912023279E-7	0.003325178548082221	9.550292659031429E-7	6.131683560920016E-7	5.738046641490999E-7
38	38	2.0433239681212465E-6	9.514151866556275E-7	2.691805452839054E-7	1.276447063169778E-6	9.461955999273962E-5	7.999543927908538E-7	6.084324511301576E-7	3.9622528829926495E-7	2.0260568488895177E-6	1.0543863075839903E-6	7.035167926689853E-7	1.636977759025391E-7	1.8994698416628873E-6	1.2195383344167468E-6	0.9998919687952107
39	39	4.816891193160184E-6	2.242847196597073E-6	6.345608519143851E-7	3.0090708634769194E-6	0.06829992593216636	1.8857965401869255E-6	1.434306532495886E-6	9.340535967338261E-7	4.7761860304663616E-6	0.028792246584518552	1.658456463936732E-6	3.858978739479364E-7	4.477772342871288E-6	0.011539566144505768	0.8913420054993235
40	40	1.337941823336607E-6	6.229742270162785E-7	1.7625590223709453E-7	8.358008508363428E-7	4.218057354472242E-6	5.237996791379165E-7	3.9839361537501435E-7	2.5944313919374275E-7	1.3266355393850163E-6	6.903983709285047E-7	4.60653599241494E-7	0.9999863600862473	1.2437480218391584E-6	7.985377591780939E-7	7.472738704846187E-7
41	41	2.2073039071709553E-6	1.0277677409998144E-6	2.90782704362775E-7	1.3788839331347565E-6	0.061826856059244074	8.641519819245058E-7	6.572601053880007E-7	4.2802298638284727E-7	2.1886510746586317E-6	0.021195171559289943	7.599751138075457E-7	1.7683477802939831E-7	2.0519052624390795E-6	0.021862128517374672	0.895103812324503
42	42	0.11423190994940816	2.659055413836231E-6	7.523171757984927E-7	3.567468252979962E-6	1.8004032523143313E-5	2.235746379506263E-6	1.7004727545061665E-6	1.1073871982793308E-6	5.662509394786084E-6	2.9468434588597907E-6	1.9662184948370793E-6	4.575094694217346E-7	5.308718671652365E-6	0.07418266613798305	0.8115390556334212
43	43	1.4781176267113612E-6	6.882430684790538E-7	1.9472218549746242E-7	9.23367480179846E-7	3.655335494289125E-5	5.786780300123129E-7	4.4013320682847297E-7	2.8662492679632784E-7	1.46562678644465E-6	7.627312217337649E-7	5.08916152384586E-7	0.9999530376633096	1.3740551660782715E-6	8.822003444754995E-7	8.255655520129792E-7
44	44	0.08644820802846294	1.294551829712839E-6	3.662629862418943E-7	1.7368094437997711E-6	8.765200275168128E-6	1.0884653066285986E-6	8.278692141082128E-7	5.391275850339893E-7	2.7567728974895065E-6	0.00456066610375607	9.572465984957967E-7	2.227368853123623E-7	2.5845311211109445E-6	0.04001491427995891	0.868955072013679
45	45	0.003643445933767735	2.1811849026154504E-6	6.171149564207729E-7	2.9263428860753535E-6	0.571704626494842	1.8339505915075144E-6	1.3948733374031882E-6	9.083737877999944E-7	4.644874995292687E-6	2.4172532958096303E-6	1.6128607451601041E-6	3.7528843600389636E-7	4.354665554763819E-6	0.011525540539288007	0.4131031202486134
46	46	3.34023846121435E-5	6.888802191759281E-7	1.949024522983483E-7	9.242223006065417E-7	3.658719472514496E-5	5.792137493344167E-7	4.4054066633266825E-7	2.8689027385206123E-7	1.4669836110479178E-6	7.634373308857677E-7	5.093872886676714E-7	0.9539840202072147	1.3753272169665504E-6	0.004087014037502856	0.04185174639083601
47	47	2.4539042362472214E-6	1.1425901097371409E-6	3.23268992432392E-7	1.5329330563951864E-6	0.6905547640783755	5.3908634736538625E-5	7.306893045802027E-7	4.7584177968598504E-7	2.433167506442459E-6	1.2662519831353002E-6	8.448796494022442E-7	1.9659078639440354E-7	2.281144431230896E-6	1.4645892339053498E-6	0.3093761814358185
48	48	0.1876942903940568	1.3885103730224199E-6	3.928463457224794E-7	1.8628670350064122E-6	0.8122231089920907	1.167466094628354E-6	8.879559434481341E-7	5.782574532904363E-7	6.730081153395586E-5	1.5387880557167254E-6	1.0267235355471835E-6	2.3890312354625753E-7	2.7721163329998572E-6	1.779813536074085E-6	1.665554489510836E-6
49	49	2.0316792979729572E-6	9.459931800646392E-7	2.676465160701974E-7	1.269172737001113E-6	0.02959677425536303	7.95395543982219E-7	6.04965064014134E-7	3.9396724559108975E-7	2.014510582083528E-6	1.0483774803239755E-6	6.995075307397841E-7	0.9703889185526062	1.8886449797673333E-6	1.2125883245998823E-6	1.1347435487094135E-6
50	50	2.5177598195373046E-6	1.1723226302002559E-6	0.7907116626580987	1.572823094895818E-6	0.20921641136727928	9.856944170644907E-7	7.497033276454017E-7	4.882241513966709E-7	2.4964834778122184E-6	1.299202437265077E-6	8.668651376807143E-7	2.0170647882821622E-7	2.3405044527319546E-6	1.502700827027022E-6	5.5731984370067926E-5
51	51	0.3700182336038389	2.456829213464151E-6	6.951020297188956E-7	3.296155535691629E-6	0.626761659134048	2.0657136329261906E-6	1.5711485808952415E-6	1.0231683045009463E-6	5.231864830735144E-6	2.7227304326040557E-6	0.003189620622380124	4.227150077666749E-7	4.90498056216192E-6	3.1492007369217823E-6	2.94703086555949E-6
52	52	0.34506116319968294	8.935804956302605E-7	2.5281758000346E-7	1.1988543123454399E-6	0.652276926663568	7.513267107963365E-7	5.714470179412965E-7	3.721395185463385E-7	1.9028967674667612E-6	0.002651151293217213	6.607513660646534E-7	1.5374690437594242E-7	1.7840047398383785E-6	1.145404955263411E-6	1.071873163609608E-6
53	53	0.47500275217400123	8.465711170844556E-7	2.3951738222661127E-7	1.1357851244368928E-6	0.5249861167874289	7.118010027799725E-7	5.413843998373433E-7	3.525620461364696E-7	1.8027893961522834E-6	9.381950243905677E-7	6.259906352251976E-7	1.4565860515343466E-7	1.6901520264536477E-6	1.0851476249014266E-6	1.0154841851710468E-6
54	54	0.006396378826627661	3.064192240870944E-6	8.669411102756586E-7	4.111011934333414E-6	0.12199489040907664	2.5763873415314722E-6	1.9595587940955755E-6	1.2761100212318954E-6	6.525256021772766E-6	3.3958280127273782E-6	2.265793869652613E-6	5.272161531618999E-7	6.117561325724875E-6	0.8715723693287764	3.675578694019928E-6
55	55	1.8647533881183991E-6	8.682689189295048E-7	2.456562648238538E-7	1.1648955441892924E-6	0.22255020056286026	7.300446172852928E-7	5.552601997466611E-7	3.615982880549274E-7	1.848995280450325E-6	9.622411669064442E-7	6.420349113478588E-7	1.493918668816755E-7	1.733470990469687E-6	0.7774376313144369	1.0415112656867461E-6
56	56	2.5768349661989867E-6	1.1998292774890416E-6	3.3946346841213116E-7	1.6097268353887958E-6	0.15785771146281843	1.0088221363170711E-6	7.672938991088635E-7	4.996795384926625E-7	0.019129098961863666	1.3296861132412685E-6	8.872047208081464E-7	2.0643919388980544E-7	2.395420589980054E-6	0.8229989299479956	1.4392265831032064E-6
57	57	0.019775682144237906	2.101733717310146E-6	5.946361126058954E-7	2.819748800159189E-6	0.3793674354161171	1.7671476587933203E-6	1.3440641007013572E-6	8.752856373848516E-7	4.475682175587921E-6	2.329203154207725E-6	1.5541111646996352E-6	3.616182922961668E-7	4.1960438168637905E-6	0.600831942080479	2.521084535366082E-6
58	58	0.029888019264267804	9.59708423364919E-7	2.715269215146893E-7	1.2875735175192803E-6	0.48694303903647346	8.069273854749125E-7	6.13735997268173E-7	3.9967908024221663E-7	2.043717455184216E-6	1.0635771165541176E-6	7.096491640799089E-7	1.6512468649150753E-7	1.916027022208264E-6	0.4831575532571474	1.1511953415784797E-6
59	59	5.887587633397782E-7	2.741386277737888E-7	7.75610756928562E-8	3.6779258018077364E-7	0.998954106698284	2.3049705596162186E-7	1.7531235530533626E-7	1.1416746163728252E-7	5.837834545175258E-7	3.0380849450238E-7	2.0270974319427208E-7	0.0010417472316668391	5.473089595317107E-7	3.5139502732738035E-7	3.2883645027663134E-7
60	60	9.607401985757218E-7	4.4734111164757134E-7	1.2656464396419923E-7	6.001662115619844E-7	0.999993157448968	3.7612652431618804E-7	2.860757878038139E-7	1.8629917139931984E-7	9.526214588074143E-7	4.957565840404491E-7	3.307830151435142E-7	7.696823224347226E-8	8.931021518558881E-7	5.734085831996302E-7	5.365973573719569E-7
61	61	2.1672185562330158E-4	1.53519990429035E-6	4.3434869776390646E-7	2.0596700963942416E-6	0.9987671105588326	1.2908033469237452E-6	9.81764274780547E-7	6.393476089157925E-7	3.2692375780079186E-6	1.70135371096814E-6	1.1351920044166891E-6	9.962463362477253E-4	3.0649772675730526E-6	1.967842389457962E-6	1.8415124168799506E-6
62	62	9.086932124911211E-7	4.231069257068693E-7	1.1970815115482925E-7	5.676529030651377E-7	0.9991896455983488	3.55750306056397E-7	2.7057796376247624E-7	1.7620662984045964E-7	9.010142960344351E-7	2.007579071398326E-5	3.128632289081516E-7	7.279856752196786E-8	8.447193785122922E-7	7.848179915563015E-4	5.075278178298674E-7
63	63	4.018673136920509E-4	2.846721018252132E-6	8.054127437862995E-7	3.819246039349651E-6	0.9646024769067266	2.3935365080787947E-6	1.8204853896722668E-6	1.1855422027994137E-6	6.062146891076598E-6	0.01781206241024167	2.1049864123190913E-6	4.897986765808885E-7	5.68338701929402E-6	3.648969932203695E-6	0.017152733136506254
64	64	2.2829811230565626E-6	1.0630046655407548E-6	0.7711644769836645	1.426158844736203E-6	0.22872104414187722	8.937793548846221E-7	6.797942089733083E-7	4.4269771596551383E-7	2.2636887798595856E-6	1.1780530518794E-6	7.860307922161502E-7	1.8289754248586414E-7	5.138218286641005E-5	5.0622503627957417E-5	1.2751018843370074E-6
65	65	0.005748809810670983	1.3776955153606705E-6	3.897865361636361E-7	0.2954662742078053	0.6984494359319198	1.158372911110509E-6	8.81039814246022E-7	5.737535099489336E-7	2.9338289673435603E-6	1.5268027122021847E-6	1.0187265705185819E-6	3.1945098557641506E-4	2.7505248172678245E-6	1.7659508884258738E-6	1.6525817850342116E-6
66	66	1.2282682880382161E-6	5.719078916308808E-7	1.6180788396127566E-7	0.25437050308517184	0.7455155067978796	4.808628626058233E-7	3.6573656297080634E-7	2.3817611114514598E-7	1.2178888008355049E-6	6.338051553018718E-7	4.228929822284534E-7	9.840083613776926E-8	1.1417957245148202E-6	1.0674255538287954E-4	6.860184662639966E-7
67	67	4.49954492752387E-5	9.279719193274891E-7	2.625478242898177E-7	0.604573022217271	0.3486273371298565	7.802431826445913E-7	5.934404215693328E-7	3.864621318077021E-7	1.9761339624391935E-6	0.0061073796658770736	6.861818452436157E-7	1.596641943754303E-7	1.8526661119091415E-6	1.189488400810849E-6	0.04063845073772583
68	68	4.835486364202365E-6	2.251505504532577E-6	6.370105164604258E-7	0.6672277987180298	0.33263644744964693	1.893076486486174E-6	1.4398435426190442E-6	9.376594258251068E-7	4.79462406292429E-6	2.4951846562108812E-6	1.6648587845157615E-6	3.8738759764795797E-7	1.0883044196214428E-4	2.8860137103546785E-6	2.700739709325919E-6
69	69	1.5163721444687484E-6	7.060551872230189E-7	1.9976170547087827E-7	0.5822645578562655	0.4177255895545843	5.936545437720251E-7	4.515241024324285E-7	2.9404294154271516E-7	1.5035580342117787E-6	7.824711358912366E-7	5.220871894093809E-7	1.2148183614678206E-7	1.409616488668896E-6	9.050321869036267E-7	8.46931654073228E-7
70	70	0.04045433369065332	1.0671575457646717E-6	3.0192712298667977E-7	0.8773854481698927	0.08209816610338837	8.972711162359775E-7	5.013482381356806E-5	4.444272197479559E-7	2.272532417777392E-6	1.1826553959522607E-6	7.891016082136732E-7	1.836120751796658E-7	2.1305457416633373E-6	1.3678986358173172E-6	1.2800833727260998E-6
71	71	2.454034172300263E-6	1.14265061073262E-6	3.232861097657936E-7	0.7670989496972745	0.23272625304898945	9.607460426333995E-7	7.307279951219258E-7	4.758669758618632E-7	2.433296344470246E-6	1.266319032118881E-6	8.449243864075914E-7	1.9660119602264865E-7	2.2812652195238672E-6	1.603168963735314E-4	1.3706392776204952E-6
72	72	0.0933763266941122	2.6616792196675322E-6	7.530595199341496E-7	3.5709884293389975E-6	0.7233010584493045	2.237952487869908E-6	1.7021506850622679E-6	0.011348659532417493	5.668096839520229E-6	0.0064167829548314416	1.9681586482936494E-6	4.579609139488016E-7	0.16553154778822354	3.411780564188043E-6	3.1927538029875245E-6
73	73	5.863008683978917E-7	2.7299417950645654E-7	0.8210889105106307	3.662571541645872E-7	0.17890699099462826	2.295347984408097E-7	1.7458047770420999E-7	1.1369084601139443E-7	5.813463300289218E-7	3.0254018325431697E-7	2.0186348954423382E-7	4.697059774359145E-8	5.450241053485624E-7	3.4992805627904696E-7	3.27463654662927E-7
74	74	7.494258997324115E-7	3.4894867059875113E-7	9.872681742451996E-8	4.681599705681339E-7	0.3483446294891885	2.933976941079013E-7	2.2315356949190264E-7	1.453227671250959E-7	0.11992026081153906	3.8671518543053633E-7	2.580274658098318E-7	6.00391102458186E-8	0.0043343577689861435	4.4728766842038286E-7	0.5273972727254673
75	75	6.189388527299797E-5	1.2764799204489029E-6	3.611499646523532E-7	1.7125636299538635E-6	0.3420279940949137	1.073270359769887E-6	8.163121818006779E-7	5.316013782226478E-7	0.11049945785039472	1.4146326114031066E-6	9.438834613280366E-7	2.196274842913235E-7	0.016683533759741433	1.6362112124495053E-6	0.530717134677473
76	76	0.12844547090930372	1.6256386009106098E-6	4.599361994271722E-7	0.0027141524216503375	0.30804576030248076	1.3668446311647153E-6	1.0396000531383697E-6	6.770116058168033E-7	0.3031416001387433	1.801580535943827E-6	1.202066217349006E-6	2.7970272823351946E-7	0.03533420648638614	0.01552058687242542	0.2067897704884383
77	77	8.795215232544764E-4	0.19727859498672898	4.457651766449531E-7	0.06615051484615275	0.027243949907717575	1.324730993594737E-6	1.0075690974193628E-6	6.561523064143961E-7	3.3551666528701136E-6	1.7460723179547687E-6	1.1650295418861824E-6	2.7108485093014E-7	3.1455375372970696E-6	2.0195654202765936E-6	0.708432282062251
78	78	3.296396202967106E-6	1.5348723245391664E-6	4.342560167795325E-7	0.23137625521695745	1.0392371330843456E-5	1.2905279163182388E-6	9.815547866898073E-7	6.392111854245825E-7	0.11032032294356635	1.7009906774480381E-6	1.1349497780373667E-6	2.640857423188953E-7	3.0643232651282315E-6	0.056618585930066134	0.6016601023701835
79	79	3.5682094843010915E-6	0.09855055824426595	4.7006377336947926E-7	2.2290300451956593E-6	0.18440547419284004	1.3969418926696948E-6	1.0624915463969955E-6	6.919190758229674E-7	0.43200186618151837	0.06351968489746908	1.2285351374186016E-6	2.8586164780883874E-7	3.3170003435124548E-6	2.1296516456642373E-6	0.22150603677931438
80	80	0.6499159967888661	2.95630814273162E-6	8.364178426508409E-7	0.01932042080649487	0.2501749527185136	2.4856778811094687E-6	1.8905666367393211E-6	1.2311807322235707E-6	0.058366647514411174	0.019319730802772907	2.1860197859849375E-6	5.086539237920518E-7	5.902174191185873E-6	0.002880708200906721	3.546168898101985E-6
81	81	0.5527934323387901	1.9025387877561141E-6	5.382785932944536E-7	0.009171626189844559	0.38035311144823347	1.5996636190666246E-6	1.2166784325502276E-6	7.923291432093324E-7	0.040383241383227096	0.01728228578250947	1.4068179745957642E-6	3.2734538242841556E-7	3.798357542136499E-6	2.4387029100715525E-6	2.282145010208385E-6
82	82	0.7507181677659082	2.155691746375751E-6	6.099022675822311E-7	2.892140505380256E-6	1.4595838849265503E-5	1.8125158250605575E-6	1.3785703986278598E-6	8.977569368999789E-7	0.026277067035087455	0.20119161929300003	1.5940100228210939E-6	3.709021564534888E-7	4.303769287681594E-6	2.763198190195151E-6	0.02177977160981798
83	83	0.7788277134992121	1.126074449570896E-6	3.1859627491471103E-7	1.5107751528729423E-6	1.1198966595435564E-4	9.468087278596657E-7	7.201274975605948E-7	4.6896368660674173E-7	0.016335551588742683	0.20471358513748633	8.326672689063955E-7	1.9374914914213312E-7	2.2481714465224964E-6	1.4434192116338578E-6	1.3507557389893303E-6
84	84	0.7958807959258518	1.7050165130634426E-6	4.823943123272887E-7	2.287501136497582E-6	1.1544390009309236E-5	1.4335859554654477E-6	1.0903624314713357E-6	7.100692409780698E-7	0.03508448538209276	0.099555665880923	1.2607616165288539E-6	2.933602647722011E-7	3.404010669080767E-6	0.06945279614710465	2.0452118782817867E-6
85	85	0.7887333315632166	8.843160314991532E-7	2.5019641782153104E-7	1.1864248302456612E-6	5.987560285130769E-6	7.435371054983763E-7	5.655223693769707E-7	3.6828125033412966E-7	0.028400640512733704	0.12453752197441108	6.539008278530192E-7	1.5215288717455415E-7	1.765508534960607E-6	0.058314887788902106	1.0607601967018493E-6
86	86	0.5861523099746073	2.3157757190871555E-6	6.551942617295424E-7	3.106913949922702E-6	0.024912454193666136	1.9471151871288148E-6	1.4809445096044045E-6	9.644253263994487E-7	4.931488714870439E-6	2.5664107992894244E-6	1.7123829105143414E-6	3.9844574694694705E-7	0.3677686149570529	0.021143763944036355	2.7778335117727766E-6
87	87	0.5332428778585413	1.616384359197511E-6	4.573179294379392E-7	2.1685895886356387E-6	0.13633566960981364	1.3590636209242078E-6	1.0336819418365689E-6	6.731575948211907E-7	3.4421214285024687E-6	0.003222650219960396	1.195223238027362E-6	2.7811046987213694E-7	0.3044867482031638	0.022697891563056852	1.938895292785141E-6
88	88	0.3603719677412924	2.7537250641035505E-6	7.791017262641744E-7	3.694479886544278E-6	0.06535413350654208	2.3153450696023543E-6	1.761014238568717E-6	1.1468132133319333E-6	0.046710529704199776	2.582685110308066E-4	2.0362212545715278E-6	4.737980586849631E-7	0.524475922836232	0.0028109140369916826	3.3031651995603255E-6
89	89	0.3816779159435182	1.521024642620475E-6	4.303381409435431E-7	2.040652141476181E-6	0.06126150271634872	1.278884719808241E-6	9.726991585997442E-7	6.334441955368166E-7	0.055192758975767114	1.6856442688436407E-6	1.1247102139585307E-6	2.617031497732961E-7	0.501783614382813	1.9496723252743447E-6	7.230920859604333E-5
90	90	0.06930530864013694	2.1394489506163746E-6	6.053067506294135E-7	2.870348684905325E-6	0.7197901400675266	1.7988588054952172E-6	1.3681830890960212E-6	8.909924806217815E-7	4.555997486736311E-6	2.371000285621202E-6	1.5819994098553897E-6	3.6810746747065306E-7	0.2083029833915953	0.0025804513323864227	2.5663249436313807E-6
91	91	3.028634278114067E-6	1.4101966658145445E-6	0.7671311464782133	1.89196201386927E-6	0.23278233316724878	1.1857000322674933E-6	9.018243832885994E-7	5.872889021617818E-7	3.003040789266784E-6	1.5628214435614686E-6	1.0427593013873584E-6	2.4263440505976886E-7	2.8154123195616333E-6	1.807611353223029E-6	6.704046865023228E-5
92	92	0.7639742926515453	2.6999768764755425E-6	7.638949409861445E-7	3.6223697108704672E-6	0.18594313896300896	2.270153339009205E-6	0.03853796905144497	1.1244293041436318E-6	1.3086732259276056E-4	2.9921938279713753E-6	1.9964775621203435E-6	4.6455029924523286E-7	0.003633802851699438	0.007760756421004324	3.2386928434683525E-6
93	93	0.8176995907993353	8.073901460007649E-7	2.284320481800377E-7	1.0832187620607377E-6	0.13091943609309364	6.788574568162118E-7	0.03995939580897837	3.362447834090882E-7	0.0023214295848062003	8.947735192391676E-7	5.970185613114442E-7	1.389172393290699E-7	1.6119284769619219E-6	0.009092802447207164	9.684855861258085E-7
94	94	0.9928084468850185	2.959957667479045E-6	8.3745038982406E-7	3.971167713899499E-6	2.0041392832628758E-5	2.4887464187933836E-6	1.8929005171720493E-6	1.232700609155835E-6	0.007138896361065856	3.2803121911357506E-6	2.1887183995671947E-6	5.092818505821998E-7	5.90946035004834E-6	3.7941183768890834E-6	3.5505465984388024E-6
95	95	0.7889322606690425	1.5495305924558902E-6	4.3840322885485277E-7	2.078896576146374E-6	0.2045848549152216	1.3028526573725697E-6	9.909287866038144E-7	6.453157510366659E-7	0.006465810354056749	1.7172354013089426E-6	1.1457887238262245E-6	2.6660780197298383E-7	3.0935880259070706E-6	1.986211681667688E-6	1.85870245195325E-6
96	96	0.5574906341109342	2.1471122852433074E-6	6.074749108842671E-7	0.03542408786299957	0.40705992760832344	1.8053021735265708E-6	1.3730838112374086E-6	8.941839442587702E-7	4.572316704491082E-6	2.3794930185672407E-6	1.587666004916627E-6	3.694259989088945E-7	4.28664066927465E-6	2.7522009075299115E-6	2.575517313843732E-6
97	97	0.562907393452326	1.148672091786552E-6	3.249897461763198E-7	0.028266554422761266	0.3975810064012378	9.658089324082959E-7	0.011232218218326739	4.783746750241705E-7	2.446119203618271E-6	1.2729922146197404E-6	8.493769252125166E-7	1.9763723483093468E-7	2.2932869129175722E-6	1.4723852102178196E-6	1.3778622015523129E-6
98	98	0.042790859298615036	0.0514909853944596	5.534537738047726E-7	2.624463233136827E-6	0.8295486435099858	9.229446075574413E-5	1.2509790996526654E-6	8.146665311745466E-7	4.165712673544965E-6	2.1678909980844384E-6	1.4464790664088166E-6	3.36573921942067E-7	3.905441052539302E-6	2.5074549602782594E-6	0.07605744422087325
99	99	0.024896017904100034	0.07786642031561547	2.158955168679404E-7	1.0237708604347678E-6	0.801823412748051	6.416012231500859E-7	4.879915759789765E-7	3.177914039935383E-7	1.62499332978722E-6	8.456676414494783E-7	5.642537109000636E-7	4.951899678743961E-4	1.5234645683935077E-6	9.78127370874723E-7	0.09491073550715727
100	100	0.14462676950643977	0.22112846988250723	3.604038080142935E-7	1.7090253748087475E-6	0.26753357224617313	1.0710529213599293E-6	8.146256337934923E-7	5.305030591419737E-7	2.7126722803205555E-6	1.4117098989104438E-6	9.419333437061157E-7	2.1917372125285256E-7	0.01806578984584537	0.04527780991628472	0.30335781750270857
101	101	0.08739595476294224	0.568049362702456	5.314379406870042E-7	8.956381041700244E-5	0.1756669968674162	8.862308016017221E-5	1.2012164123329395E-6	7.82259917929017E-7	4.000004823353868E-6	2.0816544798957035E-6	1.3889395875188683E-6	3.2318535066839247E-7	0.16408121070321982	2.407710930029259E-6	0.004615571663946172
102	102	3.2928830389694795E-6	1.436344396248593E-4	4.3379320451123494E-7	0.03993249510828425	0.10147064031207295	1.2891525245466245E-6	9.805086858190464E-7	6.385299403359331E-7	3.265056514670299E-6	1.6991778312850284E-6	1.1337401950704508E-6	2.6380429055609864E-7	3.061057434958166E-6	0.8584353332790705	1.8391572867102185E-6
103	103	2.210673117275769E-6	1.0293365170288553E-6	2.912265526351679E-7	1.380988649964093E-6	0.05481396724404066	8.654710162360638E-7	6.582633416806424E-7	4.2867631706655083E-7	2.191991813236901E-6	1.1407410189304236E-6	7.611351334244769E-7	1.7710469714614684E-7	2.0550372733605796E-6	0.9446469102878285	5.259318226827969E-4
104	104	2.2453747435038475E-6	1.045494333757936E-6	2.957980267704717E-7	1.402666460030978E-6	0.3387105048419381	8.79056585030454E-7	6.685963069047354E-7	4.354053830742853E-7	2.226400193202046E-6	0.01613450735991063	7.730829092863843E-7	1.7988476488007585E-7	2.0872958351477735E-6	0.6451414946448262	1.2540977836256711E-6
105	105	6.707568837777446E-5	1.3833477893149834E-6	0.7861806354374148	1.8559407583354565E-6	0.09276889130448365	1.163125369808277E-6	8.846544579312572E-7	5.761074495417695E-7	2.9458655929067807E-6	1.5330667285304192E-6	1.0229061019149667E-6	2.380148641589035E-7	2.76180940055346E-6	0.12096737336937538	1.6593618353985878E-6
106	106	2.50483251292336E-6	1.1663034007354495E-6	3.299781102717219E-7	1.5647475166617716E-6	0.18257805475190847	9.806334204363898E-7	7.458540149703953E-7	4.857173899286141E-7	2.4836654134663283E-6	1.292531750041545E-6	8.624142637964065E-7	2.006708274219154E-7	2.328487254563573E-6	0.8174056004007989	1.3990114175368265E-6
107	107	6.083316763874241E-6	2.8325219322456873E-6	8.013954464303648E-7	3.8001961209892646E-6	0.15674343282617217	2.381597849348322E-6	1.8114050377671464E-6	1.1796288675642827E-6	6.031909665672983E-6	3.1390841592401592E-6	2.0944870051347276E-6	4.873556224529906E-7	5.655039000440942E-6	0.843216871552254	3.3976841027269277E-6
108	108	0.9444581325875114	1.941217750279131E-6	5.492218958283978E-7	2.6043957791202707E-6	0.05551634354424521	1.6321850738561413E-6	1.241413728249863E-6	8.084373400215682E-7	4.1338603517189E-6	2.151314635966776E-6	1.4354188420610071E-6	3.3400037409561015E-7	3.875578847671401E-6	2.4882821875456695E-6	2.328541436862083E-6
109	109	0.5776005074040589	1.35231289992493E-6	3.8260512224513265E-7	1.8143034227396447E-6	0.3545765033947528	1.1370310878948038E-6	8.648075665982327E-7	5.631826947466155E-7	2.8797762019813807E-6	0.036097432206302106	0.01698363535261833	2.3267508985238732E-7	6.536640051452722E-5	0.014665706412993121	1.6221346742917108E-6
110	110	0.7325950967374073	1.2035767622910774E-6	3.40523731078319E-7	1.6147545730546686E-6	0.23046663867707626	1.0119730392786302E-6	7.696904252476678E-7	5.01240211758036E-7	2.563039750264937E-6	1.3338391861778431E-6	8.899757702148427E-7	2.0708397540677724E-7	2.4029023229431137E-6	1.542762844880304E-6	0.036923883222923934
111	111	0.025187082384084108	2.470046324172196E-6	6.988415002648466E-7	3.313888006629136E-6	0.0842612164318387	2.076826642177251E-6	1.5796009570794204E-6	1.028672687418342E-6	5.260010920947027E-6	2.737378023636706E-6	1.82645714730894E-6	4.249891060332476E-7	0.017861100899717937	0.8726662206879082	2.9628851353624784E-6
112	112	0.07790981600103258	1.4259447486405338E-6	4.0343752167024544E-7	1.9130901126801044E-6	0.07011912516385185	1.198941094856548E-6	9.118953226311785E-7	5.93847330853489E-7	3.0365766330434965E-6	1.5802739323753053E-6	1.0544041026011904E-6	2.4534397515019934E-7	0.023857247217391173	0.8280997374049482	1.710458001637337E-6
113	113	1.0936485055172315E-4	2.255506099131136E-6	6.381423905892015E-7	0.030314050003575815	2.2431321010432426E-4	1.8964402053628319E-6	1.4424019331216548E-6	9.39325508908933E-7	0.06428507807005175	2.499618232872341E-6	1.6678169940547958E-6	3.880759285126079E-7	1.0902381767337217E-4	0.9049437371822233	2.7055385271264936E-6
114	114	2.74080659915119E-6	1.276177964337211E-6	3.6106453327398436E-7	0.011829399647156095	8.640793815612099E-6	1.0730164736417635E-6	8.161190800930877E-7	5.31475625923245E-7	0.06357653789683677	1.4142979747543282E-6	9.43660182155911E-7	2.1957553058636123E-7	2.547848289424748E-6	0.9245719668111094	1.5308088288097513E-6
115	115	0.0227589275851376	1.1315065854116414E-6	3.2013316996135E-7	0.011956544391400802	0.4805158247247419	9.513760933894465E-7	7.236013623578077E-7	4.712259477307689E-7	0.05437680562843954	1.2539688953178145E-6	8.366840208330248E-7	1.9468378689860647E-7	2.2590165311396357E-6	0.4303823982021593	1.3572717279318486E-6
116	116	2.8224275223986713E-6	1.3141824056974855E-6	0.8060671292564868	0.0057263230738300915	0.18818858083617965	1.104970787844568E-6	8.404230177797938E-7	5.473029124179662E-7	2.7985765847536822E-6	1.4564156150439573E-6	9.717622800285977E-7	2.261144660714716E-7	2.623722935137353E-6	1.6845388266271326E-6	1.5763961496960709E-6
117	117	0.4285707355729844	1.0050310799243974E-6	2.843499009851773E-7	0.05244301517114864	0.5189743831052723	8.45034889660495E-7	6.427199523374074E-7	4.185541023289389E-7	2.1402329197470453E-6	1.1138050182839886E-6	7.431626610528171E-7	1.7292277315318987E-7	2.0065122493585584E-6	1.2882639949825678E-6	1.2055610529018177E-6
118	118	0.07617489104479593	2.5326637171412244E-6	7.165576185485047E-7	3.39789737339111E-6	0.8158166227279626	2.1294756426065625E-6	1.6196449404232733E-6	1.0547502557919507E-6	0.10798057915865598	2.806772461195802E-6	1.8727591068369515E-6	4.357628755774114E-7	5.056381711431373E-6	3.246406547384774E-6	3.0379963351110353E-6
119	119	0.085387006502537	1.1895118498826288E-6	3.365443949855403E-7	1.5958846660053474E-6	0.7975726979361731	1.0001471943445093E-6	7.606958777024635E-7	4.953827543071716E-7	0.11702718849596846	1.318252036352155E-6	8.795755766867742E-7	2.0466400680440467E-7	2.374822177366093E-6	1.524734228044145E-6	1.4268505589812846E-6
120	120	3.6339585566451556E-6	1.6920485505038673E-6	4.787253323888055E-7	0.9747169135843905	0.020554875184072646	1.4226824311570487E-6	1.0820693861668753E-6	7.046686180156768E-7	3.6032497720081076E-6	1.8751779963592015E-6	1.2511725543031043E-6	2.9112903422347305E-7	0.0047079777994873725	2.1688933495873072E-6	2.029656468195873E-6
121	121	3.18343204538028E-5	6.565409597600916E-7	1.8575281961881087E-7	0.9541978389305287	0.045762575134111395	5.520227469285814E-7	4.1985962702397635E-7	2.7342230259708634E-7	1.3981165391885883E-6	7.27598011938879E-7	4.854742669074305E-7	1.1296255978363587E-7	1.3107629249270034E-6	8.415641034243928E-7	7.875380438792854E-7
122	122	5.14923910087274E-6	2.3975954653905344E-6	6.783432341590798E-7	0.6606349291542014	0.3236657760136391	2.0159096171425875E-6	1.5332684471370847E-6	9.9849988503834E-7	5.1057254305519235E-6	0.015668494868905574	1.7728839055622352E-6	4.1252341848575656E-7	4.78672228790629E-6	3.073274025345013E-6	2.875978436314892E-6
123	123	1.909861306966932E-6	8.892721272804465E-7	2.5159862853205935E-7	0.6061460607257676	0.3820969323189509	7.477042142926705E-7	5.686918053356798E-7	3.7034526035554265E-7	1.8937220146090072E-6	0.011704374083253997	6.575655755437431E-7	1.5300561883990578E-7	1.7754032208989836E-6	1.1398824237387093E-6	4.227581983115426E-5
