0	0	0.8013625653851116	1.087252278745028E-6	1.0211352470839515E-6	7.480909284799396E-7	3.661624646137231E-7	1.7482928114919808E-6	1.1222211040286544E-6	0.05355567230035263	2.862177265590602E-7	1.7473366408514825E-6	1.9711872023920206E-6	0.1450665404663124	3.4401579008564573E-7	7.140222212779413E-7	2.1486968722011122E-6	1.3302874920105519E-6	5.869294435712942E-7
1	1	0.9889297197157015	1.4645476624216242E-6	1.3754868749130848E-6	1.007691445676934E-6	4.932271857232207E-7	2.3549807163932044E-6	1.5116512761163952E-6	2.829842389407548E-6	3.85540238057303E-7	0.011046973836169245	2.655223323873725E-6	2.3262051139408174E-6	4.633952313143079E-7	9.618003066378826E-7	2.8943319254912025E-6	1.791920306685021E-6	7.906041324474846E-7
2	2	0.9999644486138128	5.060165670718783E-7	4.752451315548722E-7	3.481679559448467E-7	2.6855953739512465E-5	8.136705197148433E-7	5.222913592893583E-7	9.77740204695537E-7	1.3320819303842324E-7	8.13225509670258E-7	9.17407487397268E-7	8.037282474747542E-7	1.6010790919526913E-7	3.3231208642868357E-7	1.0000220153176309E-6	6.191272468086482E-7	2.7316201396438067E-7
3	3	0.992262674461115	2.028372685968224E-6	1.9050250658064878E-6	1.395634882182818E-6	0.0016052220060140795	3.2616067634258283E-6	2.09361036028938E-6	3.919281806628469E-6	5.339664309211038E-7	3.259822936021438E-6	3.677437480174494E-6	3.2217530614710614E-6	6.417942236524312E-7	1.3320764638785157E-6	0.006101256399903502	2.481778025238022E-6	1.0949727815743935E-6
4	4	0.9919810082486248	4.454830936835569E-7	4.183927666404647E-7	3.065175099568601E-7	1.5002883021335147E-7	7.163331873878887E-7	0.0011046409418224144	8.60775633744598E-7	1.1727283610918582E-7	0.004511413327006487	8.076603657843091E-7	7.075802838586849E-7	1.409546077201518E-7	2.925584377352192E-7	0.002397188378024767	5.45062630830665E-7	2.40484337818919E-7
5	5	0.2538290637086647	1.063411541040292E-6	9.987442914035556E-7	7.316871554515041E-7	3.581334326706936E-7	0.0291636188852505	1.0976135869777376E-6	0.6401059557282066	2.7994168384226163E-7	0.002020610409228723	0.07486952107758951	1.6890630659990517E-6	3.364723796205178E-7	6.98365490245389E-7	2.1015812951279955E-6	1.3011175966799832E-6	5.740595409839009E-7
6	6	0.2443427497782512	2.135989207733853E-6	2.0060973060691652E-6	1.4696811226564247E-6	7.193538132611783E-7	0.034360030789602695	2.204688105747819E-6	0.3372619922453354	5.622963381580012E-7	3.432774784748878E-6	0.38400923723074726	3.392685090314559E-6	6.758449986981315E-7	1.4027505745881244E-6	4.221277268796021E-6	2.61345023750852E-6	1.1530672151053912E-6
7	7	7.830251169350747E-6	1.0038498484012548E-6	9.428046121601104E-7	6.907053494629205E-7	0.8531206927662205	1.6141823825864792E-6	1.0361362373525446E-6	0.05362967279301665	2.642621469119439E-7	1.613299559187279E-6	0.0932283135940971	1.594458624254354E-6	3.176265577697623E-7	6.59250031108078E-7	1.9838717026273243E-6	1.2282419851318105E-6	5.419064594937928E-7
8	8	0.41256039265877037	1.8701355010348978E-6	1.7564104617320147E-6	1.2867587685972385E-6	6.298201784510995E-7	0.048230331747107565	1.9302838611449186E-6	0.16224072793085853	4.923107009547349E-7	3.0055179908082267E-6	0.3769457925204339	2.970418019087488E-6	5.917266438828122E-7	1.2281586625699953E-6	3.6958803216344337E-6	2.2881698332821155E-6	1.0095518864235404E-6
9	9	0.5036480744446845	1.4144056885512101E-6	1.3283940907650097E-6	9.731909378170358E-7	4.763404805013378E-7	0.02670577864083345	1.4598966076047018E-6	0.18088540865045521	3.7234042965318626E-7	2.2731089489984678E-6	0.2887435282792721	2.2465624235502707E-6	4.475298879209651E-7	9.288709817129084E-7	2.795238178319931E-6	1.7305700184690014E-6	7.635360808106573E-7
10	10	1.0690584818731261E-5	1.3705488773604646E-6	1.287204261498091E-6	9.430149765932762E-7	4.61570478736671E-7	0.9858010238579233	0.007012374783407358	2.6482151516302225E-6	3.607951820243341E-7	0.007157718659748834	2.4848036284863506E-6	2.176902731967165E-6	4.336532230039358E-7	9.000692598340371E-7	2.7085655680412554E-6	1.6769098252396442E-6	7.398609372471899E-7
11	11	7.367296105934872E-6	9.444983205670393E-7	8.870623173637669E-7	6.498681487210184E-7	3.1808609615565817E-7	0.9645630286093124	0.006526023044784094	1.8249876414710956E-6	2.486379355889528E-7	1.517914981658551E-6	1.7123744310119874E-6	0.028891026432300515	2.988472338356287E-7	6.202725917695819E-7	1.8665774511359067E-6	1.1556235168580928E-6	5.098668308925531E-7
12	12	0.1573241262365528	2.2683470087702475E-6	2.1304062806346554E-6	1.5607507595793008E-6	7.639289864622678E-7	0.8329501800956254	2.3413028735525044E-6	4.382967303836299E-6	5.971393544897032E-7	3.645488650679214E-6	4.112510667196042E-6	0.00933432667518659	7.177241231549604E-7	1.489672821565206E-6	4.482851145124508E-6	3.61649384971201E-4	1.2245176889588738E-6
13	13	0.1621173174625782	9.417775697851787E-7	8.845070184913692E-7	6.479961186334715E-7	3.1716980760758014E-7	0.7999725036971076	9.72067554858256E-7	1.819730526191698E-6	2.479217015386395E-7	0.028559489507084722	0.0025843417898207643	0.006756078007714445	2.979863653434253E-7	6.184858155495769E-7	1.8612005309773484E-6	1.1522945923713448E-6	5.083980928878494E-7
14	14	0.19637892204760266	2.51072514168646E-6	2.3580451271853605E-6	1.7275205939969532E-6	8.455565684430693E-7	0.803581125103458	2.5914765096359323E-6	4.851297514174169E-6	6.609450778964019E-7	4.035017558426841E-6	4.55194195934802E-6	3.9878945657757865E-6	7.944146084495959E-7	1.6488478136413728E-6	4.961854175302699E-6	3.0719514846334754E-6	1.3553602408370502E-6
15	15	0.17560140926403373	9.279966821738818E-7	8.715641621266617E-7	6.385140902119607E-7	3.1252871016316585E-7	0.7972225179770684	9.5784343851288E-7	0.0057766292623174535	2.4429390107394506E-7	0.021387960901422396	1.682456978498907E-6	1.4739777223935307E-6	2.9362597628528147E-7	6.094356068944544E-7	1.8339658673344932E-6	1.1354332412603847E-6	5.009587810963366E-7
16	16	0.6244531454307534	9.094371759273825E-7	8.541332802906167E-7	6.257441024809634E-7	3.0627827989773E-7	1.4623675739844308E-6	0.37471653018485396	1.7572414589000252E-6	2.394081355641563E-7	8.16790513827408E-4	1.6488086137991872E-6	1.4444988467989758E-6	2.877535919915841E-7	5.972471754374578E-7	1.797287394636804E-6	1.1127250993688746E-6	4.909398361953525E-7
17	17	0.6221924922743547	4.805730550833153E-7	4.51348868094184E-7	3.3066138375418195E-7	1.6184635131725443E-7	7.727575596058432E-7	0.3777995836998753	9.285774969134076E-7	1.2651022210802383E-7	7.723349255448545E-7	8.71278427751926E-7	7.633152044423789E-7	1.5205736743011198E-7	3.1560277866052197E-7	9.497389341078671E-7	5.879963065357299E-7	2.5942688861593433E-7
18	18	0.8181691301386339	1.5620274965862324E-6	1.4670388509275892E-6	1.0747630730019605E-6	5.260562328778052E-7	2.5117274960202176E-6	0.1818051140558638	3.0181958134096765E-6	4.112016756696967E-7	2.510353790155365E-6	2.8319541575109415E-6	2.481036598472274E-6	4.94238672917634E-7	1.0258174341074691E-6	3.0869777528367585E-6	1.9111899616193123E-6	8.4322649612898E-7
19	19	0.8303468309890504	5.082680927662096E-7	4.773597394440832E-7	3.4971713269075607E-7	8.058400185771087E-5	8.172909546987392E-7	0.1672592077531576	9.820906693571813E-7	1.3380090420410105E-7	0.0023059845923389	9.214895010396267E-7	8.07304444220487E-7	1.6082031091267693E-7	3.337907123271608E-7	1.0044716231148885E-6	6.218820595854645E-7	2.7437745103339805E-7
20	20	0.3473947858574488	1.3490007160282053E-6	1.2669664680472285E-6	9.281886254940704E-7	4.543135356926689E-7	2.1691821674100416E-6	0.6525829708720964	2.6065791558095107E-6	3.5512265701002376E-7	2.1679958053265644E-6	2.4457368353569257E-6	2.1426768447712228E-6	4.2683520303697234E-7	8.859181135732314E-7	2.665980725717675E-6	1.650544969486739E-6	7.28228632042619E-7
21	21	0.3434351332975253	4.468688807594063E-7	4.1969428244849467E-7	3.074710096740043E-7	1.5049553257952962E-7	7.185615217223659E-7	0.6565339321176837	8.634532925948723E-7	1.1763764272683889E-7	7.181685283828369E-7	8.101727962501323E-7	7.097813900878559E-7	1.4139308243766548E-7	2.9346851425146106E-7	8.831306083626262E-7	2.4113055283904585E-5	2.412324247654696E-7
22	22	0.3355986609432882	6.748239355890701E-7	6.337871344829875E-7	4.643169523801957E-7	2.2726574160031965E-7	1.085111393810904E-6	0.0051253464953514355	1.303914804083049E-6	1.7764650987430695E-7	0.03740391171014885	1.2234550634710043E-6	0.6218275224039176	2.1351998419202254E-7	4.431715572185308E-7	1.3336298373734824E-6	3.641351538757557E-5	3.6428899232205456E-7
23	23	0.284932332484597	9.442161348069689E-7	8.867972916365589E-7	6.496739889925159E-7	3.1799106224733144E-7	1.5182918566822232E-6	0.008914216311698041	1.8244423937840291E-6	2.4856365056026756E-7	0.04103230619426883	1.7118628285349707E-6	0.6651085933124763	2.9875794788139403E-7	6.200872742428612E-7	1.8660197777496134E-6	1.1552782536708973E-6	5.097144990608526E-7
24	24	0.12776581367315407	2.4870156943801243E-6	2.3357774779868464E-6	1.7112071561721865E-6	8.375717521956959E-7	3.99910098654497E-6	2.5670045056197743E-6	0.7887798939872609	6.547035972036007E-7	3.996913811189339E-6	0.010759340559209893	3.950235813529026E-6	7.869127393737291E-7	1.6332773038692684E-6	0.07266560655609741	3.04294222725072E-6	1.3425612125094636E-6
25	25	0.2796026114790301	1.1038346594126418E-6	1.036709234567159E-6	7.595005422306339E-7	3.717470428143086E-7	1.7749571445868498E-6	1.1393368166411059E-6	0.6540762946106479	2.9058301637119073E-7	1.77398639077568E-6	2.0012510405611365E-6	1.7532688730833447E-6	3.4926259517255224E-7	7.249122313610037E-7	0.06624785573554977	5.956294410448663E-5	5.958810803244164E-7
26	26	0.5244406984521695	1.0393391112974698E-6	9.76135733138016E-7	7.151239652249798E-7	3.500263719855262E-7	1.6712488283595052E-6	1.0727669260778184E-6	0.2877054647779154	2.7360464850240837E-7	1.6703347943646616E-6	1.8843206817647126E-6	1.6508277728709725E-6	3.2885565984061823E-7	6.825566020116786E-7	0.1878396889000365	1.2716642188253585E-6	5.61064564499996E-7
27	27	0.08321503386454573	2.2997086219811475E-6	2.159860758938466E-6	1.5823293194077994E-6	7.744908825484461E-7	0.05918763765970795	2.373673156779025E-6	4.443565142159747E-6	6.053952577514645E-7	0.00800808118393619	4.169369237940131E-6	0.8495600009399199	7.276472020558034E-7	1.5102686751361488E-6	4.5448299531075315E-6	2.8137661101262907E-6	1.2414475722538698E-6
28	28	0.17430111663365408	1.718605692110165E-6	1.614095350601098E-6	1.1824977082463363E-6	5.787882980099104E-7	0.03643732402069981	1.7738804644456293E-6	3.3207408423764477E-6	4.5242067886489687E-7	0.008250386388133399	3.1158302562087233E-6	0.7809893167334886	5.437813344474171E-7	1.1286457409846337E-6	3.396417508038289E-6	2.1027683276517986E-6	9.277518220085781E-7
29	29	0.03561801243438156	1.4066414234925236E-6	1.321101979381E-6	9.678486852687851E-7	0.7777175793752822	0.081082459929292	1.4518826238435573E-6	0.08204727335756716	3.702964971299413E-7	0.019660314140741278	2.5502393754864662E-6	0.003859663598070161	4.450732089782625E-7	9.23772019961186E-7	2.7798939455483092E-6	1.721070195020347E-6	7.593447115583483E-7
30	30	0.1681275178311821	4.4361951658396074E-4	1.9657959086468196E-6	1.4401560329067386E-6	7.049023886828139E-7	3.3656529492660142E-6	2.16039712780111E-6	4.04430801389087E-6	5.510001123345197E-7	0.021748540895088837	3.794748784458157E-6	0.8096524306338065	6.62267642402385E-7	1.3745700829340716E-6	4.136474117759939E-6	2.5609474519523524E-6	1.1299027255514445E-6
31	31	1.3466530830793638E-5	1.7264292856781891E-6	1.6214431826611882E-6	1.1878807821573044E-6	5.814231108854561E-7	2.7760842342720324E-6	1.7819556848733242E-6	3.3358578216898307E-6	0.058360827660956315	2.7745659472763342E-6	3.13001442286396E-6	2.7421631512908957E-6	0.9415964580119747	1.1337836650589473E-6	3.4118789895707907E-6	2.11234074140487E-6	9.319752184634548E-7
32	32	0.20118997322361412	1.0796889465807573E-4	9.523841766686094E-7	6.977234064030383E-7	3.4150945076467356E-7	1.6305836221042213E-6	1.046664117463961E-6	1.959376831064373E-6	2.6694723802291894E-7	0.022034327758163226	1.8384709627553204E-6	0.7766542174977522	3.208538691983695E-7	6.659484796718376E-7	2.0040292482171377E-6	1.2407217960882495E-6	5.474126140239443E-7
33	33	3.330455648230646E-4	1.5225205355767082E-6	1.4299343525690648E-6	1.0475800541931614E-6	5.127511642240581E-7	0.28889447408471736	0.0021694660687142228	0.615203248230588	0.0012047866793028453	0.03974718082848457	2.7603280800404364E-6	0.05243335016542854	4.817383372813989E-7	9.99872353460205E-7	3.008901592215307E-6	1.8628519474290993E-6	8.218995243710752E-7
34	34	3.456507034763619E-4	1.0661019845097491E-6	1.0012711259852414E-6	7.335383323976792E-7	3.5903951438782505E-7	0.25457709757773833	1.1003905620180714E-6	0.6447614450290422	2.8064993953260845E-7	0.07573339207754112	1.93284174187799E-6	0.024570916503302172	3.3732365862348707E-7	7.001323629940963E-7	2.106898320054657E-6	1.304409439213081E-6	5.755119182466197E-7
35	35	0.3995085469639977	4.6492530458719287E-7	4.366526748724882E-7	3.198948483087209E-7	1.5657653583897898E-7	0.1276932494784219	4.798784962832473E-7	0.3518417973461476	1.2239097245426997E-7	0.10783324013623928	8.429090730702484E-7	7.384611978711193E-7	1.4710628721145283E-7	3.053265605410799E-7	0.013118332122661065	5.688507897407495E-7	2.509797915885246E-7
36	36	1.4754817393469465E-5	1.8915895395026824E-6	1.776559856035457E-6	1.3015203578537215E-6	6.370454230009193E-7	0.9999551445595345	1.9524279165825217E-6	3.654985358000294E-6	4.979584482492704E-7	3.0399970424891E-6	3.429449783954619E-6	3.0044944068206966E-6	5.985148825816925E-7	1.2422479962983472E-6	3.738279152386962E-6	2.314419526738495E-6	1.0211333814513444E-6
37	37	3.2787524043046714E-6	4.203409357913868E-7	3.9477953159525625E-7	2.8921828639188146E-7	1.415615088018658E-7	6.759048022121741E-7	0.9999897903712759	8.121952112769558E-7	1.1065419624669499E-7	6.755351385474843E-7	7.620776607889513E-7	6.676458947193329E-7	1.329994169324935E-7	2.7604703575718946E-7	8.307044019586256E-7	5.143004068096551E-7	2.2691189191071997E-7
38	38	9.469881861278267E-5	8.360213556817437E-7	7.851819584934959E-7	5.752298748206909E-7	2.815534591654064E-7	0.9998919976801879	8.629099493335867E-7	1.6153852356339888E-6	2.2008151783710058E-7	1.3435803041067857E-6	1.5157058113030116E-6	1.3278892881744512E-6	2.6452420733051777E-7	5.490334093469971E-7	1.6521983969720062E-6	1.0228985252630027E-6	4.513079058986969E-7
39	39	0.07536760441801485	1.9708196135710198E-6	1.8509718603530166E-6	1.3560351202800936E-6	6.637283555268245E-7	0.8789739587776102	0.027128837578091227	3.8080760547849604E-6	5.188156606168736E-7	0.018503439360060603	3.5730938223266036E-6	3.130338999116811E-6	6.23583946185426E-7	1.294280109345366E-6	3.894858647011156E-6	2.411360023976023E-6	1.0639040099394425E-6
40	40	4.269965177579602E-6	5.474158878797921E-7	5.141269131880111E-7	3.766530250930844E-7	1.843575355906706E-7	8.80240290488439E-7	0.019948901346424637	1.0577331990656917E-6	0.9800379466176039	8.79758872320489E-7	9.924644111302546E-7	8.69484599588149E-7	1.7320700343049352E-7	3.594999209180117E-7	1.081837977325907E-6	6.697806229616681E-7	2.955105349112074E-7
41	41	0.08073486116651146	9.031133622796811E-7	8.481940248501849E-7	6.213929617974934E-7	3.041485596513186E-7	0.8720047534586726	0.019575641691608612	1.7450223987887352E-6	2.3774339997259937E-7	0.027672756119972844	1.6373435465131941E-6	1.4344544569683522E-6	2.857526840230311E-7	5.93094189459915E-7	1.784789873251167E-6	1.104987713702456E-6	4.875260632393849E-7
42	42	0.04265279481332849	2.336547122669932E-6	2.194459069044069E-6	1.6076762869173926E-6	7.868972729222141E-7	0.7149337301608364	2.411696478249039E-6	0.21231481179829548	6.150929444090252E-7	3.755093900773253E-6	4.236157399742705E-6	0.030069708036784836	7.393032143427132E-7	1.534461319846644E-6	4.617632533294289E-6	2.8588391788599588E-6	1.2613340338727186E-6
43	43	1.3229080357874111E-4	6.047684953366155E-7	5.679918441991755E-7	4.1611485580328906E-7	2.0367262235475974E-7	9.724628162970972E-7	0.03894242757287476	1.1685516066114112E-6	0.9609154689807125	9.719309600841062E-7	1.0964446262586107E-6	9.605802547089277E-7	1.9135385209978744E-7	3.9716462576431567E-7	1.1951818356595937E-6	7.399533490396195E-7	3.2647108991767827E-7
44	44	0.03438307040403741	1.137540080145803E-6	1.0683649908265545E-6	7.8269177391072E-7	3.8309828131503844E-7	0.7781304743384022	0.001500920956109115	0.18597080488618756	2.994559238679653E-7	1.8281547910574872E-6	2.062358931801553E-6	1.806804667164203E-6	3.5992727453939744E-7	7.470473143141322E-7	2.248078812981625E-6	1.3918162048143348E-6	6.140762170217477E-7
45	45	0.6694457171069084	1.9166361586983245E-6	1.8000833621995287E-6	1.3187538454036203E-6	6.45480569097374E-7	0.22995249983413965	1.978280099369724E-6	0.09663299723227886	5.045519376760683E-7	0.0029343035988149547	3.4748592773967697E-6	0.0010138109491303166	6.064398441200658E-7	1.2586966559362168E-6	3.7877778689010425E-6	2.3450648561477588E-6	1.0346542528767035E-6
46	46	6.856748449314444E-5	6.053283682031893E-7	5.685176705681985E-7	4.1650007993275175E-7	2.038611751246207E-7	0.07607323112516197	6.247972829718509E-7	1.1696334095538227E-6	0.9238487282291242	9.728307387216015E-7	1.0974596751586052E-6	9.614695252726643E-7	1.9153100059632975E-7	3.9753230645410526E-7	1.1962882919078398E-6	7.406383711693306E-7	3.2677332508100954E-7
47	47	0.7756420358923215	1.0040093037112074E-6	5.389088285721993E-5	6.908150637152661E-7	3.381280760030644E-7	0.14724980355948128	1.0363008211547373E-6	0.061898068377135414	2.6430412331171297E-7	0.015144721102933991	1.8202677789210437E-6	1.5947118940979887E-6	3.1767701077456084E-7	6.593547488785833E-7	1.984186828318435E-6	1.2284370837381887E-6	5.419925379671836E-7
48	48	0.9561604024924464	1.2201026931372017E-6	0.013899436031439647	8.39499511192961E-7	4.1090353907248763E-7	1.9619151961271806E-6	1.259344328899643E-6	2.3575185765965025E-6	3.211904227061281E-7	1.9608421918241527E-6	2.2120448596273765E-6	0.029921868071740097	3.8605078156258406E-7	8.0126797816105E-7	2.4112442822691555E-6	1.4928341686460045E-6	6.58645844007278E-7
49	49	0.029026959461091555	8.312569661921203E-7	7.807072968774206E-7	5.719517059664059E-7	2.7994891840517557E-7	1.3366544332965486E-6	8.579923248433081E-7	1.606179341088303E-6	0.9692051919759909	0.0017548389731004818	1.507067978324637E-6	1.3203217999458729E-6	2.630167143166237E-7	5.459045311345359E-7	1.642782708456625E-6	1.0170691442913406E-6	4.487359540833102E-7
50	50	0.043468628141090884	1.030135663904321E-6	9.674919577129832E-7	7.087914740082181E-7	0.9565136699185772	1.656449759888516E-6	1.0632674721826004E-6	1.9904586537912953E-6	2.7118185313019396E-7	1.6555438197522558E-6	1.8676348416207826E-6	1.6362095348025518E-6	3.259436114702802E-7	6.765124979159337E-7	2.0358193974345377E-6	1.2604035103496633E-6	5.560962840346438E-7
51	51	0.8324886935337631	2.1588483685955862E-6	2.0275663756963364E-6	1.4854095154201217E-6	7.270522718836749E-7	3.4714105987189807E-6	2.228282475923831E-6	0.16747765296769412	5.683139820671454E-7	3.4695120260806953E-6	3.91398975129531E-6	3.428993295408434E-6	6.830778299722319E-7	1.4177626827566943E-6	4.266452991491625E-6	2.641419142579311E-6	1.1654072348297648E-6
52	52	0.8564220756076149	7.852012410106963E-7	7.374522720481806E-7	5.4026276781807E-7	2.644383711553066E-7	1.2625972022041718E-6	0.002319700951818236	0.12803739960238775	2.0670318976276687E-7	1.261906666632792E-6	1.4235689985116945E-6	0.013210641247691007	2.4844429446891096E-7	5.156587346073817E-7	1.551764464964411E-6	9.607185103657514E-7	4.23873774732252E-7
53	53	0.5854400476311505	7.438934720606375E-7	6.98656474901641E-7	5.118406915149021E-7	6.279358395393315E-4	1.1961746460725645E-6	7.678189963963E-7	0.4139206707725653	1.9582897413752153E-7	1.1955204381103943E-6	1.3486780581977239E-6	1.1815585407943329E-6	2.3537416801359332E-7	4.885310242145357E-7	1.4701294335409337E-6	9.101771508014807E-7	4.015746760603096E-7
54	54	2.1002455238454528E-5	2.6925460053824633E-6	2.528809260041021E-6	1.852623609551327E-6	9.067898046207578E-7	4.329592053148075E-6	2.7791451992135632E-6	0.9861634676670549	0.002272635697703995	0.01150595709727864	4.881582988069631E-6	4.276688596726906E-6	8.519442630672282E-7	1.7682535297836695E-6	5.321180091432718E-6	3.294415052187948E-6	1.453512270908604E-6
55	55	0.09902628908144506	7.629596205020591E-7	7.165631894519592E-7	5.249592776691137E-7	2.5694788643372374E-7	1.2268328575241437E-6	7.874983611323329E-7	0.8834994742189867	0.002575292933018777	0.014888477277746278	1.3832449646474555E-6	1.2118421383484433E-6	2.414068581704139E-7	5.010521786213792E-7	1.507809164659356E-6	9.33505185415228E-7	4.118671207068161E-7
56	56	1.7502503957968126E-4	1.0543061195551146E-6	9.90192580820983E-7	7.254221115916651E-7	3.55066928568989E-7	1.6953156557719846E-6	1.0882153117554161E-6	0.9920244829125829	5.006811996515986E-4	1.6943884592258622E-6	0.0072855646557948225	1.6746005267680762E-6	3.335913474741408E-7	6.923857618956608E-7	2.0835865840128748E-6	1.2899768259977667E-6	5.69144177668272E-7
57	57	0.28284913813070844	1.8468213732463853E-6	1.7345140922276447E-6	1.2707173329111806E-6	6.219684970536462E-7	0.00107431335749948	1.906219891137434E-6	0.7006623376676885	4.861732876029433E-7	0.01539135914369823	3.348285147076754E-6	2.93338717012281E-6	5.843498572362205E-7	1.2128477677242045E-6	3.649805464458603E-6	2.2596442618112584E-6	9.969662627207727E-7
58	58	0.3987527885612257	8.433087333435772E-7	7.920261825386271E-7	5.802440019260556E-7	2.840076864109063E-7	1.3560335767470342E-6	8.704317077745771E-7	0.5755285880807405	2.2199991038289944E-7	0.02570683261820841	1.528917819101776E-6	1.3394641488765914E-6	2.6682999507913654E-7	5.53819188771989E-7	1.6666001746409423E-6	1.0318148619243377E-6	4.5524183788464845E-7
59	59	0.095863687399722	2.4088933924069486E-7	2.2624058808997153E-7	1.6574546034660557E-7	8.11261892753678E-8	3.8734809610670213E-7	2.4863695898017166E-7	4.654535190835236E-7	6.341380043771299E-8	0.9041324791471007	4.367321108326527E-7	3.826150744107426E-7	7.621941842030447E-8	1.581972688853314E-7	4.760607817447085E-7	2.9473571241484827E-7	1.300388590640554E-7
60	60	3.0661477599314714E-6	3.93084704106403E-7	3.6918078195791443E-7	2.704644607465405E-7	1.3238221420302984E-7	6.3207700359103E-7	4.057273176086059E-7	7.595299127846248E-7	1.0347902925008245E-7	0.9999906783997876	7.126621422996388E-7	6.243536297018001E-7	1.2437531536823636E-7	2.58147275534252E-7	7.768389091797893E-7	4.809515467532498E-7	2.121982093464644E-7
61	61	0.005701847728275401	1.3490007160282053E-6	1.2669664680472285E-6	7.206975392409357E-5	4.543135356926689E-7	2.1691821674100416E-6	1.3923880432092778E-6	2.6065791558095107E-6	3.5512265701002376E-7	0.9942055430437333	2.4457368353569257E-6	2.1426768447712228E-6	4.2683520303697234E-7	8.859181135732314E-7	2.665980725717675E-6	1.650544969486739E-6	7.28228632042619E-7
62	62	0.010806296239376291	3.7178979777264516E-7	3.491808427847809E-7	2.5581236337912714E-7	1.252105618282127E-7	5.97834967595781E-7	3.837475124031015E-7	7.183832637762276E-7	9.787317327968018E-8	0.9891877871900272	6.740545002078773E-7	5.905299984977667E-7	1.1763742741856624E-7	2.44162447339745E-7	7.347545654376215E-7	4.548965564872992E-7	2.007026183325721E-7
63	63	0.305804891705968	2.5014512826912426E-6	2.3493352219668274E-6	1.7211396556241846E-6	8.42433338322008E-7	4.0223132950104135E-6	0.012402851837165552	5.325044392586478E-4	6.585037467629281E-7	0.6806996887642321	4.535128463045891E-6	3.9731644898798815E-6	7.914802812545634E-7	1.6427574687149617E-6	4.94352658730329E-6	5.307316655949577E-4	1.3503539502031006E-6
64	64	7.2860037268354205E-6	9.340765166337781E-7	8.772742750275993E-7	6.426973594448917E-7	0.9222937710667274	1.5019874332195065E-6	9.641188160616598E-7	5.1064768952086126E-5	2.4589440946651016E-7	0.0775858730066206	1.6934797117819708E-6	1.4836345894081141E-6	2.955496871812709E-7	6.134283664323496E-7	5.11058998505676E-5	1.142872110687111E-6	5.042408472058429E-7
65	65	0.7432031580910394	1.2105995350140597E-6	1.1369816182249613E-6	8.329608020793422E-7	4.077030860883835E-7	0.06716454334703251	1.249535524807716E-6	2.3391562928824697E-6	3.833753239731991E-4	1.9455695483751654E-6	2.194815644254963E-6	0.18923190065888867	3.830439021897351E-7	7.950270475096344E-7	2.3924635387982867E-6	1.481206754629079E-6	6.535157712372086E-7
66	66	0.7817177083819437	5.025432122758762E-7	4.7198299536333455E-7	3.4577809182124077E-7	1.6924541321194609E-7	0.05528474362487129	0.0018821866944530418	9.71028885639572E-7	1.322938369752727E-7	8.076434380385139E-7	9.111102989184825E-7	0.16110868131035253	1.590089104460794E-7	3.300310587820085E-7	9.931577514001257E-7	6.148774875478354E-7	2.7128699908734E-7
67	67	0.33447954378525535	8.154214440153137E-7	7.658347505817426E-7	5.610559730074594E-7	2.746158655874822E-7	0.016428253339054656	0.008515329985990017	0.175107618583322	2.1465861829506547E-7	0.0036995225805507384	1.4783581937894912E-6	0.4617617789008399	2.58006221554667E-7	5.355049992679936E-7	1.6114875457458601E-6	9.976938829163294E-7	4.401874926069893E-7
68	68	0.3570509676188462	1.978427780587912E-6	1.8581173661923952E-6	1.3612699685659644E-6	6.662906175156554E-7	0.046745413872876236	0.008870546007881286	3.822776780532933E-6	5.208185005367587E-7	3.17955585826869E-6	3.5868874208782385E-6	0.5873067745139521	6.259912343912883E-7	1.29927655811761E-6	3.909894388937813E-6	2.4206688565418945E-6	1.068011113066397E-6
69	69	0.43784764845253415	6.204202430291112E-7	5.826917915432457E-7	4.2688414154544264E-7	2.0894378400016142E-7	0.04518564262250869	0.009587244996274778	1.1987943772804788E-6	1.6332480965317443E-7	9.970850781955238E-7	1.1248212278529785E-6	0.5073712170756505	1.9630619706508854E-7	4.0744346892956274E-7	1.226113811585333E-6	7.591037565305702E-7	3.3492034474442217E-7
70	70	0.07962562077279473	9.377257077063539E-7	8.807015546943317E-7	6.452082088503626E-7	3.1580523028356675E-7	0.05558596517600822	9.678853744900354E-7	0.09129087614874903	2.468550541972601E-7	1.5070306314142482E-6	1.7000956912395144E-6	0.7634965397638303	2.967043220112431E-7	6.158248695866273E-7	0.009991230754178697	1.1473370111841762E-6	5.062107834640445E-7
71	71	0.23902743669021817	1.004062466738892E-6	9.430043009379428E-7	6.90851642878648E-7	3.381459801322384E-7	0.03166615233082543	1.0363556940419118E-6	0.054488243428654944	2.6431811840854414E-7	1.6136412607584175E-6	1.8203641634325883E-6	0.6748057249079202	3.176938320048584E-7	6.593896621952619E-7	1.984291892463653E-6	1.2285021303811336E-6	5.420212368688715E-7
72	72	0.8013769746389338	2.338852694395107E-6	2.196624436364314E-6	1.6092626503826908E-6	7.876737383679414E-7	3.760856088956084E-6	0.0023459289123316657	4.519200478757738E-6	6.156998831209497E-7	3.7587992137279976E-6	4.240337398780378E-6	3.7149020397602223E-6	0.00838805628833477	1.5359754389491814E-6	0.1878558377375731	2.8616601186619643E-6	1.262578646513432E-6
73	73	0.06402668244684966	2.3988369703926E-7	2.252961001197779E-7	1.650535217571014E-7	0.9359691953709559	3.8573103163503143E-7	2.4759897274310925E-7	4.635103874236826E-7	6.314906645623191E-8	3.8552006886886655E-7	4.3490888261192925E-7	3.8101776891376444E-7	7.590122474691947E-8	1.5753684177699901E-7	4.740733678804021E-7	2.935052774291879E-7	1.2949598504184476E-7
74	74	0.4297948213348378	3.066259367411144E-7	2.879796692979962E-7	2.1097594936978234E-7	1.032648180247665E-7	4.930520096405332E-7	3.164878142638773E-7	5.924717206178589E-7	8.071887291823744E-8	4.927823512327665E-7	0.5702003622262218	4.870273876472389E-7	9.701903224383385E-8	2.0136792236115716E-7	6.059736126484358E-7	3.7516651502772355E-7	1.6552532834763867E-7
75	75	0.4770729870370861	1.1216600544597523E-6	1.0534506473299909E-6	7.717654200257916E-7	3.7775024070201236E-7	1.8036202346829581E-6	1.1577355221674858E-6	2.1673047931857593E-6	2.9527552807720436E-7	1.8026338045474132E-6	0.5229093940777616	1.7815817277486824E-6	3.5490270049180584E-7	7.366185560250326E-7	2.216695699614895E-6	1.3723864919906071E-6	6.055037312960154E-7
76	76	0.3548272970724775	1.4284703862922845E-6	1.341603498446887E-6	9.828682436250813E-7	4.810771589057862E-7	2.2969687501290918E-6	1.4744136621424365E-6	0.192100678275483	3.760429427597462E-7	2.2957124994217856E-6	0.4162147457910584	2.268901998185364E-6	4.5198007689761766E-7	9.381075746536713E-7	0.03684042380696802	1.7477786202347814E-6	7.711286013144502E-7
77	77	0.0311866921207125	1.3844580198523027E-6	1.3002675734200702E-6	0.2559791282374862	4.6625476958161964E-7	0.5786910511315105	1.4289857449766054E-6	0.125728407684405	3.644567454169582E-7	0.008398542777741139	2.5100208887415376E-6	2.1989952313956544E-6	4.3805419298789076E-7	9.092036962590009E-7	2.7360536971088797E-6	1.6939281002464733E-6	7.473694846403592E-7
78	78	1.0520259104341573E-5	1.3487128673946308E-6	1.2666961238122115E-6	0.07539489627233195	4.54216594654084E-7	0.6722887613600823	1.3920909366244695E-6	0.09787251201891453	3.550468812373669E-7	0.039904069614397186	0.08706114066485039	0.0274569268958312	4.267441253018045E-7	8.857290771143022E-7	2.665411861001804E-6	1.6501927775950115E-6	7.280732432320923E-7
79	79	0.20172859952959807	1.459924607722714E-6	1.3711449533604318E-6	0.3289078475583053	4.916702433873068E-7	0.12234152676105012	1.5068795321066385E-6	2.820909586132376E-6	3.8432322501300057E-7	2.3462629693442627E-6	0.34700244590922935	2.3188621139425444E-6	4.6193245782010977E-7	9.587642460567859E-7	2.885195551748184E-6	1.7862638532923094E-6	7.881084771381547E-7
80	80	0.333057678295911	2.59774688136596E-6	2.4397749771810487E-6	1.7873964620980709E-6	8.748635612164476E-7	4.1771558336120785E-6	0.008907425021552833	0.548948221042188	6.838534359465044E-7	4.174871277076336E-6	0.053981156288242044	0.05507654114935959	8.219490207619118E-7	1.7059968829789399E-6	5.133832053407189E-6	3.17842533076076E-6	1.4023370301684551E-6
81	81	0.4496501510103563	1.6717862000641883E-6	1.5701230044277724E-6	1.1502832553908667E-6	5.630205310117068E-7	2.6882185975249037E-6	0.004498096662214273	0.4843770118881827	4.4009550941340845E-7	2.686748365718596E-6	0.028832704515473158	0.03262338693229486	5.289672523227086E-7	1.097898362144131E-6	3.303889860054553E-6	2.0454832008522106E-6	9.02477339763708E-7
82	82	0.014999071694967727	1.8942349923853927E-6	1.779044435958484E-6	1.3033405787371038E-6	6.379363528858129E-7	3.045914444333459E-6	0.12596993890336583	0.8529098022175648	4.986548602270705E-7	3.0442485826734457E-6	0.006097048051252523	3.008696295350753E-6	5.993519261835973E-7	1.243985322750106E-6	3.7435072640642224E-6	2.3176563218681725E-6	1.022561471526479E-6
83	83	0.04232779762852679	9.894967738865147E-7	9.29324364219917E-7	6.808296241596199E-7	3.332405776806665E-7	1.5911027556337607E-6	0.12784836333086372	0.8185379963261663	2.604837190005456E-7	0.00803770887314149	0.003237114448242829	1.5716610081755748E-6	3.130851239499631E-7	6.498240548673E-7	1.9555062469559975E-6	1.2106805452782255E-6	5.34158265074557E-7
84	84	1.1686454077667295E-5	1.4982207978377358E-6	0.008455574367857535	1.0308604632368198E-6	5.045675512448887E-7	2.4091268439656714E-6	0.052859844481835956	0.9297242602901493	3.944046464870001E-7	2.4078092521170436E-6	0.008930948981812393	2.379689627840393E-6	4.7404969533456784E-7	9.83914187121037E-7	2.960878910179354E-6	1.8331204510641488E-6	8.087818406201376E-7
85	85	6.061243492970713E-6	7.770604326663318E-7	7.298065153984167E-7	5.34661432238491E-7	2.616967273752989E-7	1.249506848671306E-6	0.06610064069663843	0.9338819868013529	2.0456013271682853E-7	1.2488234724336714E-6	1.4088097218109273E-6	1.2342390751016064E-6	2.45868474055129E-7	5.103124886894145E-7	1.5356760834832377E-6	9.507579743180703E-7	4.1947913679477756E-7
86	86	0.20992134760628564	2.0349028475011907E-6	1.911158120885628E-6	1.4001280018569013E-6	6.853101680785292E-7	3.2721072100003296E-6	2.1003505485863133E-6	0.12341461500302811	5.356854873209547E-7	3.2703176397257166E-6	3.6892766559527174E-6	3.232125202673847E-6	6.438604218320694E-7	1.3363649630007751E-6	0.6666363375375878	2.489767884057303E-6	1.0984979469384053E-6
87	87	0.25895307675861	1.420338562703096E-6	1.3339661801792504E-6	9.772730900641316E-7	4.783385409921424E-7	2.283892844009393E-6	0.001499539481699539	0.1761012798079815	3.7390225093874283E-7	2.2826437447342995E-6	2.575072274022606E-6	2.2559858670793566E-6	4.4940709933614435E-7	9.327672292198641E-7	0.5634282357961348	1.7378290773187438E-6	7.667388136012148E-7
88	88	0.20431978133629644	2.419734553159683E-6	2.272587778496378E-6	1.6649139339010071E-6	8.149129553617754E-7	3.8909134592854765E-6	2.4975594301237147E-6	0.015062456251544858	6.369919256284981E-7	3.888785453501758E-6	0.023229099687231528	3.843370233941144E-6	7.656244188916325E-7	1.589092314935711E-6	0.7573601113758884	2.960621626628886E-6	1.3062409549654316E-6
89	89	0.21294464406704092	1.336544727225981E-6	1.2552679419076322E-6	9.19618202225841E-7	4.5011863479599024E-7	0.0033149291199173142	0.00225688929612104	2.5825113251618982E-6	3.5184363440716213E-7	2.1479776310190475E-6	0.02960598881560841	2.122892452911272E-6	4.228940231352468E-7	8.777379947851216E-7	0.7518627244855328	1.6353046739011104E-6	7.215045379940341E-7
90	90	0.7598436521271332	1.879962237432961E-6	1.7656396232578452E-6	1.2935201178256255E-6	6.331296054249178E-7	3.0229639705829464E-6	1.940426650620018E-6	0.003771051822524377	4.948975763343801E-7	3.021310660921684E-6	3.4083694979103936E-6	2.9860262543460973E-6	5.948359061506689E-7	1.2346120941130008E-6	0.2363597053063561	2.3001931555350862E-6	1.0148566358722097E-6
91	91	0.07313506692224374	1.2391587246382733E-6	1.1638040914664984E-6	8.526111363212471E-7	0.9268436392670728	1.9925571396210524E-6	1.2790132513085447E-6	2.394339205312985E-6	3.26206897833474E-7	1.9914673767255597E-6	2.246593424075224E-6	1.968210005177754E-6	3.9208027063415904E-7	8.137824885531027E-7	2.448904019648764E-6	1.516149824863801E-6	6.689328272440582E-7
92	92	0.34747010433541287	2.3725053347551695E-6	2.2282306218843525E-6	1.6324175661873461E-6	7.990072016090789E-7	3.814969260645301E-6	2.448811198773488E-6	4.584225107624324E-6	6.245588962542076E-7	0.0025061650489282524	4.301349599261599E-6	0.5702898270169044	7.506806958917504E-7	1.5580758598832215E-6	0.05993602307444209	2.902835186692904E-6	0.01976986285778294
93	93	0.2778095005401807	7.09464628787828E-7	6.663212882393746E-7	4.881517043001084E-7	2.3893195913377546E-7	1.1408133464197244E-6	7.322828331126151E-7	1.3708485779215994E-6	1.8676562661253316E-7	0.004640559967639695	0.003106704335961764	0.627445237202762	2.2448059165438667E-7	4.659208539437899E-7	0.06304513052692363	8.680523739989197E-7	0.023945775392748194
94	94	0.3403270923895267	2.600953765065248E-6	2.442786846682414E-6	1.7896029790684435E-6	8.759435685542259E-7	4.182312476489137E-6	2.6846071172443203E-6	5.025639933834989E-6	6.846976438453453E-7	4.180025099698978E-6	0.017699023371681166	0.6419371600157917	8.229637058088787E-7	1.7081029132601442E-6	5.140169700252249E-6	3.1823490542211686E-6	1.4040681964322713E-6
95	95	0.3963060193594415	1.3615932800699554E-6	1.2787932641327104E-6	9.368530202349207E-7	4.5855443210233706E-7	2.18943090785679E-6	1.4053856164475661E-6	2.6309108811818017E-6	3.584376328643299E-7	2.188233471397788E-6	0.011491373039117559	0.5921833825556424	4.308195964962595E-7	8.941879242919116E-7	2.6908669489967214E-6	1.665952369190162E-6	7.350264532572973E-7
96	96	0.5677487869116962	1.8866961088083597E-6	1.7719640003552069E-6	1.2981534013679706E-6	6.353974240236094E-7	3.033791980925413E-6	1.947377100591031E-6	1.0314326413675611E-4	4.966702590812331E-7	0.01373371942620388	3.4205779994120517E-6	0.3889396389691609	5.969665598423925E-7	1.239034373919866E-6	3.728608444463167E-6	2.308432259778529E-6	0.029452347758889642
97	97	0.5242678689207049	1.0093536220509926E-6	9.47973695155463E-7	0.0037267783283535896	3.3992792394381534E-7	1.623032405801903E-6	1.0418170264962214E-6	0.03018322937536439	2.657110080569782E-7	0.036783392583930666	1.8299570222759098E-6	0.38442699554756987	3.193679981673419E-7	6.628644789815125E-7	1.9947486089881413E-6	1.2349760259687306E-6	0.02060046551426077
98	98	0.8610945934520022	0.0038996545923147686	1.6143879850127272E-6	0.026561535102487162	5.788932319427062E-7	2.764004980943266E-6	1.7742020677919371E-6	0.09019973986999254	4.525027024325375E-7	0.018042046198720706	3.1163951541581672E-6	1.8402956521765417E-4	5.438799216410433E-7	1.1288503637054833E-6	3.397033276269541E-6	2.1031495581485757E-6	9.279200227957683E-7
99	99	0.8137401321584088	6.705286547780547E-7	6.297530545201348E-7	0.027476213958711183	2.2581918624355845E-7	1.0782046172402395E-6	6.92094578193422E-7	0.11559747996552538	5.305964500908732E-4	0.029138812672915206	1.2156677240182634E-6	1.0650299924069834E-6	2.121609211201596E-7	4.4035075287932647E-7	0.013509352801608235	8.204129804312783E-7	3.6197027860153544E-7
100	100	0.23016749680859824	1.119342640692642E-6	1.0512741580956752E-6	0.02355382159679698	3.7696978711908287E-7	0.18482536885239012	1.1553435744226445E-6	0.2604434232055131	2.94665471963379E-7	0.06493502339185923	2.029366993805545E-6	1.7779008780949028E-6	3.54169451232519E-7	7.350966599959693E-7	0.23606399821143795	1.3695510630763922E-6	6.042527259870871E-7
101	101	0.1946426229958448	0.05013883081181618	1.550169280716513E-6	1.1356650157987894E-6	5.558654507486363E-7	1.767414871849659E-4	1.7036261225972239E-6	0.10123503063913052	4.34502607343547E-7	0.0014823957718695787	2.9924281395786697E-6	2.6216256760025936E-6	5.22244934150574E-7	8.812766159862271E-5	0.6522218240085979	2.0194884179398344E-6	8.910083125330163E-7
102	102	0.08996054536019768	0.0017776118156140064	1.2653461313674883E-6	9.270015553438053E-7	4.537325093557052E-7	0.9082417510770239	1.390607303564036E-6	2.60324557443911E-6	3.5466848692622746E-7	2.1652231327945848E-6	2.4426089569139956E-6	2.1399365529229594E-6	4.2628931902731015E-7	8.847851036231879E-7	2.6625711750576498E-6	1.64843407024586E-6	7.272972928213416E-7
103	103	5.4754964879783905E-5	9.044918666544656E-7	8.494887008263775E-7	6.223414506052947E-7	3.046128093652254E-7	0.9999308519714131	9.335826477673912E-7	1.7476859857882178E-6	2.3810628942881458E-7	1.4536201126952373E-6	1.6398427734498838E-6	1.4366439957648644E-6	2.861888544325108E-7	5.939994832679547E-7	1.787514160977502E-6	1.1066743573299814E-6	4.882702187785085E-7
104	104	0.339776393795253	9.186899552046387E-7	8.628233876725025E-7	6.321105368181094E-7	3.093944108370899E-7	0.6467403082793634	0.013275833225258833	9.867209066760897E-5	2.4184391748971445E-7	9.837340875156448E-5	1.6655838925955103E-6	1.4591954408567818E-6	2.906812493860828E-7	6.033236768545593E-7	1.8155733235613733E-6	1.1240461669623829E-6	4.959347474030407E-7
105	105	9.481686096035463E-6	1.2155662627208797E-6	1.141646313644093E-6	8.363781910463175E-7	0.8893890218384055	0.10212074225601252	0.008463075106356476	2.348753151326915E-6	3.199962133898213E-7	1.9535516381595864E-6	2.2038203162017077E-6	1.9307370659413828E-6	3.8461541672192275E-7	7.982888056305737E-7	2.4022791009243436E-6	1.4872837027981196E-6	6.561969509287324E-7
106	106	0.1690123640244026	1.0248464871392758E-6	9.625244217248506E-7	7.051522218912907E-7	3.451455774503242E-7	0.8309713277241656	1.0578081819105E-6	1.9802387497220447E-6	2.697894843316594E-7	1.6470435180815421E-6	1.8580455698811267E-6	1.6278085039893651E-6	3.2427007133677053E-7	6.730389804845715E-7	2.0253665910401567E-6	1.2539320355768591E-6	5.532410372475399E-7
107	107	0.1362670624342959	2.488974365123519E-6	2.3376170397634574E-6	1.7125548321841456E-6	8.382313890810708E-7	0.8636933308340979	2.5690261722440263E-6	4.8092700192010336E-6	6.552192146901872E-7	4.000061615267752E-6	4.512507825025077E-6	3.95334685594623E-6	7.87532479314936E-7	1.6345636055513077E-6	4.918868911916834E-6	3.0453387227484463E-6	1.3436185582166504E-6
108	108	0.18640323939034395	1.7057739080739151E-6	1.6020438817575394E-6	1.1736687166485332E-6	5.744668376092685E-7	2.742870555266561E-6	1.7606359772835154E-6	0.7645438600696254	4.4904272866295156E-7	2.741370433388582E-6	3.0925662456652733E-6	0.04902901920904625	5.397212497644636E-7	1.1202188292920708E-6	3.371058523042392E-6	2.0870682347319598E-6	9.20824863094207E-7
