0	0	3.348979659563997E-7	1.0356697314139722E-6	9.003588716697955E-7	7.30082274164162E-7	2.204276800364514E-6	1.857437178706747E-6	5.950734193407313E-7	3.8357945287389863E-7	5.951041710575534E-7	1.4908168855050467E-6	0.7261935674554262	7.68791533332356E-7	0.01714550995687646	2.870698287164281E-7	0.09420791064502024	0.1405942805657793	2.4741847426630986E-7	8.34649294496735E-7	0.021846466151015917
1	1	4.511137691498328E-7	1.395066329526102E-6	1.2128000927880538E-6	9.834343590207254E-7	2.9692017173715163E-6	2.502002316593706E-6	8.01574928510092E-7	5.166886345822203E-7	8.01616351642788E-7	2.00815798451267E-6	0.9771921391121093	0.01004163432991637	1.942656603370749E-6	3.866883815541732E-7	0.012745917963596257	1.962973937750111E-6	3.332772719739568E-7	1.1242880740807192E-6	9.17053625584596E-7
2	2	1.558641798345656E-7	4.820089390669495E-7	4.1903418758851935E-7	4.2730891738692716E-4	1.0258879734787774E-6	8.64466052000589E-7	2.7695190737279305E-7	1.7852093145099954E-7	2.769662194666491E-7	6.938380484909158E-7	0.9879033428178656	0.011635266629178078	6.712066864091129E-7	2.681917528917564E-5	7.190347611138426E-7	6.782265223707417E-7	1.1515052788483807E-7	3.8845242718843214E-7	3.1685091653361437E-7
3	3	6.247854532718085E-7	1.9321448571163104E-6	1.6797089947591474E-6	1.3620410720820982E-6	0.009845331681007206	3.4652337356187148E-6	1.1101686299319224E-6	7.156056073531712E-7	1.1102260003171938E-6	2.7812671268263255E-6	0.9901263370078911	1.4342570437920149E-6	2.690548747327934E-6	5.355573078595659E-7	2.88226877796762E-6	2.7186879349067293E-6	4.6158376373184925E-7	1.5571212452602017E-6	1.2701048035293372E-6
4	4	1.3721852513373576E-7	4.243473759669809E-7	3.6890614163266735E-7	2.991383139667457E-7	9.031634774751272E-7	7.610520698829478E-7	2.438208208133903E-7	1.571649043751257E-7	2.438334207860883E-7	0.0020445227551026094	0.9749960667317481	0.015505853696287923	5.909118545820952E-7	1.1762179084715836E-7	0.0074479902412812535	5.970919245530009E-7	1.0137534885500674E-7	3.419828032328676E-7	2.789468080489204E-7
5	5	3.2755446811198406E-7	1.0129600131914519E-6	8.806161914942807E-7	7.140733456200316E-7	2.1559423714415283E-6	0.02019088166222164	5.8202490661024E-7	3.7516848842597383E-7	5.820549840167075E-7	1.4581268972160462E-6	0.1783441279860425	7.519338048845034E-7	0.011329719234936064	2.8077508559263646E-7	0.7298362091702717	0.060288216501133966	2.4199318890438024E-7	8.163474655277953E-7	6.6587418319027E-7
6	6	6.579339863302771E-7	2.0346564750396657E-6	1.7688274094882392E-6	1.4343053401896071E-6	4.330479040377282E-6	0.1572562784353994	1.1690695875919647E-6	7.535726823033819E-7	1.1691300018126883E-6	2.2821912959115063E-4	0.07368476690808848	1.5103527927911479E-6	2.8332981401461768E-6	5.639717644243284E-7	0.7688061836989598	2.862930276680185E-6	4.86073489878948E-7	1.6397356608235813E-6	1.3374913133256783E-6
7	7	3.092080947686953E-7	9.562239756983546E-7	8.312927506802305E-7	6.74077993797331E-7	2.035187726020056E-6	0.04018290612706387	5.494256070393558E-7	3.5415524688793723E-7	5.494539998059175E-7	1.37645699787866E-6	6.973779765457672E-6	7.098178832383531E-7	1.3315602142894976E-6	0.8194530426082925	0.14034442749669582	1.3454863781174396E-6	2.2843911523912674E-7	7.706237253915436E-7	6.28578473457226E-7
8	8	5.760445429364148E-7	1.7814139162108596E-6	1.548671139965347E-6	1.2557852022953928E-6	3.7914880084300947E-6	0.1243690985803478	1.0235618925866176E-6	6.597796137087067E-7	1.023614787379844E-6	2.564294258880175E-6	0.26403164707293103	1.322367444565125E-6	2.4806530230280514E-6	4.93777284676965E-7	0.6115751940561922	2.506597009659855E-6	4.255745821439738E-7	1.4356467349316998E-6	1.1710210876374366E-6
9	9	4.3566885634403997E-7	1.347303039439801E-6	1.1712771046529977E-6	9.497642319618216E-7	2.8675442979714406E-6	0.10614547354082711	7.741311754597699E-7	4.989986161110351E-7	7.741711803766712E-7	1.939404097816843E-6	0.3919857680204407	1.0001211178974255E-6	1.8761453064373732E-6	3.7344921940806344E-7	0.5018505613750041	1.8957670303534882E-6	3.218667614601875E-7	1.085795497572814E-6	8.856561949273954E-7
10	10	4.221599251830733E-7	1.3055267597087093E-6	1.134958920447793E-6	9.203145721068864E-7	2.7786293848252776E-6	2.3414162524271213E-6	7.501274290212456E-7	4.835259977305777E-7	7.501661934921966E-7	0.010048545652262616	9.52125896390634E-6	9.691100250970802E-7	1.8179710361778098E-6	3.618695535135695E-7	1.947513927048759E-6	0.9899237275900414	3.1188653023582073E-7	1.0521278703876022E-6	8.581943545976614E-7
11	11	2.909264621987922E-7	8.996881486161875E-7	7.821433626691289E-7	6.34223777770811E-7	1.9148592001911706E-6	1.0123283887933383E-4	5.169413440387275E-7	3.33216156981019E-7	5.169680581101493E-7	0.009265888104044016	6.561461713464584E-6	6.678505804657099E-7	0.014695096615146053	2.493780738081778E-7	1.342105924984396E-6	0.9759215412705478	2.1493287125635025E-7	7.250613354166081E-7	5.914143730099468E-7
12	12	6.987034646250017E-7	2.1607358153987597E-6	9.58880908077631E-4	1.5231833760561315E-6	4.59882111558632E-6	3.8752035664936E-6	1.241512048639154E-6	8.002684994415507E-7	1.2415762064820524E-6	1.2273562646599638E-4	0.12490458114651594	1.603943178274236E-6	0.008735656438256677	5.989187881170564E-7	3.223268356522274E-6	0.8652529018392388	5.161934760887998E-7	1.7413433734847024E-6	1.4203701799003574E-6
13	13	2.900884086460457E-7	8.970964735804649E-7	7.798902915016322E-7	6.323968092435069E-7	1.9093431857880773E-6	0.002236585950905456	5.154522236381324E-7	3.32256282165645E-7	5.154788607560097E-7	5.0957501097844635E-5	0.165692840457931	6.65926745323891E-7	1.2492240342820886E-6	2.4865970608338414E-7	1.3382398048999786E-6	0.8320087150400926	2.143137276590404E-7	7.2297269685306E-7	5.897107228411023E-7
14	14	7.733619944742894E-7	2.391616822203203E-6	2.079150677277704E-6	1.6859400207627082E-6	5.09021874120681E-6	4.289280518718829E-6	1.3741712796783527E-6	8.857795533835377E-7	1.3742422929763497E-6	3.4426638474126545E-6	0.16552697589190518	1.7753292464913413E-6	3.3303722654992874E-6	6.629150304198407E-7	3.567684105107173E-6	0.8344362304794355	5.713502743498002E-7	1.9274110585747458E-6	1.572140930786848E-6
15	15	2.858435798119573E-7	8.839693686548084E-7	7.684782505578279E-7	6.231430227065283E-7	1.881403996328451E-6	1.5853679222001645E-6	5.079096731732365E-7	3.2739441590416124E-7	5.079359205133679E-7	1.2724485625940008E-6	0.17829267207477473	6.561823192603507E-7	1.2309442890633578E-6	2.4502109847687824E-7	1.3186575026036621E-6	0.821693728572522	2.111777006286806E-7	7.123935242339808E-7	5.810815566783779E-7
16	16	2.8012682749369266E-7	8.662903501480547E-7	7.531090062204091E-7	6.10680422280059E-7	1.8437767014818128E-6	1.5536612253049519E-6	4.977516916523911E-7	3.208466642025548E-7	4.977774140566726E-7	0.553227114213953	0.4467595864725313	6.430589466895773E-7	1.2063259169355426E-6	2.401207787507437E-7	1.2922849028063683E-6	1.2189423139777902E-6	2.0695423473719897E-7	6.981459510197757E-7	5.694601680208917E-7
17	17	1.4802701219874548E-7	4.5777255029923513E-7	3.979642972727547E-7	3.227009677265585E-7	9.743042418461556E-7	8.209989425454522E-7	2.630262027789313E-7	1.6954453631153108E-7	2.6303979523163E-7	0.553077664200923	0.4469153080621707	3.398107043077614E-7	6.374570505065283E-7	1.2688667402306878E-7	6.828802324414289E-7	6.441239148536037E-7	1.093605253881482E-7	3.6892024991942626E-7	3.009190086951818E-7
18	18	4.8113987206488E-7	1.4879218530065992E-6	1.2935239874943975E-6	1.048891685516876E-6	3.1668315891206108E-6	2.668535426840618E-6	8.549277032279296E-7	5.510793962436053E-7	8.549718834816235E-7	0.3028992693726263	0.6969955118532334	1.1045043493642758E-6	2.0719596995970856E-6	4.1242633489237476E-7	2.21960102276042E-6	8.446978588196505E-5	3.554601853583019E-7	1.1991206146217185E-6	9.780926548128849E-7
19	19	1.5655769987509662E-7	4.841536451778266E-7	4.2089868658417524E-7	3.412979867951827E-7	1.0304526776314727E-6	8.683125068567176E-7	2.781842091000417E-7	1.793152630526988E-7	2.7819858487577716E-7	0.27790776805720985	0.7220847992025826	3.593937448925324E-7	6.741932307765052E-7	1.3419905958232382E-7	7.222341172276089E-7	6.812443016050918E-7	1.1566289191132976E-7	3.90180852175713E-7	3.1826074950941367E-7
20	20	4.155225848274693E-7	1.2850008288217882E-6	1.117114714507653E-6	9.058450768163363E-7	2.734942838924053E-6	2.304603718469138E-6	7.383336732441451E-7	4.759238393392309E-7	7.383718282470437E-7	0.9999709010690588	9.371562527585706E-6	9.538733512801425E-7	1.7893882839932924E-6	3.561801186626456E-7	1.9168944579565754E-6	1.8081026568975527E-6	3.069829452908362E-7	1.0355859620803396E-6	8.447015342636318E-7
21	21	1.376453782816324E-7	4.256674164867041E-7	3.700537180818446E-7	3.0006885983035085E-7	9.059729973489913E-7	7.6341951605267E-7	2.4457928753488806E-7	1.576538058124937E-7	2.4459192670300806E-7	0.9780501148063186	0.02194335033568105	3.159786328443246E-7	5.927500363072812E-7	1.179876833652088E-7	6.349875372019848E-7	5.989493309588103E-7	1.0169070268012406E-7	3.4304662778530466E-7	2.798145430941364E-7
22	22	2.078606281733846E-7	6.428076095866625E-7	5.588244171991429E-7	4.5313909176078094E-7	1.3681252410217292E-6	1.1528528029604347E-6	3.693433443234224E-7	2.3807569508843154E-7	3.693624309462921E-7	0.010428181214529254	0.21082743211435132	3.60650688452265E-5	8.951219171669729E-7	1.7817520854811987E-7	0.7786998892721954	9.044835775189986E-7	1.535648606757768E-7	5.180405505393554E-7	4.225527033722212E-7
23	23	2.9083954252143317E-7	8.994193500922911E-7	7.819096828305269E-7	6.34034291652152E-7	1.914287100483875E-6	1.613076919636181E-6	5.167868982227719E-7	3.3311660247285674E-7	5.168136043128694E-7	0.014640953653731609	0.09113096734698618	6.676510477159582E-7	1.2524586843478291E-6	2.4930356748258613E-7	0.8942156127933851	1.265557562369852E-6	2.1486865607399025E-7	7.248447098925373E-7	5.912376769950881E-7
24	24	7.66058887634287E-7	2.3690320128930817E-6	2.059516586591693E-6	1.6700191451760615E-6	0.4995830418508768	0.03240009175946416	1.3611945369063266E-6	8.77414851263094E-7	1.361264879602838E-6	3.4101536619218877E-6	0.2746605778846844	1.7585642396045975E-6	0.1933290987541611	6.566549098972508E-7	3.5339933129850593E-6	3.333424368850266E-6	5.659548293622588E-7	1.909209894067118E-6	1.5572946967242574E-6
25	25	3.40005722683887E-7	1.051465435108313E-6	9.140908573830888E-7	7.412172556407788E-7	0.45935723660564187	0.020026992793996733	6.041492889188171E-7	3.894296840789386E-7	6.041805096509944E-7	1.5135543481069587E-6	0.355744380724786	7.805168960564904E-7	0.1648593220423787	2.914481259828733E-7	1.568519039120054E-6	1.479499004369083E-6	2.5119202174913604E-7	8.473790987428833E-7	6.911859092538737E-7
26	26	3.2013960461390063E-7	9.900295971598086E-7	8.606816478082521E-7	6.979088389475653E-7	0.3862020628667331	5.6586817342621295E-5	5.68849585693768E-7	3.666757844598357E-7	5.688789822367912E-7	0.005153681128088255	0.5426932495148479	7.349122494926625E-7	0.06588448206772983	2.744191688337164E-7	1.476872392174787E-6	1.3930536890572875E-6	2.3651517948037675E-7	7.978677755428443E-7	6.508007628711624E-7
27	27	7.083636213904606E-7	2.190609785920283E-6	1.904405328547376E-6	1.5442426536183809E-6	4.662403644029498E-6	3.928781480223404E-6	1.2586769857308816E-6	8.113328773221056E-7	1.2587420306093414E-6	3.1533199815966876E-6	1.5976204934526323E-5	1.6261190272995922E-6	3.050466114734653E-6	6.071993387024103E-7	0.9999505080055322	3.082369509271E-6	5.233302804024885E-7	1.7654188945347999E-6	1.440007979478444E-6
28	28	5.29369702318693E-7	1.6370722821603285E-6	1.4231878253267309E-6	1.1540333935403867E-6	3.484277219494608E-6	2.9360314672549415E-6	9.406263127175318E-7	6.063200181092129E-7	9.40674921633783E-7	2.356518614968932E-6	1.193923374237034E-5	1.2152207135180535E-6	2.2796545309887225E-6	4.537682674133595E-7	0.9999630139640329	2.303496368653269E-6	3.910917873044155E-7	1.3193213858628409E-6	1.076137413630474E-6
29	29	4.332772795660541E-7	1.3399071041666828E-6	1.1648474526747014E-6	9.445505609622868E-7	2.851803093951435E-6	2.4030761890613597E-6	7.698816310744296E-7	4.962593946010269E-7	7.699214163868564E-7	1.9287578610341833E-6	0.06365756958100628	9.946310159406129E-7	1.865846324810237E-6	0.7426321914709428	0.048516753603067744	0.14517524185623237	3.20099894122519E-7	1.0798350914987427E-6	8.807944409639792E-7
30	30	6.447163866515307E-7	5.539045774159975E-4	1.7332924575247253E-6	1.405490787061784E-6	4.243481652246954E-6	3.5757762304353094E-6	1.14558350216936E-6	7.384337439745064E-7	1.1456427026953954E-6	2.86999078312418E-6	1.4540725704651323E-5	1.4800104803349426E-6	0.015125132196519545	5.526418237811117E-7	0.9842806883002169	2.805415287195624E-6	4.7630849074961906E-7	1.6067941043847397E-6	1.3106217107201895E-6
31	31	5.31779557254705E-7	1.6445247425155253E-6	1.4296666173518757E-6	1.1592869111813937E-6	3.500138729171219E-6	2.949397192366635E-6	9.449083351920262E-7	6.090801747295171E-7	9.44957165391128E-7	2.3672462179866585E-6	1.0303978281114138E-4	1.2207527748014785E-6	2.29003222487608E-6	4.558339611888853E-7	2.453212709435276E-6	2.3139825979742337E-6	0.03942339659612184	1.325327345667457E-6	0.9604474234938101
32	32	3.1234987621390683E-7	9.659399139132415E-7	8.397392958509827E-7	6.809271215186544E-7	2.055866728747702E-6	1.732379207461932E-6	5.550081749181547E-7	3.5775372442530307E-7	5.550368561760874E-7	1.3904428123810318E-6	0.003162220177887612	7.17030154497635E-7	1.3450898444809909E-6	2.6774192315040036E-7	0.9968230011796245	1.3591575083662012E-6	2.307602245042503E-7	7.78453828686498E-7	6.349652926193978E-7
33	33	4.689707885726924E-7	1.45028904327628E-6	0.008913748588615211	1.0223629124169925E-6	3.0867354668676016E-6	2.6010423083183085E-6	8.333047050014141E-7	5.371413886639541E-7	8.33347767839514E-7	0.0032940876405629102	0.035499942773434844	1.07656900992293E-6	2.019555290732287E-6	4.019951675851568E-7	0.16436128496757405	0.7864688678106196	0.0014456147585773485	1.1687922221442661E-6	9.533545446071518E-7
34	34	3.2838318679799736E-7	1.0155228202139136E-6	0.0031493496343185357	7.158799640066172E-7	2.1613969443541793E-6	5.804392565592405E-5	5.834974400750199E-7	3.7611767143835663E-7	5.835275935778658E-7	1.4618159844486724E-6	0.08383533453641834	7.538362109128646E-7	1.4141349918698136E-6	2.814854516008878E-7	0.1638904558534739	0.7490554118747419	2.426054360176281E-7	8.184128392742197E-7	6.675588568304261E-7
35	35	1.4320715746221286E-7	4.4286718159631213E-7	3.850063237604229E-7	3.121936166378787E-7	0.04239352706109097	7.942666888632455E-7	2.5446190042312814E-7	1.6402405714859836E-7	2.544750502968235E-7	6.374946108142142E-7	0.5275690136964771	3.287462491900479E-7	6.167010388936287E-7	1.2275516229619667E-7	6.606452128059708E-7	0.43003158856964396	1.0579967633463857E-7	3.5690796927169183E-7	2.9112089220395085E-7
36	36	5.826529076227494E-7	1.8018502400333602E-6	1.5664374460567534E-6	1.2701915302195623E-6	3.83498383834604E-6	3.2315549299005874E-6	1.0353041620832906E-6	6.673485844653263E-7	1.0353576636839036E-6	2.5937117611090344E-6	1.3140965990894174E-5	1.3375376018562205E-6	2.5091109956578473E-6	4.994418819915058E-7	2.6879023434985575E-6	0.9999591386199294	4.304567602229566E-7	1.4521164286411693E-6	1.184455004332574E-6
37	37	1.29474183487859E-7	4.0039805095553123E-7	3.4808581002451783E-7	2.8225554029990886E-7	8.521907205180865E-7	7.180997991619868E-7	2.3006005684280625E-7	0.8727278718931075	2.3007194569801329E-7	0.12240856441611722	2.9201190273890536E-6	2.9722084386605333E-7	5.575619604623157E-7	1.1098345005146427E-7	5.972920698868412E-7	5.633932395305101E-7	0.004854740598502726	3.2268197149262873E-7	2.632036029645324E-7
38	38	2.575130810303875E-7	7.96357489675071E-7	6.923129151131283E-7	5.613821370601033E-7	1.6949344815655587E-6	1.4282391036422015E-6	4.5756978313110947E-7	2.949457350313309E-7	4.575934290476298E-7	1.1463337746533566E-6	9.39857093332645E-5	5.911468463330858E-7	1.1089430683102758E-6	2.2073659316658013E-7	1.187962859066812E-6	0.9998937627955765	1.9024747860203466E-7	6.417868522786894E-7	5.234894626236531E-7
39	39	6.070576997452646E-7	1.8773218972903937E-6	1.632048686889504E-6	1.3233943201571672E-6	3.995614605211857E-6	3.36691068847474E-6	1.0786685433961813E-6	6.953009095358058E-7	1.0787242859457782E-6	0.04770868370177657	0.07297578050845478	1.3935612253588145E-6	2.614206724968091E-6	5.203613267377977E-7	2.8004868635112445E-6	0.8792893566393479	4.484867187343358E-7	1.512939260064543E-6	1.2340666646899362E-6
40	40	1.6861609352188712E-7	5.214441472977509E-7	4.5331716266231297E-7	3.6758545447589604E-7	1.1098202464650905E-6	9.351917087386002E-7	2.996105247799833E-7	1.931264906735204E-7	2.996260078073132E-7	7.506039001235796E-7	3.8029130576710367E-6	3.870749848032224E-7	7.261209697327528E-7	1.4453534511004805E-7	7.778620633306806E-7	7.337151284308618E-7	0.9999875658294943	4.2023337793924034E-7	3.427738421453483E-7
41	41	2.7817894840088144E-7	8.602665470141134E-7	7.47872216510014E-7	6.06434018472215E-7	1.8309558869930265E-6	1.5428577465908287E-6	4.942905447060033E-7	3.186156372252745E-7	4.943160882479674E-7	0.036293113544690996	0.07301866858517532	6.385873968244362E-7	1.197937655612132E-6	2.38451084173959E-7	1.2832989203974225E-6	0.8906762215005347	2.0551516576040695E-7	6.932913502880665E-7	5.65500391781675E-7
42	42	7.197107975388906E-7	2.2257008526587463E-6	1.9349117267706753E-6	1.568979657153558E-6	4.737090025185035E-6	3.991716072230369E-6	1.27883955342885E-6	8.243295033429551E-7	1.278905640251971E-6	3.2038325660985653E-6	0.013077762362358617	1.6521675968250326E-6	3.0993310977652127E-6	6.169259785882108E-7	0.07787961366741537	0.909011703041573	5.317134337664034E-7	1.7936988888302872E-6	1.463075262586818E-6
43	43	1.8628197928029972E-7	5.7607578146237E-7	5.008111416808736E-7	4.0609733379649274E-7	3.311951069765961E-5	1.0331716200490604E-6	3.310006797303718E-7	2.1336032749123013E-7	3.310177849124219E-7	8.292445712033E-7	3.6094758485569434E-5	4.2762877963174167E-7	8.021965674420635E-7	1.5967829405065682E-7	8.593585685549533E-7	8.105863651399257E-7	0.9999224762736371	4.6426117321954556E-7	3.786862121322966E-7
44	44	3.50387772978827E-7	1.0835718565665033E-6	9.420025559879953E-7	7.638502712465032E-7	2.3062297106013744E-6	1.943347952671242E-6	6.22596944016196E-7	4.0132089148137724E-7	6.226291180711855E-7	0.003600961903938878	7.902532962765458E-6	8.043499233565717E-7	1.5088945792998115E-6	3.0034747355395346E-7	0.0649708249200375	0.9314068167068791	2.588621520719478E-7	8.732537585944437E-7	7.122912212950456E-7
45	45	5.903678752436683E-7	1.8257087260680731E-6	1.0266430694257385E-4	1.2870102680990174E-6	3.885763257366366E-6	3.2743442841168476E-6	1.0490127319432846E-6	6.761850163335247E-7	1.0490669419641442E-6	0.01031249512521116	0.5895962033825397	1.3552480760597811E-6	0.021430893499167384	5.060550437859202E-7	0.003540422977887592	0.3749987143069988	4.361564828603591E-7	1.4713440529818424E-6	1.2001384959745274E-6
46	46	1.8645443266823662E-7	5.76609092417114E-7	5.012747752456075E-7	4.064732846067424E-7	1.2272310435866577E-6	1.03412809445891E-6	3.313071086659535E-7	2.1355784907366846E-7	3.3132422968338715E-7	8.300122570325186E-7	4.205233212585616E-6	4.280246635068848E-7	8.029392131686186E-7	1.598261186705981E-7	8.601541328772375E-7	0.08839543371150517	0.9115916280112298	4.6469097009264406E-7	3.790367866779371E-7
47	47	3.092572106702905E-7	9.56375866297236E-7	8.314247966830034E-7	6.741850671533361E-7	2.035511003714819E-6	1.7152264249849962E-6	5.49512880091083E-7	3.5421150238237565E-7	5.495412773676701E-7	0.00794358492085863	0.7132702233631071	7.099306336672503E-7	1.3317717248597563E-6	2.650909337203877E-7	1.4266695839484473E-6	0.27871990705230515	2.2847540145961838E-7	5.37188011025976E-5	6.286783194799193E-7
48	48	3.7581897718969825E-7	0.0012237005461034419	1.010373261862886E-6	8.192906539672011E-7	2.473616255596556E-6	2.0843964779008802E-6	6.677851362003365E-7	4.3044883010373473E-7	6.678196454537144E-7	1.6729790385187961E-6	0.8722574013644517	8.627297777218542E-7	1.6184104047312227E-6	3.221467443139848E-7	0.11292566880544125	0.013513901071736154	2.7765041113658444E-7	6.528075721331765E-5	7.639894393931405E-7
49	49	2.5604554071592415E-7	7.918191310171469E-7	6.883674956839994E-7	5.581828785422105E-7	1.6852752259187438E-6	1.4200997172665612E-6	4.549621404407333E-7	2.9326486990787564E-7	4.549856516016302E-7	1.1398009374809559E-6	0.03060446350311595	5.8777796182714E-7	1.1026233168915199E-6	2.194786382384147E-7	1.181192782064161E-6	1.1141551370726552E-6	0.9693824298299333	6.381293756361714E-7	5.205061505234562E-7
50	50	3.1730473079940865E-7	9.81262768750855E-7	8.530602106888803E-7	5.5017602992593606E-5	2.088479261883909E-6	1.7598602078195E-6	5.638123557739875E-7	3.6342882730491847E-7	5.638414920071682E-7	1.4124996226103596E-6	0.05579982921100118	7.28404515172978E-7	1.3664272135384844E-6	0.9441296400310334	1.4637945136131146E-6	1.380718034960217E-6	2.3442080977611157E-7	7.90802562642862E-7	6.450378456484091E-7
51	51	6.649751717571419E-7	2.0564312941224023E-6	0.008540588324908942	1.4496552234132222E-6	4.376823668476705E-6	3.688137082025228E-6	1.1815809275047368E-6	7.616373895520729E-7	1.1816419882762383E-6	2.9601738895787447E-6	0.7208036162132384	1.526516533067497E-6	2.8636199930810483E-6	5.700073695934378E-7	0.27062612032749195	2.893569251655056E-6	4.912754305666614E-7	1.6572840518153571E-6	1.3518050963793164E-6
52	52	2.418593316768902E-7	7.47948373954527E-7	6.502284788429137E-7	5.272567433911405E-7	1.5919025134850857E-6	1.3414190599542446E-6	4.2975495264479617E-7	2.770165230837691E-7	4.297771611692859E-7	0.005384225359547356	0.7227552822962447	5.552121104098395E-7	1.041532446802552E-6	2.0731841926741888E-7	0.27185012556876653	1.0524253462228227E-6	1.7868268223031302E-7	6.027738029852631E-7	4.916674953499182E-7
53	53	2.2913560360297084E-7	7.086003295456336E-7	3.984642275811166E-5	4.995188373052528E-7	1.508155756387318E-6	1.2708497284602173E-6	4.07146417683749E-7	2.6244324659589205E-7	4.0716745786288453E-7	1.1871121429423868E-4	0.6682558266357922	5.260035292597052E-7	0.3212195140457054	1.9641181842144667E-7	1.0570514929999374E-6	0.010357823049717548	1.6928254933300428E-7	5.710630978158931E-7	4.658018672997473E-7
54	54	8.293674266336228E-7	2.564813248513334E-6	2.2297188885905233E-6	1.808032650258571E-6	4.314478634672596E-4	4.599902207940517E-6	1.4736861988613756E-6	9.499260553316569E-7	1.473762354809867E-6	3.69197513750873E-6	0.15337475269663514	1.9038952768694434E-6	0.8399119238064339	7.109220995916567E-7	3.826049128915121E-6	0.004263499110649275	0.0019885614891281063	2.0669905699231607E-6	1.6859924425927093E-6
55	55	2.3500840868332518E-7	7.267619401808234E-7	6.318100651067553E-7	5.123216349470459E-7	1.5468101804436685E-6	1.3034219373370195E-6	4.1758168619996043E-7	2.691697352239258E-7	4.1760326564435625E-7	1.0461529764751829E-6	0.24005260134479584	5.394851364405487E-7	0.7532168141560944	2.0144590438159185E-7	1.0841439975285775E-6	0.005110980246223794	0.0016096090959336275	5.856995934513212E-7	4.777404902361307E-7
56	56	3.247497882134173E-7	1.004286559266596E-6	8.730759294277225E-7	7.079591040097534E-7	2.1374821493401365E-6	0.02096320683548564	5.770413276487195E-7	3.719561142393873E-7	5.770711475178747E-7	0.026411704791277375	0.18209911107019	7.454953836968204E-7	0.7318713799320075	2.783709534093111E-7	1.4981401540600888E-6	0.03864379229115319	2.399211260916753E-7	8.093575034002477E-7	6.601726461380266E-7
57	57	5.688632263469508E-7	1.759205742440174E-6	1.9631998108189582E-4	1.2401298311671868E-6	3.7442210460613557E-6	3.1550735257480187E-6	1.0108015564464542E-6	6.515544055309435E-7	1.01085379182148E-6	2.5323262294502074E-6	0.39572996759047424	1.3058820192912137E-6	0.587296158790982	4.876215610451163E-7	2.624287597682656E-6	0.01675446837627567	4.202691142868778E-7	1.4177491021173691E-6	1.156422436775482E-6
58	58	2.5975775914400716E-7	8.032991418060546E-7	6.983476363090868E-7	5.662755669060503E-7	1.709708808056338E-6	1.440688712198526E-6	4.6155830625210343E-7	2.9751670437192204E-7	4.615821582842551E-7	1.1563260838773052E-6	0.50104130593281	5.962997278200755E-7	0.4815572898219638	2.2266069969186194E-7	1.1983180387682487E-6	0.017390164566322152	1.919058190237351E-7	6.47381150227184E-7	5.280525913577743E-7
59	59	7.419914297414855E-8	2.2946035594969213E-7	1.9948122544216245E-7	1.6175517486018634E-7	4.883739708533749E-7	4.115290649639353E-7	1.318429557960551E-7	8.49848896049773E-8	1.3184976906835036E-7	0.0011309565722469443	0.9978238201370881	1.7033150003206907E-7	3.195279437708855E-7	6.360246233107212E-8	3.422964987843671E-7	3.228697366878008E-7	0.0010417554263161667	1.849227783715418E-7	1.508368791490211E-7
60	60	1.2107866132394395E-7	3.744349545247994E-7	3.2551480741781523E-7	2.639531839487069E-7	7.969319354131531E-7	6.715359003417039E-7	2.1514222338578777E-7	1.3867891533085314E-7	2.1515334132941454E-7	0.002591779949810091	0.9974024717143686	2.7794808913584897E-7	5.214078510428403E-7	1.0378692646943141E-7	5.585617324869077E-7	5.268610112355787E-7	8.945141713663792E-8	3.0175823541966716E-7	2.461366354596303E-7
61	61	4.155225848274693E-7	1.2850008288217882E-6	1.117114714507653E-6	9.058450768163363E-7	2.734942838924053E-6	2.304603718469138E-6	7.383336732441451E-7	4.759238393392309E-7	7.383718282470437E-7	0.005337484244549667	0.993860228657041	9.538733512801425E-7	1.7893882839932924E-6	3.561801186626456E-7	1.9168944579565754E-6	1.8081026568975527E-6	7.828667129409708E-4	1.0355859620803396E-6	8.447015342636318E-7
62	62	1.1451935996791682E-7	3.5415035872482267E-7	3.0788040599352106E-7	2.49653814774396E-7	7.537590371711479E-7	6.351561923604002E-7	2.0348713352798452E-7	1.311661398555089E-7	2.0349764916942272E-7	5.097892878203626E-7	0.999974446377576	2.628905615910396E-7	4.931611625926091E-7	9.816438555194107E-8	5.283022739723816E-7	2.0105225896816106E-5	8.460548643912971E-8	2.854108197715462E-7	2.328024579168279E-7
63	63	7.705054122641557E-7	2.382782860725168E-6	0.010555555500143091	1.679712631383512E-6	5.071416901440032E-6	4.273437120010861E-6	1.3690954765496067E-6	8.825077322540088E-7	1.3328771659335724E-4	0.021769990757972254	0.9576141348363038	1.7687716783940044E-6	3.3180708048188784E-6	6.604664083046373E-7	3.554506081078524E-6	3.3527729513119497E-6	5.692398667513869E-7	1.9202917429361717E-6	0.009895457611319278
64	64	2.877163079610371E-7	8.897607679952911E-7	7.735130001671141E-7	6.272255964004796E-7	5.1153758276683925E-5	1.5957545928978431E-6	5.112372859283217E-7	3.2953936783527894E-7	5.112637052300998E-7	1.2807851159040088E-6	0.10670370993533805	6.604813526723158E-7	1.239008923649849E-6	0.8932323362457939	1.3272967976535832E-6	1.2519671369321801E-6	2.1256124901792708E-7	7.170608300623391E-7	5.84888561155507E-7
65	65	3.7289178305022753E-7	1.1531653579776734E-6	1.0025036254945498E-6	8.129093295893068E-7	2.4543496526675963E-6	2.068161445811574E-6	6.625838641631222E-7	4.270961327433093E-7	6.626181046294232E-7	1.6599484713195838E-6	0.6712532539732068	8.560101129295689E-7	0.32872898845658216	3.1963759464555417E-7	1.7202294615184857E-6	1.6225992239346758E-6	2.7548783631830855E-7	9.293393668656125E-7	7.580388473652124E-7
66	66	1.5479430924319008E-7	4.787003713817046E-7	4.161578862179432E-7	1.5935184008265246E-4	1.0188461542869932E-6	8.585322524113597E-7	2.750508759668728E-7	1.7729554217485469E-7	2.750650898207848E-7	6.890754601653256E-7	0.7207892019365918	3.553457066075109E-7	0.27904441217968146	1.3268750592084992E-7	7.140992195037759E-7	6.735710934495776E-7	1.1436012072716968E-7	3.857860427219149E-7	3.146760135006693E-7
67	67	2.5116783999337773E-7	7.767348739873652E-7	6.752540057099618E-7	5.475494223907554E-7	1.6531705145296333E-6	1.3930466336720134E-6	4.46295052722845E-7	2.8767813614228275E-7	4.4631811599308084E-7	0.015783053858647193	0.31362326033996907	5.765807155049242E-7	0.6705828429642252	2.1529754174547958E-7	1.1586909065367394E-6	1.0929303373673652E-6	1.8555969302010216E-7	6.259729283576303E-7	5.105904409219563E-7
68	68	6.094012009350161E-7	1.8845691591267773E-6	1.638349089703047E-6	1.3285031856984497E-6	4.011039378812508E-6	3.3799083972716777E-6	1.0828326632415556E-6	0.00438280291649983	1.0828886209811276E-6	2.7127832735754923E-6	0.27775572822585726	1.3989409650293439E-6	0.7178331464000396	5.223701430147717E-7	2.8112979351758922E-6	2.651744985136414E-6	4.502180684221541E-7	1.518779849776972E-6	1.2388306874478176E-6
69	69	1.911030684503175E-7	5.909849676426323E-7	5.137724339148843E-7	4.1660737596752527E-7	1.2578280643195912E-6	1.059910720242393E-6	3.3956717552605705E-7	0.0034684154348605264	3.395847234004612E-7	8.507059172603368E-7	0.3815386497028487	4.386960685140889E-7	0.6149840531788517	1.638108639165598E-7	8.815992828958085E-7	8.31564825651449E-7	1.4118458285812166E-7	4.7627653038353936E-7	3.884868380607926E-7
70	70	2.8884034234819884E-7	0.001731729844229399	7.76534918588305E-7	6.296760071674551E-7	1.901128493955584E-6	1.6019887999492256E-6	5.132345598870174E-7	3.30826794272784E-7	5.132610824022835E-7	1.2857888173731517E-6	6.5144120383476694E-6	0.05815677307007459	0.058008996434314744	2.4758988119708943E-7	0.15765582117842042	0.7244305557637776	2.1339167171786853E-7	7.198622042228401E-7	5.8717357190118E-7
71	71	3.092735861051278E-7	9.564265072205131E-7	8.314688213398599E-7	6.74220765831506E-7	2.0356187857701824E-6	1.715317247696915E-6	5.495419772699028E-7	3.542302581855574E-7	5.495703760501501E-7	1.3767485361981866E-6	0.15245249720394047	0.0425202494345415	0.05692350485132193	2.6510497051293874E-7	0.13592628080494576	0.612166222197364	2.2848749942829764E-7	7.70786946143252E-7	6.287116085367271E-7
72	72	0.013075139104251766	2.227897059814323E-6	0.022943841302981147	1.5705278456020995E-6	0.19131062268668397	3.995654892395888E-6	1.2801014465420778E-6	8.251429093097239E-7	1.2801675985762776E-6	0.004443575603359394	0.7372407808780667	0.01887322038788911	3.1023893583244804E-6	6.175347294214677E-7	0.012090993559264317	3.1348357937154207E-6	5.322381012420703E-7	1.7954688186615551E-6	1.4645189500244187E-6
73	73	7.388938318026175E-8	2.2850242584814187E-7	1.9864844947197667E-7	1.6107989415455513E-7	4.863351518793616E-7	4.0981105107277664E-7	1.3129254988601596E-7	8.463010246280369E-8	1.312993347148853E-7	3.28922690796599E-7	0.06626567615916211	1.6962041566872616E-7	3.181940077436456E-7	0.9337178996476397	3.408675106766667E-7	1.2972153709484186E-5	5.458856221694454E-8	1.8415077967428864E-7	1.5020717914545086E-7
74	74	9.444745603917207E-8	2.920781293773429E-7	2.53917949930405E-7	2.058967820159159E-7	0.01220926460079381	0.07787711252743602	1.6782177357440446E-7	1.0817654090366659E-7	1.6783044613057957E-7	4.204380932983168E-7	0.29341382072754685	2.1681351315567113E-7	4.067243934758407E-7	8.095903165741334E-8	0.6164964788997651	4.1097813316825647E-7	6.977661212367173E-8	2.3538662686404394E-7	1.9199897655794395E-7
75	75	3.4549635703552963E-7	1.068445185307806E-6	9.288521932290043E-7	7.531869157209867E-7	0.019936691542899173	0.0700977166555502	6.139054860000709E-7	3.957184488211165E-7	6.13937210905011E-7	1.5379962117061797E-6	0.25720318487091626	7.93121192383319E-7	1.4878303996362473E-6	2.9615462056658716E-7	0.6527502502362985	1.5033909200476977E-6	2.5524843448415535E-7	8.610631295635861E-7	7.023476304942218E-7
76	76	4.4000111522491074E-7	1.3607005212034E-6	0.010171107272617394	9.592086172299776E-7	0.09883949417099706	0.17929443999244443	7.81829078605723E-7	5.039606214384991E-7	7.818694813285587E-7	1.958689388706971E-6	0.2336921853382198	1.0100662483144043E-6	1.894801556585304E-6	3.7716277082165644E-7	0.4779884741948814	1.9146183974726135E-6	3.250673807275236E-7	1.096592567683914E-6	8.944630946173803E-7
77	77	4.2644426847982566E-7	1.3187760628472373E-6	0.39075976280073876	9.296545007280121E-7	2.8068286559282196E-6	2.3651784108594806E-6	7.577401919353085E-7	4.88433122361804E-7	7.577793498123868E-7	1.8983403328861657E-6	0.056885731884428054	9.789451605331109E-7	0.03446335863781937	3.6554203236201134E-7	1.967278518003395E-6	0.5178738409752858	3.1505175006236804E-7	1.0628055229072408E-6	8.669038483489613E-7
78	78	4.154339206847051E-7	1.2847266355502334E-6	0.06991857785976165	9.056517877385682E-7	2.7343592572580333E-6	0.09011972330422008	7.381761277229087E-7	4.758222867864291E-7	7.382142745842989E-7	1.8493271584962502E-6	9.369562825070823E-6	9.536698139368427E-7	0.15591132560427728	3.5610411700583073E-7	1.916485431323391E-6	0.6840264488943826	3.069174413190154E-7	1.035364988913202E-6	8.445212919852051E-7
79	79	4.496897589056687E-7	1.390662587320943E-6	0.3930431720028182	9.803299966680806E-7	2.959828973838338E-6	0.3155909380739086	7.990446335208377E-7	5.150576271534849E-7	7.990859258950215E-7	2.0018189238645426E-6	0.19033330231720538	1.0323074918823348E-6	1.936524307942688E-6	3.8546773999036074E-7	2.074514931610811E-6	0.10101489615004901	3.3222523082182706E-7	1.1207390852349571E-6	9.141588042632664E-7
80	80	8.001668888063536E-7	2.4745107795737386E-6	2.151214490347227E-6	1.744375067260516E-6	5.266646825933021E-6	0.060146078819080115	1.4218003540434239E-6	9.164808646706132E-7	1.4218738286777193E-6	0.21248576014491513	0.31839885168255827	1.8368625429254028E-6	0.05699415788206429	6.858918090416297E-7	0.351537747093474	4.1447255383848005E-4	5.911533986822198E-7	1.9942155435749012E-6	1.6266316761634693E-6
81	81	5.149481748762516E-7	1.5924738045009061E-6	1.3844161650129682E-6	1.1225942609615126E-6	3.3893556565152364E-6	0.037825422271641054	9.150009924120419E-7	5.898021464936601E-7	9.150482770839766E-7	0.20057650715508699	0.43034248984698553	1.1821146653406436E-6	0.03473902662496528	4.4140633681486224E-7	0.29649955556115654	2.2407426146159854E-6	3.8043734123691355E-7	1.2833793410342792E-6	1.0468203877891148E-6
82	82	5.834677713808303E-7	1.804370200783377E-6	1.5686281724521648E-6	1.2719679446684668E-6	3.8403472190171225E-6	0.03246935758657337	1.0367520770069697E-6	6.682818985677242E-7	1.0368056534317444E-6	0.7349356926164882	1.3159344165605158E-5	1.339408202521838E-6	0.004997300545040478	5.001403717502938E-7	0.15384215974998028	0.07372560867068383	4.3105877148684567E-7	1.4541472724501215E-6	1.1861115127674949E-6
83	83	3.0478701797092713E-7	9.425518251177171E-7	8.194068746169453E-7	6.644399842216347E-7	2.0060884838370833E-6	0.019152745527165754	5.415698851340206E-7	3.490915128806002E-7	5.415978719390193E-7	0.7423004268239558	0.011434887870714207	6.996688624742831E-7	0.030736929551925574	2.6125914737653534E-7	0.15581898236834796	0.0405472930272291	2.2517287839354258E-7	7.596052988697967E-7	6.195910188866815E-7
84	84	4.614858926218067E-7	1.4271420523503196E-6	1.2406851035535776E-6	1.006045734012821E-6	1.6105985151854753E-4	0.038639031721103285	8.200049448366029E-7	5.285684721774066E-7	7.98312378972881E-5	0.7379665743183841	1.0408204165604376E-5	1.0593866880820628E-6	0.12270636628859957	3.955792199921493E-7	0.0807515657026161	2.0081071379469962E-6	3.4094006848276464E-7	0.019674936591643783	9.381387577296658E-7
85	85	2.3935177819525097E-7	7.401937814970332E-7	6.43487028452396E-7	5.217902415471078E-7	1.5753979582858156E-6	0.03282592059367285	4.252993316014211E-7	2.741444662476149E-7	4.2532130987197556E-7	0.7438202777661733	5.398262903993498E-6	5.494557724143041E-7	0.10634287723629078	2.0516897967194166E-7	0.11699762509185617	1.0415139919955978E-6	1.7683013273871912E-7	5.965243540273213E-7	4.865699763448603E-7
86	86	6.267969029994058E-7	1.938365252015348E-6	1.6851166914048644E-6	1.3664260607675243E-6	0.7820023879399919	3.476389794738002E-6	1.1137427342529652E-6	7.179094457291126E-7	1.1138002893378729E-6	2.7902212069434825E-6	0.17150215953692932	1.438874526361323E-6	0.046147786741078875	5.37281494290869E-7	2.8915480252963555E-6	3.2466991168774155E-4	4.630697979071965E-7	1.562134279875865E-6	1.2741938103199093E-6
87	87	4.374963215842809E-7	1.3529544635358645E-6	1.1761901668659027E-6	9.537481318781464E-7	0.6867969788627394	2.426476168457474E-6	7.773783614679945E-7	5.01091725619765E-7	7.77418534190315E-7	0.0026235849560171842	0.24711791967137356	1.0043162458079343E-6	0.0632207977243602	3.75015696923097E-7	2.267300425878776E-4	1.9037190524021562E-6	3.2321687017232576E-7	1.0903499969383997E-6	8.893711859979431E-7
88	88	7.453346062992356E-7	2.3049423107573136E-6	2.003800241747056E-6	1.6248399204999642E-6	0.8330367597572823	0.023101371206664435	1.324369980739766E-6	8.536780439253669E-7	1.3244384204470219E-6	3.317898373162463E-6	0.1435769870838962	1.7109895940576026E-6	2.584277688754969E-4	6.388903472605855E-7	3.438387775556119E-6	3.2432448466956343E-6	5.506439866895036E-7	1.8575598138826823E-6	1.5151650198319708E-6
89	89	4.116858477071924E-7	1.273135744805779E-6	1.1067998106991424E-6	8.974809359528874E-7	0.8293280935244032	0.032143399678743016	7.315162526881423E-7	4.715293858787151E-7	7.315540553859644E-7	1.8326424035828427E-6	0.13851212195292714	9.450657402656436E-7	1.7728659270806436E-6	3.52891321536624E-7	1.8991947699226534E-6	1.7914075004023394E-6	3.0414841137018695E-7	1.0260238558386268E-6	8.369019636737207E-7
90	90	5.79071416226304E-7	1.7907745017199748E-6	1.5568087594704082E-6	1.2623838286226029E-6	0.27988466051542565	3.211690983411757E-6	1.02894028248929E-6	6.632464797947355E-7	1.0289934552225455E-6	2.577768553350624E-6	0.7200890811068269	1.3293159327444758E-6	2.493687817765644E-6	4.963718779119325E-7	2.6713801585205354E-6	2.5197681292027635E-6	4.2781079868546014E-7	1.4431904584318476E-6	1.1771743139730221E-6
91	91	3.816886793243969E-7	1.1803697011737492E-6	1.0261537052464183E-6	8.320866871438402E-7	2.5122502562648397E-6	2.1169514769788473E-6	6.782148911551978E-7	4.371717647352744E-7	6.782499393889105E-7	1.6991083433961898E-6	0.0841782192458751	8.762042617828493E-7	1.6436874332583754E-6	0.9158022877555161	1.760811423440425E-6	1.6608779892931993E-6	2.8198687446032386E-7	9.51263427371708E-7	7.759217544582991E-7
92	92	7.307868247809234E-7	2.2599533932083157E-6	1.9646891527450058E-6	1.5931255522606674E-6	0.05505686840365272	4.0531467970571625E-6	1.2985203221215022E-6	0.007883290833637606	1.2985874259912697E-6	0.002005146171277319	0.1725546377262153	1.6775937171130906E-6	3.1470284170055457E-6	6.264201934430206E-7	0.7570942927543749	3.179941711377136E-6	5.398962656726223E-7	1.8213031123942872E-6	0.005381573117956962
93	93	2.1853074229238E-7	6.758048665040577E-7	5.875105630863872E-7	4.764000905528771E-7	0.07606560230853561	0.002208681620634109	3.8830285420104595E-7	2.502968398904849E-7	3.8832292059794E-7	9.728017298673182E-7	0.11415729671008525	5.016590171499854E-7	9.41071229889239E-7	1.8732148037983213E-7	0.8075607301004014	9.509134525544705E-7	1.6144780898819787E-7	5.44633137317797E-7	4.442436104280333E-7
94	94	8.011546902162651E-7	2.4775655488613687E-6	2.1538701522301583E-6	1.7465284882217667E-6	5.273148471068479E-6	4.4434265321776006E-6	1.4235555583813988E-6	9.176122550129817E-7	1.4236291237197066E-6	3.566384575269317E-6	0.034446741491374146	1.8391301391420147E-6	3.4500575147666187E-6	6.867385385245614E-7	0.965515352366681	3.4861400483620667E-6	5.918831741438905E-7	1.996677391163408E-6	1.6286397435874013E-6
95	95	4.194013905605965E-7	1.2969960097431251E-6	1.1275427179842682E-6	9.143009278472474E-7	2.760472887953273E-6	2.326116652885196E-6	7.452258446671E-7	4.80366476596427E-7	7.452643558379889E-7	1.8669885708814228E-6	0.1884281027797277	9.627775349724895E-7	1.8060918033402025E-6	3.595049764122387E-7	0.8115520535011547	1.8249808705199693E-6	3.098485589822334E-7	1.045252913802184E-6	8.525866246859574E-7
96	96	5.81145612112018E-7	1.7971889386954954E-6	1.5623851464811511E-6	1.266905604814881E-6	3.825062916562862E-6	3.2231950501594996E-6	1.032625879189077E-6	6.656221852449712E-7	1.0326792423835803E-6	2.5870019514736515E-6	0.42556682561103165	1.3340774553498931E-6	2.502620044200808E-6	4.981498494679429E-7	0.5744056778413823	2.5287937736053236E-6	4.293431889461989E-7	1.4483598721298829E-6	1.1813908752647589E-6
97	97	3.109033836148319E-7	9.614666451751108E-7	8.358504623053308E-7	5.390767066624123E-5	2.0463460078053267E-6	1.724356557564453E-6	5.5243793148737E-7	3.5609696655830676E-7	5.524664799223676E-7	1.3840036702820325E-6	0.4058317461246483	7.137095871122198E-7	0.00899719144003035	2.665020100279955E-7	0.5851044611965552	1.3528632485423796E-6	2.2969157366643893E-7	7.748488082025282E-7	6.320247676940271E-7
