0	0	1.0123571835427106E-6	4.627992127464393E-6	2.484457321273229E-6	0.9999918751933677
1	1	1.363668037029725E-6	6.234010132434777E-6	3.346620237857834E-6	0.9999890557015926
2	2	2.7156836293443325E-5	2.1538943067178805E-6	1.1562808086507783E-6	0.9999695329885913
3	3	1.8886672895319922E-6	1.1560556740440996E-4	4.635037268670755E-6	0.9998778707280372
4	4	4.147933284424369E-7	1.896228218422437E-6	1.0179572372448383E-6	0.999996671021216
5	5	9.901584627677324E-7	6.060772669860074E-5	2.429978748642082E-6	0.99993597213609
6	6	1.988873890449465E-6	0.04315292640206786	4.554693048016595E-4	0.9563896154192398
7	7	0.8928352761323951	4.272978080061054E-6	2.2938741860963525E-6	0.10715815701533875
8	8	1.7413259127932268E-6	0.05632358304083991	4.27344220309906E-6	0.943670402191044
9	9	1.3169792077976057E-6	0.017385931965630035	3.2320397266577364E-6	0.9826095190154354
10	10	1.2761427388085325E-6	5.8338881224302284E-6	3.1318216751595427E-6	0.9999897581474635
11	11	8.794354859694526E-7	5.383035906565873E-5	2.158250039831032E-6	0.9999431319554085
12	12	2.1121185216961597E-6	1.2928304602900895E-4	5.1834159029340525E-6	0.9998634214195462
13	13	8.769021322990197E-7	4.008759191725918E-6	2.1520328576188647E-6	0.9999929623058184
14	14	2.337809188398371E-6	1.0687297621141565E-5	5.737290403304691E-6	0.9999812376027872
15	15	8.640704328885374E-7	3.950099061863564E-6	2.1205421841065893E-6	0.9999930652883211
16	16	8.467892582823853E-7	3.87109815059356E-6	2.078131914817831E-6	0.9999932039806764
17	17	4.4746607189597833E-7	2.0455917058790104E-6	1.0981404354270917E-6	0.9999964088017869
18	18	1.454434833518017E-6	6.648950655811085E-6	3.5693738624972155E-6	0.999988327240648
19	19	4.732533175227402E-7	2.163478131430916E-6	1.1614257187582952E-6	0.9999962018428324
20	20	1.2560785755031073E-6	5.742164774849765E-6	3.082581586552731E-6	0.999989919175063
21	21	4.160836533071328E-7	4.903494079525761E-5	1.0211238637172225E-6	0.9999495278516878
22	22	0.0017444451114565823	7.40486344434789E-5	1.5420193535386556E-6	0.9981799642347464
23	23	8.791727363071296E-7	4.0191392607815335E-6	2.1576052176943075E-6	0.9999929440827853
24	24	2.3157320599521235E-6	0.10008557852040327	5.683110234197751E-6	0.8999064226373026
25	25	1.0277974689050827E-6	0.07562343453411582	2.5223498068847314E-6	0.9243730153186084
26	26	9.677440188092187E-7	0.11351943965654399	5.718666347840305E-5	0.8864224059359588
27	27	2.1413208582780735E-6	9.78905097488067E-6	5.255082267433317E-6	0.9999828145458992
28	28	1.6002305151177115E-6	7.315455796121796E-6	3.927175589445794E-6	0.9999871571380992
29	29	0.8438263627846349	5.987522165399898E-6	3.2142974470148265E-6	0.15616443539575275
30	30	1.9489176298313264E-6	8.909479376016513E-6	5.567029949953277E-4	0.9994324386079987
31	31	0.9582761587199227	7.348758480776834E-6	0.041703683243742434	1.2809277854083724E-5
32	32	0.01021523991367775	4.316395031493536E-6	2.3171818235950557E-6	0.9897781265094672
33	33	1.417648533165428E-6	0.0052255691229842974	0.0204783641253229	0.9742946491031595
34	34	9.926636029569784E-7	0.020019962898660197	5.86592304434081E-5	0.9799203852072934
35	35	4.3289623423145775E-7	0.001080799516636734	0.010053708240833206	0.9888650593462959
36	36	1.7613026524982212E-6	8.051797273091631E-6	4.322467742722891E-6	0.9999858644323315
37	37	3.9138313572925936E-7	1.7892084932303167E-6	0.99999470072257	3.1186858009587088E-6
38	38	7.784301987957489E-7	3.5585946248736023E-6	1.9103698160469275E-6	0.9999937526053603
39	39	1.8350771183561005E-6	8.389057335793357E-6	4.503519959078203E-6	0.9999852723455867
40	40	5.097044147784514E-7	2.3301143680075424E-6	0.9999930986676363	4.061513580787347E-6
41	41	8.409010143813255E-7	3.844180036254378E-6	2.063681391912233E-6	0.9999932512375574
42	42	2.1756230178711445E-6	5.028430675691012E-4	5.3392642665556575E-6	0.9994896420451465
43	43	0.015947348104674172	2.574241329819879E-6	0.9840455906141045	4.487039891620322E-6
44	44	1.05918147809829E-6	4.84204944843776E-6	2.599370282146347E-6	0.9999914993987913
45	45	1.7846246035409038E-6	8.158413601377004E-6	4.379702869767281E-6	0.9999856772589252
46	46	5.636276455323275E-7	2.576624484667228E-6	0.7610160711481366	0.23898078859973326
47	47	9.34847567969931E-7	5.722213972296676E-5	2.294238557570703E-6	0.9999395487741515
48	48	1.13605780513207E-6	5.1934896733746355E-6	1.3147754389892426E-4	0.9998621929086224
49	49	0.009075230944254449	3.5383144278470423E-6	0.9909150632706137	6.167470704060333E-6
50	50	0.9999856181354136	4.384867243887982E-6	2.353939943466872E-6	7.643057399036209E-6
51	51	2.010159115888921E-6	0.003994032292774407	4.933194146869657E-6	0.9959990243539627
52	52	7.311105512166975E-7	3.3422727969354888E-6	1.7942411938777901E-6	0.999994132375458
53	53	6.92648080134469E-7	3.1664415624017825E-6	1.6998492446449124E-6	0.9999944410611128
54	54	2.5071126358590366E-6	1.1461268542411253E-5	0.004976132411667795	0.995009899207154
55	55	7.10400939502426E-7	2.0442826868928015E-4	0.0036632316094182015	0.996131629720953
56	56	9.816801747994644E-7	0.001783720310839525	0.012179031995492232	0.9860362660134935
57	57	1.7196171773713523E-6	7.861232071547209E-6	4.220166118796761E-6	0.9999861989846321
58	58	7.85215629209257E-7	3.589614228473667E-6	1.927022152339772E-6	0.99999369814799
59	59	2.2429375890498086E-7	1.0253591986368855E-6	5.504463054011236E-7	0.9999981999007371
60	60	3.6600451507019334E-7	1.6731900972279856E-6	8.98223089505875E-7	0.9999970625822983
61	61	1.2560785755031073E-6	7.688473095837985E-5	3.082581586552731E-6	0.9999187766088794
62	62	3.461765695780927E-7	1.5825466196758126E-6	8.495627103981115E-7	0.9999972217141004
63	63	2.3291738033382033E-6	1.0647820947566506E-5	5.716098035646796E-6	0.9999813069072134
64	64	0.9704307201444702	5.323637715935157E-5	2.134435198258404E-6	0.029513909043172196
65	65	1.1272091456491394E-6	5.153038015509861E-6	3.858277906257615E-4	0.999607891962213
66	66	4.6792279821078553E-7	5.514411951694862E-5	1.1483439251521797E-6	0.9999432396137597
67	67	7.592491939171624E-7	3.470908637143157E-6	0.002754044548521962	0.997241725293647
68	68	1.8421614101829376E-6	8.42144318471728E-6	0.005638745547760474	0.9943509908476444
69	69	5.776799407164531E-7	2.6408645696314653E-6	0.006676093459291951	0.9933206879961977
70	70	5.032597714078346E-5	0.09253026972747705	2.142773956277637E-6	0.9074172615214259
71	71	9.348970693514205E-7	0.0685761900172696	2.2943600404540705E-6	0.9314205807256206
72	72	2.1777698512133783E-6	0.15480905358954897	5.344532877181802E-6	0.8451834241077226
73	73	0.9999966509785702	1.021078614594865E-6	5.481483480862416E-7	1.7797944672452876E-6
74	74	2.855017631569445E-7	0.17926666921527362	7.006587766083261E-7	0.8207323446241866
75	75	1.0443951631991188E-6	0.19266644821180226	2.5630827258341165E-6	0.8073299443103087
76	76	1.330075302212597E-6	0.33358343482885844	3.2641792601922834E-6	0.666411970916579
77	77	1.2890939788373489E-6	0.15260204590248214	3.163605717029585E-6	0.8473935013978219
78	78	1.2558105507474459E-6	0.10804823971042321	3.0819238186450095E-6	0.8919474225552073
79	79	1.3593633577924707E-6	0.6501306687054098	3.3360559903564695E-6	0.34986463587524197
80	80	2.4188398559789713E-6	0.04220698654502281	5.9361502904976445E-6	0.9577846584648307
81	81	1.5566351246744985E-6	0.01746392011183303	3.820186782806052E-6	0.9825307030662593
82	82	1.7637659433607644E-6	8.063058210342663E-6	0.04296015966569626	0.9570300135101499
83	83	9.21334602335947E-7	4.2118822839285045E-6	0.0418531289915207	0.9581417377915931
84	84	3.174435961807844E-4	6.377345820837647E-6	0.08027976135345363	0.9193964177045446
85	85	7.235304828228659E-7	3.307620504817077E-6	0.050570815880029395	0.949425152968983
86	86	1.8947478112777158E-6	0.5267151723607659	0.008697239069695443	0.46458569382172726
87	87	1.3225034981084516E-6	0.4596217919359667	3.24559705971245E-6	0.5403736399634754
88	88	2.253083067422905E-6	0.7933711939646354	5.529361388740932E-6	0.20662102359090836
89	89	1.2444804209796193E-6	0.7683698975078546	3.05411819399962E-6	0.23162580389353052
90	90	1.750475991071669E-6	0.1911587083865158	4.29589769542791E-6	0.8088352452397977
91	91	0.9999173501696859	5.274604633911776E-6	2.831580032683328E-6	7.454364564752932E-5
92	92	0.07970409764853088	1.0098928651465707E-5	0.09835029489595645	0.8219355085268613
93	93	0.07991899905420476	3.0198913761164786E-6	0.11389273647725348	0.8061852445771657
94	94	0.019891912013858024	0.042807767508845664	5.9434785872328895E-6	0.9372943769987091
95	95	1.267803902498468E-6	0.05285550680670379	3.111357077033278E-6	0.9471401140323166
96	96	0.03572214610261475	8.030967338066666E-6	4.311285553309191E-6	0.9642655116444937
97	97	0.025019194650478787	4.296405639233413E-6	2.30645086498911E-6	0.974974202493017
98	98	1.6005206410448705E-6	0.004630532670483969	9.457917952548447E-5	0.9952732876293494
99	99	6.243367464496312E-7	0.030237001837344044	1.532204271251909E-6	0.9697608416216382
100	100	1.0422373579230764E-6	0.23240939103521646	2.557787188643196E-6	0.767587008940237
101	101	1.5368524695699497E-6	0.7388468030011519	9.081685165194033E-5	0.26106084329472656
102	102	1.2544721408915496E-6	5.734820957019027E-6	0.0030582965762797833	0.9969347141306222
103	103	8.421845704775311E-7	3.850047814549397E-6	2.0668314069388696E-6	0.999993240936208
104	104	8.554047287932297E-7	3.910483784781543E-6	2.099275409559455E-6	0.9999931348360769
105	105	0.9097224669622663	5.174179656824778E-6	2.7776686251677783E-6	0.09026958118945168
106	106	9.54249577873089E-7	4.362353135657438E-6	2.3418536348724017E-6	0.9999923415436516
107	107	2.317555882128067E-6	1.0594709606261203E-5	5.6875861330518155E-6	0.9999814001483786
108	108	1.5882823540209734E-6	0.04543611757179037	5.436466461500305E-4	0.9540186474997054
109	109	1.106441230362123E-6	0.10459680245217104	2.715351913355353E-6	0.8953993757546851
110	110	9.847463371032678E-7	0.06464735668062685	2.4166966823424433E-6	0.9353492418763537
111	111	2.0209734959951687E-6	9.238882858073022E-6	0.11870533525789854	0.8812834048857473
112	112	1.1666864270427417E-6	5.333508456647972E-6	0.13698570321005096	0.8630077965950652
113	113	1.845434726753607E-6	0.005861718220708093	0.3177541131031722	0.6763823232413929
114	114	1.0441481047753948E-6	4.77332436353826E-6	0.31811186344751674	0.681882319080015
115	115	9.257791269198526E-7	5.666705928138854E-5	0.0501824319007394	0.9497599752608523
116	116	0.9692901303910036	4.915475123116013E-6	2.6387875823490073E-6	0.030702315346290966
117	117	8.222981207751204E-7	9.690681031993429E-5	0.0012595116188234261	0.9986427592727358
118	118	2.0722077456732437E-6	0.01820135841144844	5.085469623399753E-6	0.9817914839111823
119	119	9.732385385356561E-7	0.03252695707541115	2.388455035157219E-6	0.9674696812310152
120	120	1.3844118417349985E-6	0.1965047614781911	3.3975282556097568E-6	0.8034904565817115
121	121	6.138610382528848E-5	0.17938511797168571	1.3182811547950935E-6	0.8205521776433342
122	122	1.961693466768199E-6	0.005786564382218793	4.814253086594012E-6	0.9942066596712277
123	123	8.314647307705096E-5	0.007091350489802447	1.7855902511277972E-6	0.9928237174468694
124	124	1.4635979322338338E-6	6.690839773021256E-6	3.5918613086872983E-6	0.9999882537009859
125	125	4.2195052945661074E-7	1.928947371787223E-6	1.035521947357589E-6	0.9999966135801515
126	126	0.10834288239143364	0.2592804168870992	0.26816050163714844	0.3642161990843187
127	127	2.273976431776764E-6	0.5798450506026925	5.580636445488512E-6	0.4201470947844302
128	128	1.5149620175043006E-6	0.5763615888590228	8.952328445716837E-5	0.4235473728945025
129	129	1.914471322470809E-6	0.2310795336880045	0.4732064305323892	0.2957121213082838
130	130	1.438203733099082E-6	0.23590860997093485	0.43898007229087393	0.32510987953445813
131	131	1.8327911970536832E-6	0.8529886681944208	0.07651009282612731	0.07049940618825486
132	132	1.6498765773198012E-6	0.9578366725558778	4.049013538260195E-6	0.042157628554006565
133	133	1.9696932668187678E-7	0.9257652452622175	4.833885645267428E-7	0.07423407437989132
134	134	1.754302440919096E-6	0.5779925969781226	4.305288305276358E-6	0.4220013434311311
135	135	4.568798814942473E-7	0.6085785337677739	1.1212431590089459E-6	0.3914198881091856
136	136	0.6744257948541367	9.71014768637407E-6	0.21595071559162102	0.10961377940655577
137	137	1.1329232055138072E-6	1.3351359003507067E-4	0.6185105666320697	0.3813547868546897
138	138	0.8122471285342289	7.194817067694849E-6	0.08174543107536736	0.10600024557333608
139	139	1.0199010542831186E-6	1.2019407014982635E-4	0.42342578474778136	0.5764530012810145
140	140	0.8793815712172705	8.011039937945956E-6	0.09538624256256571	0.025224175180225943
141	141	1.4861427180291218E-6	6.793903289408664E-6	0.4621138749799141	0.5378778449740784
142	142	0.6186098850574859	0.33547138106639796	5.918312526634618E-6	0.04591281556358956
143	143	9.625735110259913E-7	0.8074829730087354	2.362281658696114E-6	0.192513702136095
144	144	1.3769619654806921E-6	0.7836421325273575	3.3792452820669405E-6	0.21635311126539494
145	145	1.5854299077577604E-6	0.4183694837871774	0.3280307738922687	0.253598156890646
146	146	0.5012561594353806	2.992904347013013E-6	1.6066887998102287E-6	0.49873924097147265
147	147	0.9664476798502004	0.033530600199412834	5.114281522103982E-6	1.660566886455959E-5
148	148	0.3532834717246135	0.4194416863068807	3.167305764297701E-6	0.2272716746627414
149	149	0.6381290605802873	0.36184835304742724	5.318293291398861E-6	1.7268078994064936E-5
150	150	7.557716594905888E-7	0.8943036759514773	3.4430171700646037E-4	0.10535126655985685
151	151	0.9252411516477923	0.07473752851294654	5.020069477407754E-6	1.629976978361986E-5
152	152	1.363668037029725E-6	0.6596813492051747	3.346620237857834E-6	0.34031394050655034
153	153	1.14571522533609E-6	0.709985738018307	2.8117354486677232E-6	0.290010304531019
154	154	0.5932370522736456	0.07821329953865014	1.2610830725673144E-4	0.32842353988044737
155	155	0.577410931331849	0.04531739222222854	5.125776624772181E-6	0.3772665506692977
156	156	0.6269031351953305	0.10262303482731204	3.9805708038814595E-6	0.27046984940655355
157	157	0.6812360353862503	0.17596489144314267	0.06706944739549102	0.07572962577511588
158	158	1.2373288774223582E-6	0.46940557569089625	0.1902018094575468	0.34039137752267945
159	159	1.186443123540539E-6	0.12801858495572846	0.0937448328291347	0.7782353957720132
160	160	9.074598531358092E-7	0.11271838421574328	0.08686363078182774	0.8004170775425758
161	161	1.8682822834923237E-6	0.4532225110495079	4.585009789908545E-6	0.5467710356584187
162	162	1.295240950651632E-6	0.3976207490736991	3.1786911921720764E-6	0.602374776994158
163	163	2.0615615366050154E-6	0.8238963166760865	5.059342429862385E-6	0.17609656241994687
164	164	1.5504836498773759E-6	0.717649781209905	3.8050902567530072E-6	0.28234486321618835
165	165	2.3018442173166827E-6	0.16284677023534372	0.5278871266311383	0.30926380128930064
166	166	2.1434004964477685E-6	0.046869913565971213	0.915841290289101	0.03728665274443127
167	167	1.3068413118092593E-6	0.49659070931232263	3.207160000094813E-6	0.5034047766863654
168	168	1.47128164056322E-6	0.32899898404223565	3.6107181368145676E-6	0.670995933957987
169	169	1.1081773928332265E-6	0.24792936866050472	2.719612683795247E-6	0.7520668035494186
170	170	1.2003165547441969E-6	5.487248627388204E-6	0.9092927158435349	0.09070059659128292
171	171	3.496592945329385E-7	0.7252124197537847	8.581097742731047E-7	0.2747863724771465
172	172	0.6235996941006988	0.3763886770905751	2.738173915367694E-6	8.890634810706473E-6
173	173	0.633238089150977	0.3666459942405745	2.299718053762682E-6	1.1361689039480203E-4
174	174	0.2573839570289862	0.6901430070653101	2.2984981271780753E-6	0.052470737407576615
175	175	0.3001327566286866	0.6998552265124548	2.829546021974671E-6	9.187312836586536E-6
176	176	0.4728143576586987	0.5098701795593196	0.01730434848451663	1.1114297464967122E-5
177	177	0.5118278218556421	0.4879087720016559	2.7278309592982277E-6	2.6067831174255357E-4
178	178	7.0613909342651E-7	0.8812875194774118	0.11202702454425656	0.00668474983923825
179	179	7.110017066609639E-7	0.8778122112949024	0.1221814121784243	5.6655249667038415E-6
180	180	1.5755265259124668E-6	0.9962341058442513	0.003751764250260402	1.255437896229641E-5
181	181	7.438315263353594E-7	0.9967896542471826	0.0031194156031072195	9.01863181839257E-5
182	182	1.2367221857145827E-6	0.910676908820188	0.089311999797146	9.854660480278704E-6
183	183	1.4575566385303858E-6	0.9303903230833226	0.06365271649863193	0.005955502861406921
184	184	4.897275287007785E-7	0.9895928454869409	1.2018555939435014E-6	0.010405462929936474
185	185	1.002413676767178E-6	0.9549657096316694	2.460054651336962E-6	0.04503082790000264
186	186	1.0790844947012481E-7	0.9599237837135751	2.6482148956073784E-7	0.040075843556485885
187	187	9.738265587303271E-8	1.1476424818098583E-5	0.8526764727832656	0.14731195340926043
188	188	7.492926862851251E-7	3.425392450082719E-6	0.8414805290757351	0.1585152962391286
189	189	1.2952080887318475E-7	5.921045393388372E-7	0.7309914970161971	0.2690077813584547
190	190	1.3672585039513088E-6	6.250423956445845E-6	0.6351633212944663	0.3648290610230733
191	191	1.0758327558539228E-6	4.91817078546983E-6	0.9405750852241294	0.05941892077232939
192	192	3.275275974445545E-7	1.4972928203030574E-6	0.9459387862014363	0.05405938897814591
193	193	1.027976993895547E-6	0.9777469933396171	2.5227903847599724E-6	0.022249455893004335
194	194	1.8919053694978463E-6	0.9950492632527469	0.0046123046702882566	3.365401715953712E-4
195	195	8.774686830536249E-7	0.8315116497959429	2.1534232474862297E-6	0.16848531931212657
196	196	2.43720415833148E-6	0.8053359051946318	2.820610142108184E-4	0.19437959658699897
197	197	8.671258922641311E-7	0.1584419218887227	0.6387634669830405	0.20279374400234462
198	198	7.411773585742888E-7	0.19856532644536107	0.6811574232713332	0.12027650910594724
199	199	0.6331759154778556	0.26333029960508264	1.7075529091856295E-6	0.10349207736415267
200	200	0.5461605353291994	0.2010714593070796	3.677524934341751E-6	0.2527643278387866
201	201	0.5927271004224289	0.24012970948810058	1.7492589137407592E-6	0.16714144083055688
202	202	0.8883755521695728	4.3309866158739135E-6	2.325015062642216E-6	0.11161779182874872
203	203	1.6469146635535936E-7	0.11908070599939902	0.83347612487244	0.04744300443669458
204	204	1.5145721422399213E-6	0.04856026427984147	0.6898729105779811	0.2615653105700352
205	205	2.0302693003680992E-6	0.06681943934675749	0.7237625285907842	0.20941600179315795
206	206	1.6779434830046046E-6	0.999980833687897	4.117893406401273E-6	1.3370475213519654E-5
207	207	9.338366180778104E-8	0.9999671985905231	2.291757553927177E-7	3.24788500597307E-5
208	208	8.863225337103965E-7	0.913495118197378	2.175151758374746E-6	0.08650182032832994
209	209	4.799820469964177E-7	0.9700632552303836	1.177938903507223E-6	0.02993508684866591
210	210	8.276173744468845E-7	0.9999905465392244	2.031081597072246E-6	6.5947618041971426E-6
211	211	2.6582333507456734E-7	0.9999969636325324	6.523653328365131E-7	2.118178799696723E-6
212	212	1.4302812106886246E-6	0.8099361631705776	3.510097703796234E-6	0.19005889645050789
213	213	7.767179544411443E-7	0.8352401941248658	1.9061677438023075E-6	0.16475712298943598
214	214	1.177109324431547E-6	0.7929766509314383	2.888780685872972E-6	0.2070192831785514
215	215	4.617429392264089E-7	0.8872775102126	1.1331777405804051E-6	0.11272089486672025
216	216	8.114889922102425E-7	0.9674958636481142	1.991500431472281E-6	0.03250133336246214
217	217	6.071188650648946E-7	0.28791992739904876	0.3948946671909807	0.3171847982911055
218	218	1.497741110871436E-6	6.846925356756107E-6	0.9129441403315525	0.08704751500197988
219	219	6.325910613378446E-7	2.8918908260528737E-6	0.9523387460304625	0.04765772948765008
220	220	9.323299297474791E-7	4.262147436906813E-6	0.9857825926814231	0.01421221284121032
221	221	2.889027469604756E-7	0.03941992017775236	0.960577488835398	2.302084102639695E-6
222	222	1.675554902028877E-6	0.8586730791984442	4.1120315153720286E-6	0.14132113321513837
223	223	1.9806187858035446E-6	0.8618843761146538	7.901174016722531E-4	0.137323525864888
224	224	9.821170284478304E-7	0.9700621227520848	2.410244014010473E-6	0.02993448488687284
225	225	1.1299905436829546E-7	0.9686701643793798	2.773145017253874E-7	0.03132944530706414
226	226	2.1991995680514307E-6	0.9130322477827955	5.397124213279991E-6	0.08696015589342318
227	227	1.8826256695051224E-6	0.9667101436627215	2.1787887728021567E-4	0.033070094834328774
228	228	1.8696671807609552E-6	0.9999786437236545	4.588408509465433E-6	1.4898200655204619E-5
229	229	1.364281096199034E-4	0.8175157337185481	0.024673061038956192	0.1576747771328757
230	230	4.348045208652656E-7	0.8442555855495357	1.0670673283574646E-6	0.15574291257861506
231	231	0.40144451916185164	0.5407749951684026	3.0230086934477147E-6	0.057777462661052326
232	232	0.2631279879743745	0.6224819966673093	0.002882521483198797	0.11150749387511745
233	233	0.28258491706801314	0.6123275047444573	4.807309413086442E-6	0.1050827708781163
234	234	0.381051403776097	0.4083260081277548	0.015041713926557683	0.19558087416959044
235	235	1.7199522129042425E-6	0.6468483246017179	0.2481220909132594	0.10502786453280968
236	236	0.039736885927292104	0.6323123323467955	0.1706286609393596	0.1573221207865528
237	237	1.5128849990160928E-6	0.5207312481438778	0.3418120656734273	0.13745517329769574
238	238	1.3504217390243276E-6	0.5928494187407762	0.39275909588787955	0.014390134949605188
239	239	7.76274004034796E-7	0.43536571280085484	0.0016286875535232576	0.563004823371618
240	240	1.2906960071470591E-6	0.48234114384817683	3.167537304642781E-6	0.5176543979185113
241	241	1.4770666822671301E-6	0.7244102860837944	3.6249153879911275E-6	0.2755846119341353
242	242	1.4643262545299915E-6	0.8283027960257308	3.59364870713752E-6	0.17169214599930752
243	243	1.4427872626620832E-6	0.9511981782825737	0.03808389108831279	0.01071648784185081
244	244	0.013619465212080177	0.9184097101358993	0.044245720801705676	0.023725103850314816
245	245	7.102294781717775E-7	3.2468149454618425E-6	0.9999099307387179	8.611221685853217E-5
246	246	3.759649281272015E-7	1.7187241379435493E-6	0.9998245563838585	1.7334892707539254E-4
247	247	7.011197351419166E-7	0.03244665042421472	0.6314774445523994	0.33607520390365075
248	248	6.001436379436599E-7	2.7435573895287326E-6	0.6927444069388745	0.30725224936009804
249	249	1.0017880314102542E-6	4.579675235306026E-6	0.7910133884400706	0.20898103009666272
250	250	1.2585856679000416E-6	5.753625950869906E-6	0.8560594232765691	0.14393356451181208
251	251	5.12947423234395E-7	0.14096574394592995	0.8590296557515734	4.087355073433921E-6
252	252	1.972872728130241E-6	0.12728179358435365	0.8727005129622323	1.5720580685864436E-5
253	253	8.043172533699102E-7	0.7701181377733995	0.22987464881153852	6.409097808665038E-6
254	254	8.421444000398076E-7	0.3699010855374064	0.6294712890641749	6.26783254018686E-4
255	255	0.9646898091924246	5.210001450003745E-7	6.734622614848099E-6	0.03530293518481545
256	256	0.9999920454087614	2.4252645650315507E-6	1.3019612260918929E-6	4.2273654474311526E-6
257	257	0.9999882049673886	3.5961715414155916E-6	1.930542332084626E-6	6.26831873784365E-6
258	258	0.9999667720650633	2.120563574373371E-6	1.1383877829679354E-6	2.99689835793275E-5
259	259	0.9999908006934383	2.8047641365870673E-6	1.5056889903151502E-6	4.888853434861442E-6
260	260	0.0045789802902970675	0.1822088902930624	0.8074939223782737	0.0057182070383669
261	261	9.812437096104256E-7	0.12599595030798633	0.7922980934298908	0.08170497501841333
262	262	1.2232695712674175E-6	0.10122996795392787	0.8369574574840594	0.0618113512924415
263	263	1.1789170837781337E-6	0.9894365190731647	0.010419363471297943	1.429385384535917E-4
264	264	0.020776660803473356	0.9656213647901944	0.01359355113144186	8.423274890486722E-6
265	265	6.214360519505498E-7	0.9132667916992774	0.08672763503201755	4.951832653215494E-6
266	266	1.300105156461318E-6	0.9183962717577697	0.08159206841760434	1.03597194693997E-5
267	267	1.4198145734122225E-6	0.9999837821657773	3.4844112029907882E-6	1.1313608446220836E-5
268	268	3.533824780186579E-7	0.88580982691753	0.051019353157268604	0.06317046654272349
269	269	5.604786160929693E-7	0.9950414185863898	0.004953554833769577	4.466101224553747E-6
270	270	1.287683723462467E-6	0.9941506803604854	0.005837771214900998	1.0260740890139007E-5
271	271	1.1390628065151394E-6	0.9999869890532812	2.7954095402704037E-6	9.076474371998269E-6
272	272	1.99358990444666E-6	0.9999772282161462	4.892531128574678E-6	1.5885662820774477E-5
273	273	1.0662174087545256E-6	0.24131967920698505	0.7101179299281678	0.04856132464743849
274	274	2.188025441534656E-6	0.17734919226818532	0.7061400328400433	0.11650858686632984
275	275	5.434177194003475E-7	0.16845285148111822	0.8315422749474823	4.330153680038928E-6
276	276	8.30771718347929E-7	0.17382042296677924	0.8261721263647176	6.619896784827307E-6
277	277	6.996472195824354E-7	3.198438137119472E-6	0.9999905268664356	5.5750482077525516E-6
278	278	8.735613514967586E-7	3.993486808120813E-6	0.9999881720914087	6.960860431819497E-6
279	279	7.078944411714018E-7	0.8590208146152161	0.14097283672521854	5.640765124295072E-6
280	280	1.168849062544721E-6	0.8459345801190653	0.15405493720957877	9.3138222934157E-6
281	281	1.4341150338818271E-6	0.40613808995521355	0.5937678220631608	9.265386659170404E-5
282	282	1.5537583733534164E-6	0.29904041788362157	0.48208282986811174	0.21887519848989334
283	283	6.770046389865214E-7	0.8862621436682899	1.6614581880872688E-6	0.11373551786888306
284	284	1.1275690858768737E-6	0.9391247615926566	2.767202442170424E-6	0.06087134363581542
285	285	5.072297150750805E-7	0.9392615340839768	0.0019260740559440053	0.05881188463036412
286	286	8.54949093552741E-7	0.9701615782591304	2.098157220912736E-6	0.0298354686345552
287	287	7.625941521586695E-7	0.9555896193658732	0.006826252677667288	0.03758336536230747
288	288	1.4551540625545534E-6	0.9522633979098205	3.571138944895546E-6	0.047731575797172
