0	0	0.017777043631701003	1.242181324256814E-6	4.337598157201607E-7	1.6893631471806356E-6	0.15882988763852846	8.990157620455957E-7	1.1344967139247433E-6	0.8233816813909797	6.37820233791391E-7	1.7066334433058045E-6	5.373020513283247E-7	8.631049030186854E-7	2.2436613963257332E-6
1	1	3.0149916004135837E-6	1.673241906995588E-6	5.84282734783416E-7	0.0535264691196904	4.581231493412413E-6	1.2109913574849922E-6	1.5281886855152923E-6	0.9464528712992799	8.591560052216947E-7	2.298867759043099E-6	7.2375609859948E-7	1.1626187462834938E-6	3.0222546419996704E-6
2	2	1.0417078204241927E-6	5.781207416099244E-7	2.6887459402872255E-5	2.7471826849860016E-5	1.5828583645827304E-6	4.184088497577169E-7	5.280034957864139E-7	0.9999387045102671	2.9684644211979796E-7	7.942803297985087E-7	2.5006450694169723E-7	4.0169565978530455E-7	1.0442172692794581E-6
3	3	4.175718161920162E-6	2.3174149537826106E-6	0.0014983891322180455	3.1516778937148657E-6	6.344936930629816E-6	1.6772048733683933E-6	2.1165184168578604E-6	0.9984706552027446	1.189918185654273E-6	3.183897378676665E-6	1.0023913450729867E-6	1.610209532119054E-6	4.185777365619981E-6
4	4	9.170907787287969E-7	5.089615252253912E-7	1.7772530715070975E-7	0.01785556290655909	1.3935047637459913E-6	3.6835558908933893E-7	4.648396869336239E-7	0.9821381529262637	2.6133540463933707E-7	6.992624533501707E-7	2.2014988167239428E-7	3.5364175848701086E-7	9.193000281552995E-7
5	5	2.189189601916947E-6	1.2149432800356538E-6	4.2424850782071483E-7	0.0011232682354416804	0.4277876367852975	8.793025119717642E-7	1.1096199338128453E-6	0.5379897509464724	6.238343724731535E-7	1.6692110829061374E-6	5.255203116189816E-7	8.441790915796924E-7	0.03308986398409428
6	6	4.397264978271541E-6	2.4403676735944108E-6	8.521569369279159E-7	3.3188932507964528E-6	0.16311720816167258	1.7661906204076327E-6	2.228812374165625E-6	0.6683385178371839	1.2530504602781641E-6	3.3528221720853643E-6	1.0555741995252557E-6	1.6956407757199339E-6	0.1685219132277017
7	7	2.0665726508317257E-6	1.1468940619099128E-6	0.8239009378253979	1.5597727353292116E-6	0.015567411664119393	8.300526009521134E-7	1.047469897549025E-6	0.11536190725800753	5.888932834656776E-7	1.5757182335319259E-6	4.960858129864051E-7	7.968964504193491E-7	0.045159634896748256
8	8	3.8499604394751225E-6	2.1366278920051554E-6	7.460934266204638E-7	2.9058079923648124E-6	0.14232173862883446	1.5463621252622878E-6	1.9514037725611888E-6	0.7228344365358808	1.097089833015544E-6	2.935513958541934E-6	9.241924080500335E-7	1.4845932501999714E-6	0.13482424719018668
9	9	2.9117663130854524E-6	1.6159545578051636E-6	5.642784491427493E-7	2.197693705552946E-6	0.12419869068419949	1.169530236727268E-6	1.4758675725369755E-6	0.7685215087121496	8.297407904375032E-7	2.2201606459207775E-6	6.989766162210979E-7	1.1228137749788565E-6	0.10726499382098847
10	10	2.8214800688927745E-6	1.5658480409618985E-6	5.467816529118793E-7	0.022408394730594552	0.9775679535851411	1.1332661683954974E-6	1.4301047860622157E-6	8.605293172792818E-6	8.040127025461769E-7	2.1513192813772854E-6	6.773031827544413E-7	1.0879982617231852E-6	2.8282769458963034E-6
11	11	1.9443884056251355E-6	1.0790849842905104E-6	3.768078740133069E-7	0.013898370260321948	0.986085330471374	7.809764891162759E-7	9.855391840281903E-7	5.930232311989925E-6	5.540754988992723E-7	1.482555313300269E-6	4.667551864569935E-7	7.497806660973647E-7	1.9490723901004565E-6
12	12	3.635464902298427E-4	2.5915876216782373E-6	9.04961737268395E-7	0.0057455524576399365	0.9562939930630058	1.8756344787303408E-6	0.00119862273675912	0.036380419095823166	1.330697049191787E-6	3.560583322293633E-6	1.1209839643643902E-6	1.8007129387581844E-6	4.680995429901452E-6
13	13	1.938787323007455E-6	1.0759765291428536E-6	3.7572242625645176E-7	0.059153911524030725	0.8707508232223639	7.78726777162969E-7	9.827002006354003E-7	0.06770094832590473	5.52479406967851E-7	1.4782846054668687E-6	4.654106328924829E-7	7.476208180732759E-7	0.0023859212189810703
14	14	5.168723553794202E-6	2.86850711447994E-6	1.001659816543457E-6	0.04052073704936291	0.9594359349757591	2.0760520699345475E-6	2.6198364374816736E-6	1.576420191653993E-5	1.4728863191406394E-6	3.941043129803152E-6	1.2407647150725633E-6	1.993124921865075E-6	5.181174883381006E-6
15	15	1.91041725461956E-6	1.060231879199403E-6	3.7022452001306525E-7	0.061273624666210155	0.8841918212293977	7.673317511787222E-7	9.683204532716834E-7	0.05452436622978051	5.443950346529609E-7	1.4566530242943599E-6	4.5860032867451866E-7	7.366809622751414E-7	1.91501940341665E-6
16	16	1.87220967186318E-6	1.0390276646920696E-6	3.62820177347799E-7	0.999981460993348	2.844792638836659E-6	7.519854223524588E-7	9.489544306064195E-7	5.710092828564005E-6	5.335073511961824E-7	1.4275205450736664E-6	4.4942850510164993E-7	7.219476369960089E-7	1.876719779520777E-6
17	17	9.89328609498676E-7	5.490516421258949E-7	1.9172445637263684E-7	0.9999902034638811	1.5032689917104636E-6	3.973703925580408E-7	5.014543944616828E-7	3.0173747540624956E-6	2.8192039270418494E-7	7.543422818038574E-7	2.3749074940885008E-7	3.8149757613917124E-7	9.917118781061602E-7
18	18	3.2156695581743608E-6	1.7846129531668482E-6	6.231726162527818E-7	0.12439061830091624	1.6963872960770515E-4	1.2915949891676488E-6	1.6299049836437074E-6	0.8754225944443715	9.163414622233483E-7	2.451880486170956E-6	7.719293325693285E-7	1.2400026950900385E-6	3.2234160280898757E-6
19	19	1.0463429175895334E-6	5.806930999604354E-7	8.061574006875189E-5	0.1366224201091691	1.5899013205584526E-6	4.202705672522402E-7	5.303528565751359E-7	0.8632899970845234	2.98167265555539E-7	7.978144940170665E-7	2.5117717333869694E-7	4.0348301164874966E-7	1.048863532281368E-6
20	20	2.7771197501018882E-6	1.5412292180111438E-6	5.381849561995409E-7	2.0960674512022824E-6	4.219789023093512E-6	1.1154485523651E-6	1.4076201671157535E-6	0.9999788743171766	7.913717272686635E-7	2.1174954701815085E-6	6.666543798667925E-7	1.0708923639122855E-6	2.7838097641741552E-6
21	21	9.199436242966853E-7	5.105447803023615E-7	1.782781672018263E-7	6.943394816729087E-7	1.397839616937509E-6	4.7502166887813485E-5	4.662856897409854E-7	0.9999458692793964	2.6214835529607694E-7	7.014376881656336E-7	2.208347142198012E-7	3.5474185168031326E-7	9.221597461589172E-7
22	22	1.0815300750450074E-4	7.709825373880874E-7	2.692209557578077E-7	0.061639340213660306	0.7425442332424514	5.579905605073311E-7	7.04146116255175E-7	0.1957022543105885	3.958747830476025E-7	1.0592532320500795E-6	3.3348633632435147E-7	5.357018296500081E-7	1.3925694442507024E-6
23	23	1.943807482969793E-6	1.0787625873287715E-6	3.766952955644268E-7	0.017728417887221643	0.8770886584085921	7.807431576818235E-7	9.852447356360515E-7	0.10517255776613912	5.539099584089312E-7	1.4821123719790789E-6	4.666157345545202E-7	7.49556655002558E-7	1.9484900680165375E-6
24	24	0.3720991919811635	2.841418808701055E-6	9.92200796114334E-7	3.86432167944352E-6	0.12591906238482795	2.0564471914946805E-6	2.5950964149971787E-6	0.4742814470575686	1.4589773437056418E-6	3.90382649511224E-6	1.229047744306873E-6	1.9743031531943756E-6	0.027679382936812953
25	25	0.351839135407746	1.2611266977290271E-6	4.4037538910351794E-7	1.7151288024264019E-6	0.10187547642186645	9.12727278260469E-7	1.151799714322984E-6	0.5293339649559395	6.475480748894222E-7	1.7326624998792818E-6	5.454968195405192E-7	8.762687176841251E-7	0.01694214008045421
26	26	0.23234720334230363	1.1874405321043537E-6	4.1464476749591476E-7	1.6149158220566894E-6	0.021598899899636734	8.593976853518674E-7	1.0845013971365447E-6	0.7457689547833135	6.097125942972155E-7	2.756878814148347E-4	5.136240750614931E-7	8.250693560503854E-7	2.1447871017614935E-6
27	27	4.734309399458751E-6	2.6274185595644248E-6	9.174736151328379E-7	3.573281935632209E-6	0.9999567403164626	1.9015667458635885E-6	2.3996478321827187E-6	1.4439272778219124E-5	1.3490950855599523E-6	3.6098114629100327E-6	1.1364825361520352E-6	1.8256093508724376E-6	4.745714235891779E-6
28	28	3.538011299696317E-6	1.963504234394461E-6	6.856400255302943E-7	2.6703602993739303E-6	0.9999676714730149	1.421065685897352E-6	1.7932881924710803E-6	1.0790657293031403E-5	1.0081963924076373E-6	2.6976592926117363E-6	8.493082550272519E-7	1.3643017317280465E-6	3.5465342830433395E-6
29	29	2.8957823325449917E-6	1.6070838644084615E-6	0.7179309272316745	0.012167982285128769	0.16669065061322272	1.163110165012955E-6	1.4677658789176374E-6	0.09266175887737445	8.251859741432225E-7	0.01053600751640936	6.951396226472296E-7	1.1166501507040754E-6	2.902758201898208E-6
30	30	4.3089257050520586E-6	2.3913416749932555E-6	8.350374490532638E-7	0.0056327541581347	0.9939999781407534	1.7307085658703584E-6	2.1840364358836945E-6	1.3141885835226544E-5	1.2278771838176172E-6	3.3443263827940206E-4	1.03436814119671E-6	1.6615760390009524E-6	4.319305802490094E-6
31	31	3.554117451446982E-6	1.972442729634695E-6	6.887612768102064E-7	2.6825166280477137E-6	5.400424597409176E-6	1.4275348284879058E-6	1.8014518101969747E-6	1.0839779794100266E-5	0.9999631366647119	2.7099398949778527E-6	8.531745760985655E-7	1.3705124667606885E-6	3.5626792341226466E-6
32	32	2.087570568812956E-6	1.1585473601549332E-6	4.045555021884929E-7	0.016526155845941047	0.9176788893658459	8.384865538682543E-7	1.058112972201005E-6	0.053270062408419215	5.948768780230396E-7	1.591728704886957E-6	5.011264144908081E-7	0.012514564775363553	2.092599475644106E-6
33	33	0.0010469408072514919	1.739476105334527E-6	6.074111888221689E-7	0.019272638959452106	0.9330071603942692	1.258927666887153E-6	1.588681045928071E-6	9.559485634555057E-6	0.002168798908778187	0.044484604014198174	7.524055155087956E-7	1.2086402571672233E-6	3.1418886366731695E-6
34	34	0.006130466997630767	1.2180171116368787E-6	4.253218653111761E-7	0.04548580572824434	0.9131159029852837	8.815271654948949E-7	1.1124272951719722E-6	5.689205630687055E-4	6.254126863249589E-7	0.03469106783953365	5.268498888654952E-7	8.463148821235233E-7	2.2000153440391294E-6
35	35	2.5475683520807675E-5	5.311741591408306E-7	1.85481781834134E-7	0.10820116343059816	0.23466866962817523	3.844317509318752E-7	4.851267092004868E-7	0.581558835944256	2.7274087909013395E-7	0.07554243810342524	2.2975789423473999E-7	3.690757638668979E-7	9.59421086372468E-7
36	36	3.894127147055238E-6	2.161139265770486E-6	7.546526029338403E-7	2.9391433925332973E-6	0.9999644174696197	1.5641019760667641E-6	1.9737902570844413E-6	1.1876782729034797E-5	1.1096756365856507E-6	2.9691901452567107E-6	9.347947340935898E-7	1.5016244890887364E-6	3.903508004834971E-6
37	37	8.65331970666388E-7	4.802367331913825E-7	0.9944491114135171	6.531206218716347E-7	1.3148580830970405E-6	3.475663208112105E-7	4.3860504507064795E-7	2.6391947196341554E-6	0.00554208105104138	6.597974495057654E-7	2.077250533623354E-7	3.3368291000120043E-7	8.674165343805484E-7
38	38	1.7210720220889576E-6	9.551502007242229E-7	3.3353083560412476E-7	1.2990016172486643E-6	0.9999842737293364	6.912799836898535E-7	8.723482980027146E-7	5.249134837014395E-6	4.904389660634331E-7	1.3122812620866603E-6	4.1314754307937413E-7	6.636670550956692E-7	1.7252180428166332E-6
39	39	4.057235491893786E-6	2.2516601540963797E-6	7.862617755017475E-7	0.029728416578459975	0.9702375727425713	1.6296155237350458E-6	2.0564638960628067E-6	1.2374250402735395E-5	1.1561552068606015E-6	3.0935568317605095E-6	9.739492907076687E-7	1.5645211218218279E-6	4.067009273717301E-6
40	40	1.126934429391801E-6	6.254192925233553E-7	2.183914310860126E-7	8.505684988919573E-7	1.712358833182906E-6	4.526406820697436E-7	5.712017386973624E-7	3.4370617245706924E-6	0.9999883114268772	8.592638287712197E-7	2.7052336261306904E-7	4.345601139530449E-7	1.1296491870794652E-6
41	41	1.8591911351770956E-6	1.0318027154922352E-6	3.6029728268474917E-7	0.03357856230735996	0.9663582254334366	7.467564408150684E-7	9.423558117369968E-7	5.3297563281109786E-5	5.297975717156976E-7	1.4175941843324114E-6	4.463033735689113E-7	7.16927525232399E-7	1.8636698814957993E-6
42	42	4.810147806415602E-6	2.6695069025842133E-6	9.321705289856951E-7	3.6305219651150772E-6	0.9722310361130229	1.9320277446197966E-6	2.4380875397504164E-6	0.02773968180507322	1.3707060985904653E-6	3.667636655068571E-6	1.1546877309975402E-6	1.8548535960650996E-6	4.821735335730253E-6
43	43	1.245003271734971E-6	6.909444286106157E-7	0.01514962245867697	9.396825017820282E-7	1.8917625498828388E-6	5.000638150715813E-7	6.310465054144473E-7	3.7971624440962233E-6	0.9848377056294876	9.49288840772256E-7	2.9886607663214877E-7	4.8008894708191E-7	1.248002454398095E-6
44	44	2.341794727136928E-6	1.2996351547013592E-6	4.538222352875725E-7	1.7675001968383819E-6	0.9734629759169052	9.405973718725219E-7	1.1869698759091447E-6	0.026522768258167666	6.673209313552313E-7	1.7855692850931107E-6	5.621535447067115E-7	9.030255505002918E-7	2.3474360537949993E-6
45	45	3.945689787885261E-6	2.189755190093566E-6	7.646450555803712E-7	0.00950424637038059	0.3417484225839549	1.5848124524759507E-6	1.999925468970578E-6	0.6487262894681148	1.1243689951038393E-6	3.0085055757073293E-6	9.471724719803237E-7	1.5215076930182745E-6	3.955194858815236E-6
46	46	1.2461558532320441E-6	6.915840813585257E-7	2.4149564787938423E-7	9.670943221274327E-5	0.05832514130294562	5.005267570683553E-7	6.316307067112999E-7	3.800677727368007E-6	0.941568058192442	9.501676599513632E-7	2.991427566360085E-7	4.805333970282822E-7	1.2491578124360194E-6
47	47	2.0669009141692204E-6	1.1470762395228625E-6	4.005498783119243E-7	0.04341900881547592	0.20824805051390835	8.301844500971097E-7	1.0476362821977121E-6	0.7482160220832506	5.889868258217042E-7	1.5759685274309004E-6	4.961646134024414E-7	5.374513131945841E-5	5.501998831486444E-5
48	48	2.5117627950817815E-6	1.3939630109041393E-6	6.483096205892505E-5	1.8957858190013707E-6	0.023296417449717485	1.0088661727877234E-6	1.2731204569908924E-6	0.9766239478326009	7.157552574245703E-7	1.9151663663624815E-6	6.029547946091602E-7	9.685673788871988E-7	2.517813570690099E-6
49	49	1.7112638031348446E-6	9.497068943532336E-7	0.0022798920036645543	0.0034206321591179305	2.600237966627381E-6	6.873404475451683E-7	8.673768714724794E-7	0.028236697693436872	0.9644298764697549	0.001623299683908123	4.1079305616025155E-7	6.598848822955391E-7	1.715386196101123E-6
50	50	2.1206860591016967E-6	1.1769255958071406E-6	0.9148490780312462	1.6006155379286119E-6	3.222348533330786E-6	8.517876100081927E-7	1.0748979999163735E-6	0.0851352007814635	6.043135120566235E-7	1.6169785705712425E-6	5.090758688280276E-7	8.17763262410245E-7	2.125794740345179E-6
51	51	0.004103077471541605	2.4664844556160835E-6	8.6127670900604E-7	3.3544120017298246E-6	0.013441161728689496	1.7850923686732816E-6	2.2526650942180727E-6	0.9823192990946082	1.2664605894514621E-6	3.3887040298780512E-6	1.0668709404118852E-6	1.1556470825307092E-4	4.4550307186547145E-6
52	52	1.6164511183178532E-6	8.970883207131637E-7	3.132560899754775E-7	1.2200376218711035E-6	2.45617160916257E-6	6.492583043386748E-7	8.193197982253174E-7	0.9999877035789962	4.6062605456665297E-7	1.2325100207444454E-6	3.8803303956469127E-7	6.233239165075808E-7	1.620345109827683E-6
53	53	1.5314128455457598E-6	8.498942914889132E-7	7.064445297847215E-4	4.0386284621875035E-5	0.035937401522966796	6.151021185077326E-7	7.762170160257751E-7	0.9633078977193318	4.3639343557169385E-7	1.1676701241644147E-6	3.676193944571142E-7	5.905320871496341E-7	1.5351019819205148E-6
54	54	5.543033876983353E-6	3.0762396066352194E-6	5.690610930113301E-4	4.183677311729224E-6	0.9969674194112785	2.226396291900969E-6	2.8095606147200994E-6	1.690581907845364E-5	0.0024155238526097317	4.226446888055248E-6	1.3306188225068024E-6	2.1374636983337866E-6	5.5563869110535294E-6
55	55	1.5706633848781258E-6	8.716773197647082E-7	3.0438277102161106E-7	1.1854787312349264E-6	0.8552570522798166	6.308673577547009E-7	7.961116751352289E-7	0.14211805155894233	0.0026157822259185058	1.1975978358647896E-6	3.770415823037476E-7	6.056675896244292E-7	1.5744470748494508E-6
56	56	2.1704446811142916E-6	1.20454033661584E-6	4.206158829111225E-7	1.6381715086473579E-6	0.9266985710303822	8.7177349030363E-7	1.100118820815526E-6	0.04637752373280577	8.902281627530229E-4	1.654918474570801E-6	5.210205475908413E-7	8.369508139553776E-7	0.026023258519502428
57	57	3.8019644358251884E-6	2.1099913585354217E-6	7.367921614801525E-7	2.8695823809072147E-6	0.6807028476151583	1.5270842123135702E-6	1.9270763582766123E-6	0.31927400768357966	1.0834128281586063E-6	2.8989180140163797E-6	9.126708501308415E-7	1.4660853865022918E-6	3.811123275870525E-6
58	58	1.7360741957730674E-6	9.63476016856127E-7	3.36438144223706E-7	0.07315984113983988	0.534082149522959	6.973057061736089E-7	8.799523497284463E-7	0.3927487511993885	4.947140053737627E-7	1.3237201043684212E-6	4.1674885151905055E-7	6.694520822770896E-7	1.740256356373018E-6
59	59	4.95904877139627E-7	2.752143064676194E-7	9.610264180100162E-8	0.9999950894475366	7.535195257516569E-7	1.9918348040119455E-7	2.513559978849269E-7	1.5124710256340532E-6	1.41313711505794E-7	3.7811705128867846E-7	1.1904317713714249E-7	1.9122716841295836E-7	4.970994999521464E-7
60	60	8.092210425463544E-7	4.4909662774034953E-7	1.568209621938623E-7	0.9999919869261887	1.229598425659575E-6	3.250289946692401E-7	4.101644731383631E-7	2.4680607846495012E-6	2.3059670154971243E-7	6.170140455429034E-7	1.9425548800123107E-7	3.1204582918984163E-7	8.111704363965875E-7
61	61	2.7771197501018882E-6	7.268311910983675E-5	5.381849561995409E-7	0.9997590747172765	1.4650356880674474E-4	1.1154485523651E-6	1.4076201671157535E-6	8.469997675708577E-6	7.913717272686635E-7	2.1174954701815085E-6	6.666543798667925E-7	1.0708923639122855E-6	2.7838097641741552E-6
62	62	7.653823792925904E-7	4.2476731004248156E-7	1.4832535840788665E-7	0.9999336002827693	1.1629862783157166E-6	3.074209050424827E-7	3.8794426225507997E-7	6.115509920871669E-5	2.181043779259264E-7	5.835879857357049E-7	1.8373190979955107E-7	2.9514108832627043E-7	7.67226166867089E-7
63	63	5.149631691377859E-6	2.8579116274897813E-6	9.979599569540638E-7	0.7934959579920362	7.824782954877445E-6	2.068383696867998E-6	2.6101594725023786E-6	0.19499181258885442	0.010818815715484995	3.92648598577562E-6	1.23618166686256E-6	5.296612882059293E-4	1.3708091836581794E-4
64	64	5.11830077789564E-5	1.067178083645146E-6	0.8796375186036314	0.12029455268747732	2.9218667219811274E-6	7.723589941111101E-7	9.7466449174985E-7	5.864796606766745E-6	5.479616876504186E-7	1.4661964175008526E-6	4.616048899448925E-7	7.415073938092639E-7	1.927565825151999E-6
65	65	2.4921990510798317E-6	1.383105641909378E-6	4.829694639911468E-7	1.8810198273567407E-6	0.001025275399730813	1.0010082653550259E-6	0.05101184732790645	0.8807222543097095	0.06722742492646011	1.9002494225387953E-6	5.982584700718355E-7	9.610233527210766E-7	2.498202698103696E-6
66	66	1.0345574082845591E-6	5.741524488814526E-7	2.0048945798722164E-7	7.808457340832695E-7	1.5719934277515716E-6	4.155368393340845E-7	0.04531964732069739	0.9046364550176386	0.05003684692202108	7.888282907515611E-7	2.4834803304079166E-7	3.989383707779154E-7	1.0370496319705337E-6
67	67	1.6786639793212125E-6	9.316148401802934E-7	3.2531247532685193E-7	0.013074052819723923	0.4277492632442757	6.742465122624211E-7	8.508532161843683E-7	0.4349332640222301	0.1242349462875183	1.2799460203468436E-6	4.0296738882003463E-7	6.47313979515555E-7	1.6827078401031805E-6
68	68	4.072898179433227E-6	2.2603525382355514E-6	7.892970867471742E-7	3.0740731672293957E-6	0.12270537025745099	1.635906545986202E-6	2.0644027380414217E-6	0.5594622617241839	0.3178087346091066	3.1054993019814703E-6	9.777091571117984E-7	1.5705608514675213E-6	4.082709692290862E-6
69	69	1.2772247219696573E-6	7.088264952901561E-7	2.4751656136721933E-7	9.640020627462185E-7	0.10021979592164178	5.130057740987592E-7	6.473783770099725E-7	0.6184229881935706	0.2813498046573915	9.73857019696526E-7	3.0660091447046146E-7	4.925139442428136E-7	1.2803015253243238E-6
70	70	0.08075789725149667	1.0713472807265779E-6	3.741059296140087E-7	1.4570293229730463E-6	0.9188307736045455	7.753764069622687E-7	9.784722614338925E-7	5.887708895981499E-6	5.50102436513144E-7	1.4719244791227431E-6	4.634082644607553E-7	3.9636457233869235E-4	1.935096341319499E-6
71	71	0.05337658624303543	1.1471369782558068E-6	4.005710877932572E-7	9.017256060329363E-4	0.7784344971776415	8.302284091208184E-7	1.047691755494233E-6	0.16727823502921196	5.890180132112504E-7	1.576051976401612E-6	4.96190885771192E-7	7.970652359944258E-7	2.0719897362409464E-6
72	72	0.15998180368185558	2.6721410409084894E-6	9.330903490890949E-7	3.634104385912033E-6	7.316154729491889E-6	1.9339341747251994E-6	2.4404933248113874E-6	0.8309822821683555	1.3720586440594883E-6	3.6712556988190414E-6	0.009005257740379285	1.8566838745103758E-6	4.826493187386328E-6
73	73	4.938346183289274E-7	2.5575335173747787E-5	0.9048241065416966	3.7272813666684346E-7	7.503738006153778E-7	1.983519472297023E-7	2.5030665960810864E-7	0.09514693126636604	1.4072376780932345E-7	3.765385224356829E-7	1.1854620645247537E-7	1.9042885053285292E-7	4.950242539382207E-7
74	74	1.2999437705823568E-4	3.5031796572498186E-7	1.2232824088483407E-7	4.7643145934845753E-7	9.591486386861629E-7	2.535389695243841E-7	3.1994892628221917E-7	0.9007736667854817	1.7987702957433735E-7	4.813020002975875E-7	1.5152905451530016E-7	2.4341144720853347E-7	0.09909280100372803
75	75	6.146174397302709E-5	1.2814922177666717E-6	4.4748686634606876E-7	1.742825853052525E-6	3.5086453919487415E-6	9.274666107222994E-7	1.17039974888227E-6	0.9063438042267121	6.580051156595894E-7	1.760642696415688E-6	5.543058681704697E-7	8.904192928487719E-7	0.09358179233965304
76	76	0.09040239777923703	1.6320235134174099E-6	5.698896003403038E-7	2.2195474405068605E-6	4.46837811460404E-6	1.181159975552768E-6	0.02109469719049338	0.7106993672094127	8.379916833025351E-7	2.2422377907879037E-6	7.059271979474246E-7	1.133978968098804E-6	0.1777885466865724
77	77	2.8501142553334275E-6	1.5817392695539296E-6	5.523307432508201E-7	7.516296200306346E-5	0.6673321917918097	1.1447672791460175E-6	0.29380093181986544	0.03877795895322391	8.121723382916795E-7	2.1731522470166644E-6	6.841768891561488E-7	1.099039964770024E-6	2.856980111397088E-6
78	78	2.7765271679317007E-6	1.5409003503219733E-6	5.380701182242266E-7	0.027954892503285447	0.683318518267429	1.115210537809239E-6	0.2120301287154868	8.468190346512934E-6	7.91202864267508E-7	2.1170436387251812E-6	6.665121290692991E-7	1.0706638567616587E-6	0.07667737619278928
79	79	3.005474300110804E-6	1.667960052908204E-6	5.824383534432158E-7	2.2684210342950068E-6	0.07507145709065174	1.207168670744613E-6	0.32690820675038595	0.293193492964375	8.564439427046683E-7	2.2916110174932424E-6	7.214714474132564E-7	1.1589487553805331E-6	0.30481308325701284
80	80	5.3478730991088226E-6	2.967930451778295E-6	1.036377653321932E-6	0.02055362552388331	0.30469003442298576	0.013838871367464249	2.7106407727665403E-6	0.5871865711463041	1.5239370111786132E-6	4.0776408946906275E-6	1.2837700010458292E-6	2.0622072436010195E-6	0.07370988716223506
81	81	3.4416257068279464E-6	1.9100127377031105E-6	6.669612213216434E-7	2.5976120126035045E-6	0.207985610225996	0.018427791666202804	1.7444338698096436E-6	0.7222552101041103	9.807302260281509E-7	2.6241673028327414E-6	8.261706580117112E-7	0.0010593027886497582	0.05025729350130614
82	82	3.899573252392787E-6	2.16416171255921E-6	7.557080172574176E-7	2.943253911762235E-6	0.6131672559332774	1.5662894403684292E-6	1.976550688176795E-6	0.3321659214518098	1.1112275659857801E-6	0.013888510154771936	9.361020849834316E-7	1.5037245759210846E-6	0.040761455868891516
83	83	2.037024635694125E-6	1.1304956821631862E-6	3.947600798626732E-7	1.537470984468348E-6	0.6118459939231464	0.01816041978329252	1.0324930921720146E-6	0.3399769151117995	5.804732418826867E-7	0.008663891882195908	4.889927397737253E-7	7.855023635138564E-7	0.02134479208674612
84	84	3.084313164676546E-6	1.7117135718477771E-6	5.977167334524247E-7	2.3279256983988628E-6	0.8747388918841524	0.04740802441803976	1.5633252444875789E-6	0.03343119074969204	8.789099701149025E-7	2.3517239955476053E-6	7.403969094371927E-7	1.1893500148292374E-6	0.04440744757281309
85	85	1.5996920345951478E-6	8.877874652136553E-7	3.1000830538177474E-7	1.207388484252228E-6	0.8427058741789939	0.026514410661839027	8.108252332251601E-7	0.08917637733045598	4.5585036384154443E-7	1.219731571465865E-6	3.8400998057852916E-7	6.168614026803851E-7	0.04159584567386981
86	86	0.7128935894033825	2.3248757119785162E-6	8.118280646373572E-7	3.161824504117119E-6	0.031771420681129973	1.6826045192042726E-6	2.1233324024583173E-6	0.2553136772883678	1.1937490454843553E-6	3.194147717496699E-6	1.0056184751262606E-6	1.6153934910575576E-6	4.1992531882109305E-6
87	87	0.6190847559099795	1.6227328825536019E-6	5.666453861078764E-7	0.006668665840431083	0.04771831189912779	1.1744359784818025E-6	1.4820582847968133E-6	0.32651559732729724	8.332212425996299E-7	2.229473389140608E-6	7.019085615987863E-7	1.1275235586556722E-6	2.9310238803599727E-6
88	88	0.8303590606616035	2.764549384370131E-6	9.653586059435508E-7	3.759779476084161E-6	7.5691629834392725E-6	2.00081374833837E-6	2.52489079557451E-6	0.16794910533926097	1.419507361956002E-6	3.798215560726869E-6	1.1957980901936592E-6	1.920891967776708E-6	0.0016639150311612329
89	89	0.8207300771896813	1.5269982243313522E-6	5.332156066565068E-7	2.0767133393661666E-6	1.451508230000917E-4	1.1051490192954346E-6	1.394622857262245E-6	0.16860850885462197	7.840645688541228E-7	2.0979435019856118E-6	6.604988034245471E-7	1.0610042419610037E-6	0.010505022922533547
90	90	0.19620834938257087	2.1478549996490417E-6	2.981797448064627E-4	2.9210768275442167E-6	0.002484461783762401	1.5544876271813212E-6	1.9616576030448252E-6	0.800791782774566	1.1028545923806946E-6	2.0123742619535486E-4	9.290486620040632E-7	1.492394181887585E-6	3.879513605230683E-6
91	91	2.5509926335376005E-6	1.415734550731958E-6	0.8700591826120497	1.9253950526327794E-6	3.876192487774227E-6	1.0246230973904362E-6	1.293004623585105E-6	0.12992190622814154	7.269342442212733E-7	1.945078294079355E-6	6.123720131598112E-7	9.83694898843192E-7	2.557137912874579E-6
92	92	0.11010926299855026	2.7105895174831395E-6	9.465162505964446E-7	3.6863942071499374E-6	0.3285688973256741	1.9617608581507707E-6	2.4756087056962596E-6	0.37249300516702893	1.3918007025165643E-6	3.724080076939294E-6	1.1724579009623245E-6	0.18880586936066493	4.895939862323007E-6
93	93	0.11879334071269561	8.105594288067139E-7	2.8304089073291376E-7	1.102358569466584E-6	0.3988436185316885	5.86633922392843E-7	7.402920897817463E-7	0.28731243810357365	4.1619624630295094E-7	1.1136279397985806E-6	3.5060520981663243E-7	0.19504373528345267	1.4640542924999499E-6
94	94	5.354475034832554E-6	2.9715943543638685E-6	1.0376570588960625E-6	4.041360059599863E-6	0.534682699888787	2.1506603833197735E-6	2.7139870518985024E-6	0.3105610235348221	1.525818307538561E-6	4.0826747319923565E-6	1.2853548118432976E-6	0.1547257456207614	5.367373835228654E-6
95	95	2.803043546093249E-6	1.5556162504112337E-6	5.432087932197575E-7	2.1156337752641476E-6	0.47571890073761336	1.1258610168291588E-6	1.4207599887040357E-6	0.38266263583476984	7.987590065569588E-7	2.137261820040783E-6	6.728774504202966E-7	0.14160248060995922	2.8097960099608416E-6
96	96	3.884053205267078E-6	2.155548490139048E-6	7.527003486531892E-7	2.931539953219349E-6	0.21641485418310796	1.560055710584766E-6	1.9686841453934196E-6	0.6370004039586346	0.0014935823389280276	2.961508976267683E-6	9.323764597590556E-7	0.14507011964224498	3.893409795165558E-6
97	97	2.077903017567534E-6	1.1531821207029732E-6	4.026820033437336E-7	0.01698192263175114	0.2404428451333445	8.346035178410087E-7	1.0532128449741609E-6	0.6122040016669694	5.921219997981207E-7	1.5843574001496742E-6	4.988056951987751E-7	0.13036095079069984	2.0829086355023825E-6
98	98	3.538652742516848E-6	1.9638602184735235E-6	6.857643323327861E-7	0.03136763792677059	5.3769262196433915E-6	1.4213233256572364E-6	1.7936133163157393E-6	0.9337077895732929	1.0083791788045183E-6	0.03490302279201667	8.494622349432153E-7	1.3645490801610292E-6	3.5471772710840565E-6
99	99	1.380380362242779E-6	7.660751921768312E-7	2.675073499315543E-7	0.038226725150353164	0.0076048004329381125	5.544389206552686E-7	6.996641884499929E-7	0.9040893577680622	5.308144922559368E-4	0.04954238672897547	3.3136367790315705E-7	5.322920587655725E-7	1.383705665031089E-6
100	100	0.03967075165011627	1.2788445715933143E-6	4.465623294094546E-7	0.045100985877871945	0.2574351959681689	9.255504044521785E-7	0.026328738671618335	0.40584121748121976	6.566456343436888E-7	0.22561605112425792	5.531606362366474E-7	8.885796287441367E-7	2.309883542083772E-6
101	101	0.36489269129830726	1.8857394297482621E-6	6.584851756914186E-7	0.0014823160288106143	5.163036395283806E-6	8.840898589290186E-5	1.7222648131887555E-6	0.24347299536956737	9.682666616093938E-7	0.3900476585118341	8.156713066674401E-7	1.3102684091673638E-6	3.406073396399535E-6
102	102	2.7735680463957333E-6	1.5392581148473556E-6	5.374966626884452E-7	2.093386756380061E-6	0.2795895270211245	1.1140219870334052E-6	0.6358359579713119	0.08455903655492511	7.903596290699512E-7	2.11478737071661E-6	6.658017847161475E-7	1.0695227822161195E-6	2.7802495044999782E-6
103	103	1.8620289970235485E-6	1.0333776549935914E-6	3.6084723900315334E-7	1.4053907375483893E-6	0.3139633993249516	7.478962868329875E-7	0.5999222578190141	0.08610395142984255	5.306062525913044E-7	1.4197579943750444E-6	4.469846092373859E-7	7.180218405139395E-7	1.8665145796825602E-6
104	104	1.8912579328534662E-6	1.049598954025003E-6	3.665115873081936E-7	1.4274516591287867E-6	0.5609411801560059	7.596362826172737E-7	0.10920418392198501	0.32984408137787985	5.389353689115848E-7	1.4420444439297695E-6	4.540010866828202E-7	7.292928864183852E-7	1.895813927309453E-6
105	105	2.5024238402113653E-6	1.3887801338922835E-6	0.9533054029832861	1.8887371206759172E-6	0.04667221610608546	1.0051151196721971E-6	1.2683868832172374E-6	7.6321966704714E-6	7.130940164584887E-7	1.9080456094582786E-6	6.007129556796315E-7	9.64966160229889E-7	2.508452118504073E-6
106	106	2.1097974716050953E-6	1.1708827129995061E-6	0.0018380067194862426	1.5923972341120922E-6	0.08188440441274668	8.474141366785175E-7	0.7050441293510123	0.21122209423181712	6.012106857221144E-7	1.6086762513428828E-6	5.064620368011927E-7	8.135644858888244E-7	2.1148799225055843E-6
107	107	5.123945773985567E-6	2.84365661152406E-6	9.929822190202894E-7	3.867365085060734E-6	0.06301300881055041	2.058066777919742E-6	0.6808527887992375	0.25610560718336717	1.4601263836178316E-6	3.906901013350992E-6	1.230015699647844E-6	1.9758580458262385E-6	5.136289234987649E-6
108	108	3.511594967523084E-6	1.9488438572261447E-6	6.805207386961265E-7	2.6504222271872954E-6	0.21527255845140025	1.4104553910116716E-6	0.24423517290540217	0.5404726714833366	1.0006687593557075E-6	2.6775173942605477E-6	8.429669499601385E-7	1.3541152612289448E-6	3.520054314567074E-6
109	109	2.4462826871400075E-6	1.3576232543795303E-6	4.740712174121544E-7	1.8463638511683563E-6	0.0661171780256834	9.825656534782184E-7	0.2056736368972919	0.7281955331059607	6.970959590195523E-7	1.8652391596049713E-6	5.872361347451293E-7	9.433174242965026E-7	2.452175722757614E-6
110	110	2.1772237586971895E-6	1.2083025483251275E-6	4.2192961724753035E-7	1.643288106111391E-6	0.11478674565051457	8.744963517416133E-7	0.28874447351988597	0.5964566303958374	6.204245699190151E-7	1.660087378818905E-6	5.22647881724319E-7	8.395649116793335E-7	2.1824686378867252E-6
111	111	4.468233938687754E-6	2.4797536004567047E-6	8.659101886023263E-7	3.3724580018190295E-6	0.8386802216602888	1.7946957736896317E-6	2.264783937839621E-6	0.030231968982804627	0.00137483423838469	0.12969045466750223	1.0726104718337602E-6	1.7230073009775242E-6	4.478997805793919E-6
112	112	0.010773445747571437	1.431544539628602E-6	4.998839409182162E-7	1.946896593573515E-6	0.8588979056156619	1.0360654117597595E-6	1.3074440456728268E-6	6.686565547908644E-4	0.0038993921672643523	0.12575017849510517	6.192105795589051E-7	9.946801541089869E-7	2.585694341047383E-6
113	113	4.080135166827086E-6	2.2643688779779715E-6	7.90699560566835E-7	3.0795353781119017E-6	0.7864254369076341	0.05330756797014053	2.0680709015782604E-6	1.2444092617300475E-5	1.1626807286013158E-6	3.1110173528410688E-6	9.79446413613964E-7	1.573351524983681E-6	0.1602354417237029
114	114	2.3085569894050532E-6	1.2811890748983268E-6	4.473810112731076E-7	1.7424135795944459E-6	0.8117997278938385	9.272472142368814E-7	1.1701228854475431E-6	7.040917963218621E-6	6.578494615281158E-7	1.7602262083015017E-6	5.541747445721458E-7	8.902086600765071E-7	0.18818149181836902
115	115	2.0468511879749564E-6	1.1359491630535856E-6	3.966643919142719E-7	1.5448877033162234E-6	0.42341162875456073	8.221313446961316E-7	1.0374738111932984E-6	0.49026873795327214	5.832734292535381E-7	9.978160189075304E-4	4.913516276527107E-7	7.892916058757464E-7	0.08531296939899469
116	116	2.3773058181306335E-6	1.319342886426267E-6	0.9225714839664589	0.033253083410934484	3.6122781509569184E-6	9.54860636911914E-7	1.2049691457775715E-6	0.04415960335016989	6.774402189429747E-7	1.812645745990274E-6	5.706780688450506E-7	9.167190745832767E-7	2.38303269014499E-6
117	117	1.8180613005713648E-6	1.0089767272272377E-6	3.5232662955214026E-7	0.029342706737469366	0.02091428506241169	7.302363701669463E-7	9.215086067653573E-7	0.9488484154507651	5.180771594961606E-7	8.862836241948439E-4	4.364300563012273E-7	7.010673428233991E-7	1.822440966116799E-6
118	118	0.05129315703350198	2.542617523664266E-6	8.878617694331461E-7	0.008453749572594444	6.961527455422338E-6	1.840192881659303E-6	2.3221981920315886E-6	0.9402262811068737	1.3055524758882512E-6	3.4933032840571795E-6	1.0998020856782024E-6	1.7666870434466026E-6	4.5925443186645555E-6
119	119	0.06973210005818602	1.1941823638745279E-6	4.169989614039552E-7	1.6240846945188782E-6	3.269596482963353E-6	8.642770156944584E-7	1.0906587799917988E-6	0.9302536830231568	6.131743084864924E-7	1.6406876514695523E-6	5.165402355036832E-7	8.297537833095423E-7	2.1569643800604665E-6
120	120	3.060854479038293E-6	1.6986946115669005E-6	5.931706163099215E-7	2.3102199486152876E-6	0.311764260825698	1.229412486630522E-6	0.6841319831331913	0.004086674328928096	8.722251519422918E-7	2.3338372405477203E-6	7.347655946456408E-7	1.1803040500967109E-6	3.0682280031858112E-6
121	121	1.187655362031038E-6	6.591178305590468E-7	3.065450283190701E-5	8.963984169237891E-7	0.2766807902323404	4.770296470786203E-7	0.6776724433529739	0.04560971412164938	3.384358471455578E-7	9.055622643370838E-7	2.850995708201723E-7	4.5797487058736203E-7	1.190516394971623E-6
122	122	4.337171801270088E-6	2.4070175236074117E-6	8.405113304209471E-7	0.018557971434364433	0.06622575162091285	1.742053797610981E-6	2.1983533463004425E-6	0.4829909032392254	0.4322034803585931	3.307002387005976E-6	1.0411486855924629E-6	1.6724680895684907E-6	4.3476199428683284E-6
123	123	1.6086574342084441E-6	8.927630287753818E-7	3.117457325121735E-7	1.214155236861928E-6	0.05328596174317211	6.461279194652417E-7	0.0015667656105558439	0.5567414262036257	0.38839732741242294	1.2265675003338317E-6	3.861621466560779E-7	6.203185737242152E-7	1.6125326509224213E-6
124	124	3.2359284041127692E-6	1.7958560856541367E-6	6.270986284867215E-7	4.1691865655988026E-4	0.07079746851628453	1.2997320888997565E-6	1.6401734497782152E-6	0.10578422039313003	0.8229850579869815	2.467327430619106E-6	7.767925180244717E-7	1.2478147613202833E-6	3.2437236770964307E-6
125	125	9.329150016387202E-7	5.177435572930399E-7	1.8079192273808456E-7	7.041297983644756E-7	0.12683140673656973	3.747114930925887E-7	4.728604052681955E-7	0.06319080299824828	0.8099484783078174	2.4609950511691492E-5	2.2394852503680153E-7	3.5974377820670824E-7	9.351623712341303E-7
126	126	0.8048623260009867	1.7182300328678418E-6	5.9999222969119E-7	2.3367880672675326E-6	0.07558913938235963	1.2435510437999072E-6	0.018481289475591252	0.10105306303991908	8.822559636587974E-7	2.360676964080999E-6	7.432155863928913E-7	1.193877847720392E-6	3.1035134078026497E-6
127	127	0.7256230255664863	2.790185253885478E-6	9.743104472083161E-7	0.009663246161360096	0.2291298293397254	2.0193674411994585E-6	2.5483042933914775E-6	0.035562115358560874	1.4326705579954425E-6	3.833436692625057E-6	1.2068868137231505E-6	1.938704540095875E-6	5.039707827265558E-6
128	128	0.6928737596099226	1.858879847501397E-6	6.491060236962853E-7	5.173543823490804E-4	0.2348516916634869	1.345344878415807E-6	1.697733686209616E-6	0.07174268167114482	9.544751283656587E-7	2.55391580350084E-6	8.040532696246623E-7	1.291605564478266E-6	3.357558894827244E-6
129	129	0.8868651151925769	2.349076319295228E-6	8.202787237843165E-7	3.19473726277955E-6	0.06289667637325275	1.7001194560367166E-6	2.1454350608541992E-6	0.050216673954967476	1.2061752804592482E-6	3.227396942057149E-6	1.0160863800132063E-6	1.6322088000814481E-6	4.242964977580031E-6
130	130	0.8737109453047897	1.7646973707688023E-6	6.162182536470612E-7	2.3999835176132685E-6	0.04847174571667958	1.2771812943740378E-6	1.61171588166216E-6	0.07780113162468398	9.061154499873221E-7	2.4245184591466383E-6	7.633149032047022E-7	1.2261647501148874E-6	3.187443966250535E-6
131	131	0.5093768432366762	0.30591657843339126	7.852823574742261E-7	3.0584370123025833E-6	1.0996256249790329E-4	0.006229947834868856	2.0539022329176467E-6	0.0799424687022425	1.1547150258833572E-6	3.0897032992289874E-6	4.161940860303295E-4	1.5625722541051282E-6	0.09799630053211103
132	132	0.263613622152995	0.1750255912441226	7.069112748939694E-7	2.753205375075146E-6	5.542734711805303E-6	1.4651527307624843E-6	0.04438849827783569	0.06560992089341271	1.0394746084859269E-6	2.7813512904162666E-6	8.756571363740486E-7	1.4066277355526273E-6	0.45134579631677074
133	133	4.354916981407021E-7	2.4168656369647524E-7	8.439502130958472E-8	0.016957533258657478	6.617226669447964E-7	1.7491812668151714E-7	0.9830383751474214	1.3282155625110507E-6	1.2409829189257203E-7	3.3205327140853656E-7	1.0454084594316635E-7	1.6793108545966073E-7	4.365407870713504E-7
134	134	3.878650333920738E-6	2.152550037090767E-6	7.516533127524957E-7	0.04292643137975176	5.893547119419763E-6	1.5578856115021935E-6	0.5196545712453956	0.35045441827799423	1.1052653433880262E-6	2.9573894003648327E-6	9.31079487294414E-7	1.4956564349553757E-6	0.08694385541977778
135	135	1.0101420734498714E-6	5.606025731825866E-7	1.9575794941323182E-7	2.663937775207756E-5	1.5348947171443722E-6	4.057302582905906E-7	0.41447177730109014	0.4323035714612677	2.8785142499650764E-7	7.702121108358339E-7	2.4248707227276506E-7	3.8952351006264755E-7	0.15319261465820047
136	136	4.696149768201993E-6	2.6062409568919838E-6	0.6497518361660142	3.544480454880708E-6	0.02575175675437037	0.2882454002010783	2.3803061143742796E-6	0.03622521508521195	1.338221066426104E-6	3.5807155457004787E-6	1.127322223453785E-6	1.810894516295689E-6	4.707462679009527E-6
137	137	0.015017504423161972	1.3901168347347207E-6	4.85417716632297E-7	1.8905550301050173E-6	0.03414047178899638	0.7432434858241176	0.008535436041758	0.19905263411732627	7.137803694306221E-7	1.9098821033073253E-6	6.012911418837136E-7	9.658949401337946E-7	2.510866503602325E-6
138	138	3.4796668694392098E-6	1.9311245933591155E-6	0.7882581246498516	2.6263240775954575E-6	0.04216810240609301	0.14583303720129806	1.763715540205808E-6	0.0013476998712235013	9.915704861796545E-7	2.6531728901887896E-6	8.35302532022219E-7	1.3418033843532684E-6	0.02237741319116057
139	139	2.254948439460451E-6	1.2514377242384212E-6	4.369920768014133E-7	1.7019518254187716E-6	0.10478977075856823	0.5026172136690743	1.1429506772526731E-6	0.36675908281782266	6.42573098035158E-7	1.7193508151296625E-6	5.413058812047791E-7	8.695365278164638E-7	0.025823371707469435
140	140	5.993833252147761E-4	2.1501999554279966E-6	0.8466159171159943	2.92426596088359E-6	5.887112743086872E-6	0.15066531027832442	1.963799274774687E-6	0.0020960978476371123	1.1040586518959656E-6	2.9541606221809526E-6	9.300629660558974E-7	1.4940235276124441E-6	3.883749127577213E-6
141	141	3.285773030554655E-6	1.8235185566837953E-6	6.367581428441506E-7	2.4799801669089763E-6	0.01456677232312459	0.5606719220987122	1.6654378631688787E-6	0.4247426229775536	9.363182406907115E-7	2.505332911189294E-6	7.887578423606256E-7	1.2670354772569E-6	3.2936883780335958E-6
