0	0	1.314850038816477E-6	4.854979024062378E-7	6.744590242779967E-7	9.622034266925964E-7	4.2517864675855984E-7	0.30412341566698725	1.8422901811617149E-6	1.0296987349429062E-6	0.006194926705027479	2.9829778325470267E-7	2.4030820847519176E-6	0.6896698257434212	1.963795362397328E-6	4.3253137867271965E-7
1	1	1.7711276748834582E-6	6.539747847013415E-7	9.085089616370969E-7	1.2961060710899971E-6	5.727236154789293E-7	3.2533940509847265E-6	2.481599443810796E-6	1.3870235178237068E-6	3.256615698033989E-6	4.0181271147418896E-7	3.2369966609666127E-6	0.9999775522197228	2.645269202927837E-6	5.826278833381669E-7
2	2	0.001841916731896181	2.2595453131046268E-7	3.13898519362354E-7	4.4781702088946727E-7	1.978814766766185E-7	1.124078703270214E-6	8.574162985238764E-7	4.792298666829653E-7	1.1251918130813153E-6	1.388301277352755E-7	5.081443700187849E-4	0.9976172277537969	9.139657627786432E-7	2.6886880167894748E-5
3	3	2.4529844986536316E-6	9.057449850351946E-7	1.2582708922609697E-6	1.7950869076696166E-6	7.932133694851328E-7	4.505900556041282E-6	3.4369769350117057E-6	1.921006168408192E-6	0.0029996667724707204	5.565044048408458E-7	0.01369662677891867	0.9832816101722398	3.663657025727861E-6	8.069306276330085E-7
4	4	5.38736422055586E-7	1.9892413213392757E-7	2.763475916156137E-7	3.9424574368389016E-7	1.742093897607694E-7	9.896078613755336E-7	7.548456411657233E-7	4.2190074600266486E-7	9.90587812527028E-7	1.2222221220178386E-7	0.01581193855595891	0.9841822179642192	8.046302285084829E-7	1.7722204091248092E-7
5	5	1.2860185619354165E-6	4.748521092467165E-7	6.596697713657808E-7	9.411046359312289E-7	4.158555087865869E-7	0.7034794450404578	1.8018932193802942E-6	1.0071199355402866E-6	0.030846783918667887	2.9175683532324055E-7	2.35038831472155E-6	0.2384069481054632	0.02725717122950581	4.230470130976456E-7
6	6	2.583129837454027E-6	9.538001146166756E-7	0.09856592427997782	1.8903268873364446E-6	8.352980311571928E-7	0.5472354000032967	3.6193288935755516E-6	2.022926909759129E-6	4.7496638994511256E-6	5.860302556367545E-7	4.721050197147484E-6	0.19545484027575508	0.15872102414287317	8.49743070997145E-7
7	7	1.2139884435080794E-6	4.4825556182749694E-7	0.018370687967795382	8.883932051750321E-7	3.9256337099545076E-7	0.08894087440180609	1.7009688736305347E-6	9.507109766226764E-7	2.2321901907045766E-6	2.7541548534405297E-7	2.218742665373508E-6	7.20020128829667E-6	0.04425937668617173	0.8484115395141653
8	8	2.2616215344873155E-6	8.350857349623776E-7	0.018444017530104276	1.6550480481593555E-6	7.313329696357493E-7	0.5154179130799399	3.1688504570759107E-6	1.771144057673233E-6	4.158498733134951E-6	5.130902159047121E-7	4.133446424740298E-6	0.32014985858221495	0.14596823870945216	7.439801129170806E-7
9	9	1.71048902566871E-6	6.31584446541556E-7	1.5005958752932353E-4	1.2517308843067498E-6	5.531150988775982E-7	0.4501603806322883	2.3966361516107243E-6	1.3395355621316068E-6	3.145117933225295E-6	3.88055724664803E-7	3.1261705992336087E-6	0.42771546497411334	0.12195898969037154	5.626802712368546E-7
10	10	1.6574512834547531E-6	6.120006827410724E-7	8.501980776708461E-7	1.2129180191162499E-6	5.359644620780149E-7	3.0445812698079574E-6	2.3223228011698557E-6	1.2980001060341971E-6	0.9994662626562011	3.76023142648455E-7	3.029236314435037E-6	5.157779268614503E-4	2.475487734538716E-6	5.452330437323855E-7
11	11	1.1422125090919774E-6	4.2175286982953214E-7	5.859037241187809E-7	8.358677855375188E-7	3.693534278354393E-7	2.0981363651746327E-6	1.6004006754978288E-6	8.945010768730968E-7	0.9999808489888908	2.5913180165748575E-7	2.0875615747398425E-6	6.774496102868292E-6	1.7059524371661997E-6	3.757407588012677E-7
12	12	2.743195989361138E-6	1.0129032660810742E-6	1.4071363545406327E-6	2.0074628308400495E-6	8.870580858026448E-7	5.03899162044314E-6	3.843604127472373E-6	2.1482795425766998E-6	0.8264971337356235	6.223441902136437E-7	5.0135946628033464E-6	0.17347314219284218	4.09710263757787E-6	9.023982265809242E-7
13	13	1.1389222080229011E-6	4.2053795237114317E-7	5.842159474270545E-7	8.334599528037072E-7	3.682894542151188E-7	2.0920923932600807E-6	1.595790500060574E-6	8.919243428362184E-7	0.798038228014808	2.5838533667199623E-7	2.081548064971341E-6	0.1992674575583497	0.0026836746023041025	3.7465838559090756E-7
14	14	3.036314912112468E-6	1.1211350932477994E-6	1.5574931988954693E-6	2.221966404307365E-6	9.818429686680075E-7	5.577423362566406E-6	4.254305041915475E-6	2.377829814497101E-6	0.7927309252123658	6.88843579729905E-7	5.549312661944555E-6	0.20723617460769875	4.5348906469603665E-6	9.988222506367893E-7
15	15	1.1222564893427143E-6	4.143842685117988E-7	5.756671821472906E-7	8.212640284404963E-7	3.6290031666595846E-7	2.061479044048498E-6	1.5724394798072312E-6	8.788729157264398E-7	0.7826901693867191	2.546044135310416E-7	2.051089009712141E-6	0.2172976703329734	1.6761471073730105E-6	3.6917605219583735E-7
16	16	1.0998118188358912E-6	4.060967527270557E-7	5.641540740943761E-7	8.04839083971475E-7	3.5564245884848253E-7	2.020250306821514E-6	0.10129443228741968	8.612958170879603E-7	2.0222508432882764E-6	2.4951242945649733E-7	2.0100680689197937E-6	0.5607624344907122	1.6426248511836209E-6	0.3379310966753629
17	17	5.811718503631114E-7	2.145930759851658E-7	2.9811506070043394E-7	4.25299866454744E-7	1.87931591874901E-7	1.067557730244121E-6	0.10416371465182901	4.5513321020394406E-7	1.0686148706204973E-6	1.318494653651885E-7	1.0621771460925126E-6	0.5529791945621881	8.68009697536505E-7	0.34285073033241753
18	18	1.889013898238454E-6	6.975033335638116E-7	9.68979300331688E-7	1.3823748657991846E-6	6.108440881091548E-7	3.469939895304751E-6	0.1790885346769053	1.4793437760069892E-6	3.4733759751185205E-6	4.285573576809282E-7	3.452451095328153E-6	0.7901638426004916	2.8213382692705345E-6	0.03072694900074836
19	19	6.146643635307404E-7	2.2695991966251297E-7	3.152952159156934E-7	4.4980958998751084E-7	1.9876195351673034E-7	1.129080309692981E-6	0.16664328496507627	4.813622077478837E-7	1.1301983723042413E-6	1.3944785464045944E-7	1.12338964637041E-6	0.8091454897695604	9.180324682646592E-7	0.02420449826346178
20	20	1.6313922612865302E-6	6.023785963981934E-7	8.368309695244003E-7	1.1938481026342971E-6	5.27537843487115E-7	2.9967133103723653E-6	0.8391202419463387	1.277592499563256E-6	2.9996807814018658E-6	3.701111767838435E-7	2.9816096136935764E-6	0.16086136713054436	2.4365672604376326E-6	5.366607012959583E-7
21	21	5.404122991489006E-7	1.9954293640017474E-7	2.772072413062995E-7	3.954721456569656E-7	1.747513125151776E-7	9.926862891156062E-7	0.835969068065936	4.232131759163142E-7	9.936692886551807E-7	1.2260241557645394E-7	9.876830635630986E-7	0.16402483978732482	8.071332361265695E-7	1.7777333528694042E-7
22	22	3.640400063837796E-5	3.013332144055885E-7	4.186154147386783E-7	5.972092774043401E-7	2.6389495750523546E-7	0.7428280435776882	0.006442556020458376	6.391014835118418E-7	1.5005570540772997E-6	1.8514401284269314E-7	1.4915171527823976E-6	0.25068611170432353	1.2188657583340598E-6	2.6845856598093683E-7
23	23	1.1418712517741022E-6	4.2162686328344846E-7	5.857286744394661E-7	8.356180544267837E-7	3.6924307660120935E-7	0.8572690155563097	0.011404604350541572	8.942338279716004E-7	2.0995865495162297E-6	2.59054381192462E-7	2.0869378767342395E-6	0.1313156051213415	1.705442752016986E-6	3.756284992326285E-7
24	24	3.0076419792158754E-6	1.1105478411915415E-6	1.5427852719275912E-6	2.200983635571805E-6	9.725710985325008E-7	0.16644426939347992	0.00918523235305227	2.355375175672053E-6	0.04276284366248862	6.823386004014919E-7	0.5067977028088523	0.24292134910878324	0.03187574103970162	9.89390039487055E-7
25	25	1.334903721101562E-6	4.929025648373189E-7	6.84745662744657E-7	9.768786529487266E-7	4.316633387346678E-7	0.13237778811704326	0.004600661745289856	1.0454033785678824E-6	0.02334568659837625	3.0284732791389395E-7	0.47856780361296014	0.34340374286450387	0.01769860858896761	4.3912821222039936E-7
26	26	1.256906895325808E-6	4.6410285826199076E-7	6.447367937052284E-7	9.19800803143034E-7	4.0644176680191074E-7	0.03880868041050416	0.011402503040128104	9.843217111078063E-7	2.311105395919315E-6	2.8515232122647494E-7	0.4044545796300881	0.5453246736259251	1.8772543325380431E-6	4.134704766696218E-7
27	27	2.7811229949743514E-6	1.0269075107676691E-6	1.4265912052418573E-6	2.035217703021574E-6	8.993224143923488E-7	0.9999533649866521	3.896745206667216E-6	2.177981324945168E-6	5.113718752202739E-6	6.309486252183335E-7	5.082911851096118E-6	1.6494922565704432E-5	4.153748548163908E-6	9.148746455964169E-7
28	28	2.078370245815656E-6	7.674216564463116E-7	1.066110603261657E-6	1.5209452891371795E-6	6.720756150827457E-7	0.9999651490335628	2.9120895795321023E-6	1.6276344447505973E-6	3.8215501145593E-6	4.7151630893770367E-7	3.79852770715715E-6	1.23268752692865E-5	3.1041515987262052E-6	6.836980045452007E-7
29	29	1.7010993979367091E-6	6.281174013016554E-7	8.72587600305361E-7	1.244859582095563E-6	5.500788064527585E-7	0.11357519780226863	7.656510833598107E-5	1.3321822613658946E-6	0.05608443890519425	3.8592551585364166E-7	0.014839434684856602	0.06491901409966946	2.540678412005028E-6	0.7504960938706977
30	30	2.5312358657217174E-6	9.346386789549762E-7	1.2984103295527437E-6	3.329991350754696E-4	8.185172515818043E-7	0.9276571740134828	3.546618126749266E-6	1.9822871748339047E-6	0.07197388864439089	5.742571588766374E-7	4.626206321347939E-6	1.501283462689812E-5	3.780529419699024E-6	8.326720967601264E-7
31	31	2.0878316384770654E-6	7.709152003146988E-7	1.0709638728166164E-6	1.5278691087145714E-6	6.751351138920931E-7	3.835149282801384E-6	2.9253463238646493E-6	1.6350439467977055E-6	3.838947008246502E-6	0.04716244019380607	3.815819795631286E-6	1.2382991068406381E-5	0.9528023069834218	6.868104121135093E-7
32	32	1.2263234636453429E-6	4.528101697493027E-7	6.290488666555048E-7	8.974199369649787E-7	3.9655210508289244E-7	0.875376685640333	1.718251974982357E-6	9.603709030446039E-7	0.0521963685374641	2.782139103010616E-7	2.241286731260743E-6	0.07241591055792804	1.8315764228698395E-6	4.0340979029568244E-7
33	33	1.8412365581222786E-6	6.798619313322449E-7	9.444716703768993E-7	1.347411547534068E-6	5.953944898913962E-7	0.18869131348837961	2.579831868338351E-6	1.4419278995007642E-6	0.7408644673164191	4.177181941065867E-7	0.002572732706267973	0.06785828296357913	2.749980383444803E-6	6.056908114510847E-7
34	34	1.2892722135221136E-6	4.7605349417569597E-7	6.613387485188557E-7	9.434856486806386E-7	4.1690763118672076E-7	0.16293560141821603	1.806452043728422E-6	1.0096679682617845E-6	0.7141424421947017	2.9249498570324013E-7	2.3563348421636105E-6	0.1229103546685958	1.92559358028498E-6	4.241173301413912E-7
35	35	5.622485171850454E-7	2.0760578595720568E-7	2.884082405653758E-7	4.114518263810865E-7	1.8181241709809252E-7	1.0327973566926364E-6	7.877893995539673E-7	4.403137770677541E-7	0.427187934427656	1.2755636107788271E-7	0.04011339454335402	0.5326936063420213	8.397467376253996E-7	1.8495654950403343E-7
36	36	2.2875668065294566E-6	8.446658199773631E-7	1.1734190445713175E-6	1.6740347226305302E-6	7.397228052299208E-7	0.8927235877649635	3.2052034391801136E-6	1.791462582988553E-6	0.10724225957963322	5.18976375472443E-7	4.180865230374289E-6	1.3567626245141003E-5	3.416597294912988E-6	7.525150362582452E-7
37	37	5.083312003090868E-7	1.8769724621969116E-7	2.607510782591865E-7	3.719952910161747E-7	1.643773551903427E-7	9.337563443156803E-7	7.122436410699248E-7	3.980894995154153E-7	9.346809889557859E-7	0.9999906576614097	9.290501308291835E-7	3.0149273520020297E-6	7.592184844344717E-7	1.672199782493496E-7
38	38	1.0110274812595222E-6	3.733138433553879E-7	5.186116959332692E-7	7.398669644668731E-7	3.2693256540842565E-7	0.875519976352621	1.4165919660964887E-6	7.917661236733249E-7	0.12437675144915136	2.2937007838609923E-7	1.8478016166722166E-6	9.417430866134825E-5	1.5100209304027142E-6	3.325863006695516E-7
39	39	2.3833830983014787E-6	8.800452224174567E-7	1.2225684994526234E-6	1.7441528057231114E-6	7.707065981115195E-7	4.378049365493543E-6	0.08512585089869315	1.8664992118906437E-6	0.8039392126808987	5.407140539844404E-7	4.355983614514861E-6	0.11091245057950103	3.5597037966957895E-6	7.840346404381748E-7
40	40	6.620070790592992E-7	2.444408402274312E-7	3.395799029746101E-7	4.844548512459852E-7	2.1407100863941695E-7	1.2160444011259774E-6	9.275652018144129E-7	5.184377166267507E-7	1.2172485792228403E-6	0.996841129983707	1.2099154311911578E-6	0.0031506297370630524	9.88741220178273E-7	2.1777299778943472E-7
41	41	1.0921642067809007E-6	4.032729328985552E-7	5.602311925395271E-7	7.992425837561719E-7	3.5316947619001737E-7	0.04591458057184402	0.06348852367274962	8.553067413562166E-7	0.7696567818515999	2.477774287675602E-7	1.9960909316205296E-6	0.12093181616862497	1.6312027538769784E-6	3.59276933604651E-7
42	42	2.8256734548575967E-6	1.0433574131793675E-6	1.4494435905458392E-6	2.0678195997359513E-6	9.137285471728443E-7	0.25926451117977395	3.959166678611666E-6	2.2128701341847327E-6	0.703973113444914	6.410557119839936E-7	5.164334377507762E-6	0.036736948108972295	4.220286924350241E-6	9.295299076148511E-7
43	43	7.31365491479912E-7	2.7005088148715113E-7	3.7515765388587326E-7	5.352111353323007E-7	2.3649920582064266E-7	1.343449245821781E-6	1.024746110976096E-6	5.72754381964068E-7	1.3447795855318833E-6	0.9960317741537349	1.3366781443480407E-6	0.003959122233842078	1.0923315343843265E-6	2.405890519866434E-7
44	44	1.375664930731721E-6	5.079533167791875E-7	7.056543328316988E-7	1.006707587370463E-6	4.448441543707937E-7	0.18501188961578705	0.0049811029543377575	1.0773247116110763E-6	0.768295301015668	3.12094753944623E-7	2.5142302559754535E-6	0.04170125477770166	2.0546254944900722E-6	4.5253696734624617E-7
45	45	2.3178567416851255E-6	8.558501372363374E-7	1.1889564210837942E-6	1.6962008089070422E-6	7.49517559962167E-7	0.039727602683946095	3.247643906517015E-6	1.8151835450682814E-6	0.35316804671161944	5.258482013424089E-7	4.236224547689596E-6	0.607083493006538	3.4618368526039628E-6	7.624791743926454E-7
46	46	7.320425644369957E-7	2.7030088528282045E-7	3.7550496190771485E-7	5.357066153491801E-7	2.3671814863172458E-7	6.519059113665744E-5	1.0256947855959699E-6	5.732846182243192E-7	0.11818010354061438	0.881743942779461	1.337915594890083E-6	4.341766055297853E-6	1.0933427772590824E-6	2.4081178103630224E-7
47	47	1.2141812785741441E-6	4.4832676463946864E-7	6.228204709799835E-7	8.885343213144218E-7	3.9262572742395333E-7	0.0015906726899533215	1.7012390627306658E-6	9.508619915808221E-7	0.2804682041410918	2.754592335062333E-7	2.2190950998556864E-6	0.7179301971680393	1.8134414523193934E-6	3.9941551270211586E-7
48	48	1.4755109794211382E-6	5.448206748589702E-7	7.568708720483639E-7	1.0797746348317458E-6	4.771310362300877E-7	0.10803655037842465	2.06739879783605E-6	1.1555171647345393E-6	0.004185083278597855	3.3474665652782815E-7	2.69671361434747E-6	0.8877007445684695	6.654790788205226E-5	4.853821951819089E-7
49	49	1.0052657384896354E-6	3.7118636573710197E-7	5.156561806334281E-7	7.356505378986413E-7	3.25069409975068E-7	4.56842571437949E-5	1.4085189525831782E-6	7.872539290761682E-7	1.8484066570053986E-6	0.9626318222287942	1.8372711832246678E-6	0.035339131571648176	1.5014154747257954E-6	0.001973026247984433
50	50	1.2457768320177468E-6	4.5999317105037823E-7	6.390275710431032E-7	9.116558552492334E-7	4.0284267556264046E-7	2.288374232765477E-6	1.7455088852648869E-6	9.756054227328514E-7	2.290640276773385E-6	2.826272627678939E-7	2.276840626871441E-6	0.0355365266508676	1.860631017283603E-6	0.9644480938253029
51	51	2.610774424747034E-6	9.640076582508698E-7	0.006035430700751842	1.910557115756088E-6	8.442373686241633E-7	0.19651124693386465	3.6580628557983593E-6	2.0445762201164154E-6	4.8004946770516174E-6	5.923019359539395E-7	4.7715747516616875E-6	0.7974263676170764	3.899324300281968E-6	8.588369988989501E-7
52	52	9.495689479335905E-7	3.506207695189514E-7	4.870862282397246E-7	6.948917888803539E-7	3.070589256321311E-7	0.18953005343231621	0.0031898119755582677	7.436360919975291E-7	1.745995608368342E-6	2.1542708586832696E-7	1.735477095981162E-6	0.8072711742311153	1.4182294871489695E-6	3.12368980544896E-7
53	53	8.996140383226228E-7	3.3217531709849993E-7	3.96918759770359E-5	6.583349316047836E-7	2.909051740708841E-7	1.652505915844691E-6	1.5818214352962374E-4	7.045148951217991E-7	0.3627260654453566	2.0409390082081096E-7	1.644177141775302E-6	0.6370680346586537	1.3436192906041994E-6	2.959358776908611E-7
54	54	3.2561994323823984E-6	1.2023257007019726E-6	1.6702840834959542E-6	2.382877255457224E-6	1.0529462884471028E-6	0.9973894615451463	4.562394238952253E-6	2.550028016323429E-6	5.98725339669465E-6	0.0017046968381116303	5.951184005273231E-6	8.712916697905692E-4	4.863299353977426E-6	1.0711551797872118E-6
55	55	9.22671387738155E-7	3.406890596895294E-7	4.732889877413317E-7	6.7520823271374E-7	2.9836115181201075E-7	0.8599233588673315	1.2927926287311869E-6	7.225718010984538E-7	1.6965384077308817E-6	0.001488937640822238	1.6863178435029337E-6	0.13857791347493795	1.3780566138841637E-6	3.035207937168861E-7
56	56	1.2750070434206318E-6	4.7078619375566356E-7	6.540213568591456E-7	9.330464387716867E-7	4.122947509794933E-7	0.9226938257989445	0.02313162420073616	9.984964831694897E-7	2.3443865801378508E-6	2.8925867091949977E-7	2.330263142962334E-6	0.029698267275400318	0.02446615573957989	4.194246781211283E-7
57	57	2.2334267816714207E-6	8.246750470916144E-7	1.145647643071413E-6	1.6344152102133459E-6	7.222157269890176E-7	0.6839145156196917	3.1293456354311854E-6	1.7490638960962615E-6	0.014808205599664727	5.066937204747343E-7	4.081916361709785E-6	0.30125718093900145	3.3357364160313263E-6	7.347052032720441E-7
58	58	1.0198403621277913E-6	3.7656792941036644E-7	5.23132308060901E-7	7.46316205003927E-7	3.2978235713447517E-7	0.5468894282160404	1.4289400540244278E-6	7.986677565693679E-7	0.01903642619199896	2.3136944162105697E-7	1.8639084543376384E-6	0.43406496839830194	1.5231834159087E-6	3.3548537463198E-7
59	59	2.9131472702124467E-7	1.0756564226606895E-7	1.4943137296585934E-7	2.1318326828979464E-7	9.420146614379056E-8	5.351176051819757E-7	4.0817298199430137E-7	2.2813735181087224E-7	5.356475010466409E-7	0.0010163594752365744	5.324205657394058E-7	0.9989800144084114	4.350933513583852E-7	9.583051814759313E-8
60	60	4.753693658713033E-7	1.7552635143581895E-7	2.4384313740128354E-7	3.47873916631414E-7	1.5371859734937144E-7	8.732085715095866E-7	0.0021773088451432065	3.7227609249560486E-7	8.740732592091731E-7	1.0784623636186067E-7	8.688075240834781E-7	0.9978173322465995	7.099883093619646E-7	1.563768955615402E-7
61	61	1.6313922612865302E-6	6.023785963981934E-7	8.368309695244003E-7	1.1938481026342971E-6	5.27537843487115E-7	1.4528038539785005E-4	2.2858104391103723E-6	1.277592499563256E-6	2.9996807814018658E-6	6.406466355704334E-4	7.412344565743242E-5	0.9991256212339191	2.4365672604376326E-6	5.366607012959583E-7
62	62	4.4961675674644213E-7	1.6601740566823783E-7	2.3063320538607005E-7	3.290282323216499E-7	1.4539106251652736E-7	2.043281367792813E-5	6.299764321301135E-7	3.521084473235231E-7	8.267213080592513E-7	1.0200378590120922E-7	8.217408383044085E-7	0.9999746945180187	6.715254787150909E-7	1.4790535036599672E-7
63	63	3.9878118815242123E-4	1.1169939302149143E-6	1.5517402496763422E-6	2.213759074798863E-6	9.782163122280887E-7	5.556821902861046E-6	0.02546454695407217	2.369046768648664E-6	5.562324500642342E-6	6.862991820163753E-7	5.52881503539449E-6	0.9619690745191204	0.012141038188821158	9.951328774241663E-7
64	64	1.1296090497428382E-6	4.170991428671957E-7	5.794387154530024E-7	8.266446107146024E-7	3.65277889460457E-7	2.0749850022041367E-6	1.5827414529841419E-6	8.846309276054324E-7	2.077039739258688E-6	2.5627247635482765E-7	5.132457533341891E-5	0.09256633075728406	1.6871285300366222E-6	0.9073704637998458
65	65	1.4640184533266168E-6	5.405771511509271E-7	7.509757222538084E-7	1.0713644377270963E-6	4.7341473661533897E-7	2.6892634529569344E-6	0.02700763631200001	1.1465170208158616E-6	0.30702363363149976	2.557041016915846E-4	2.675709330397988E-6	0.6656995459269036	2.186585971199266E-6	4.816016285702442E-7
66	66	6.077410782373514E-7	2.2440355172056438E-7	3.117438814623892E-7	4.447431499855273E-7	1.9652319397361453E-7	1.1163628893137505E-6	0.030664132500679724	4.7594037415637514E-7	0.25294005746463544	4.7718114205216297E-4	1.110736322900043E-6	0.7159130330842772	9.076921897915728E-7	1.9992172391207347E-7
67	67	9.861152890341757E-7	3.6411521483297973E-7	5.058328600471197E-7	7.216362947950454E-7	3.188767933694362E-7	0.020901058126444334	0.017159405233055626	7.722566343309632E-7	0.6576830465812591	0.0023653648086727447	1.8022709165457497E-6	0.30188385694204223	1.4728133051108425E-6	3.2439121793700815E-7
68	68	2.3925839798846727E-6	8.834425746455098E-7	1.227288138523163E-6	1.7508859840526425E-6	7.736818563273153E-7	4.394950514874853E-6	0.02473096607816848	1.8737046998526796E-6	0.7118884013520949	0.0074083933284121795	4.372799580627924E-6	0.2559502093968641	3.573445780990293E-6	7.870613506170523E-7
69	69	7.502936735326244E-7	2.7703996192344714E-7	3.8486696127587796E-7	5.49062723798294E-7	2.426199485617814E-7	1.3782185262974545E-6	0.016295035764537294	5.875776124002862E-7	0.6071649745989742	0.008016287089043691	9.95278053013383E-5	0.3684186376453569	1.1206017363361686E-6	2.468156424245897E-7
70	70	1.134022146626662E-6	4.1872864373570576E-7	5.817024359765894E-7	8.298741021536139E-7	3.6670493779729055E-7	0.945385429783469	1.5889248235720927E-6	8.880869569200332E-7	0.03501445160595035	2.572736681096819E-7	0.019585260607862306	6.725918821354831E-6	1.6937197145355511E-6	3.7304646769249535E-7
71	71	0.005614007748835467	4.483505039371282E-7	6.228534498733158E-7	8.885813699905171E-7	3.926465173025581E-7	0.8387442030176494	1.701329144839711E-6	9.509123405620376E-7	0.015093234063264228	2.7547381931563174E-7	0.004503044191636092	0.1360380178573313	1.8135374756439417E-6	3.9943666210584036E-7
72	72	2.828461687008003E-6	1.044386945689145E-6	1.4508738284285687E-6	2.0698600198982003E-6	0.007771567727645694	5.1956166438173734E-6	0.003950961472103346	2.2150536829037826E-6	5.200761561023018E-6	6.416882734511661E-7	0.25989034524591015	0.7283613239532869	4.224451290783377E-6	9.304471208790803E-7
73	73	2.900985728212567E-7	1.0711658701591423E-7	1.4880754047479158E-7	2.1229329019033905E-7	9.380820243938664E-8	5.328836449229666E-7	4.064689785906637E-7	2.2718494476500846E-7	5.334113286266196E-7	6.581416788474706E-8	5.30197864835113E-7	0.0560819775623789	4.332769632476573E-7	0.9439144410755352
74	74	3.7081204135619526E-7	1.3691939228861047E-7	0.44164588760249396	2.7135917125040944E-7	1.1990824602896952E-7	0.05703364741436003	5.195599214203632E-7	2.9039409713198847E-7	6.818211538476892E-7	8.412549467638806E-8	4.918888424278637E-5	0.4441704775623591	0.057098201655173667	1.219818524860896E-7
75	75	1.356460628444658E-6	5.00862281146001E-7	0.42211367457074217	9.926539349216367E-7	4.3863412355564046E-7	0.0598057738555102	1.9005924806188828E-6	1.0622852430886815E-6	2.49415727561741E-6	3.077379066753021E-7	2.4791315653158393E-6	0.4663080188099072	0.05176055402885633	4.4621954475093046E-7
76	76	1.7274980127507257E-6	6.378648795237131E-7	0.035181313303666494	1.2641780114860723E-6	5.58615237978461E-7	0.3071350824400073	2.4204681392653086E-6	1.352855813083401E-6	3.176392773048796E-6	3.91914524521964E-7	0.11887834801029325	0.32130472528572723	0.21748843289738828	5.682755257641564E-7
77	77	1.6742721473421019E-6	6.182116527322353E-7	8.588264254748178E-7	0.18778743151151917	5.414037684124243E-7	3.075479606093694E-6	2.3458912017200915E-6	1.3111730320364966E-6	0.7204829710643109	3.798392633176544E-7	0.020738395353985573	0.07097734559612394	2.500610549702661E-6	5.507664134953815E-7
78	78	1.631044154858995E-6	6.022500608729295E-7	8.366524065594011E-7	1.1935933593650725E-6	5.274252774792678E-7	2.9960738717838813E-6	0.08165568618233603	1.2773198869173447E-6	0.8018849165421172	3.700322024730058E-7	2.9809733979313973E-6	0.020423023985932136	0.09602342137880761	5.365461886530092E-7
79	79	1.7655368333878333E-6	6.519104110171342E-7	0.015707195980827007	0.20680078148763678	5.709157238173896E-7	3.243124203858623E-6	2.473765887064589E-6	1.3826451611705839E-6	0.2178895289895845	4.005443268102052E-7	3.226778574766519E-6	0.21443213123591537	0.3451560662961871	5.807887273061832E-7
80	80	3.141554365803697E-6	1.1599939231592775E-6	1.6114763126778027E-6	2.2989803298316056E-6	1.0158738978120818E-6	0.36592492145533134	0.16864778421361498	2.4602460057986446E-6	8.277588204794382E-4	7.12719074896857E-7	0.021925271460348394	0.3779935247626056	0.05918742255025262	0.005480915893457586
81	81	2.021749522063146E-6	7.465149052556508E-7	1.037066714628999E-6	1.4795104084982288E-6	6.537663615611412E-7	0.31378136560402337	0.14723763988578914	1.5832930477103763E-6	3.717440207395999E-6	4.5867086201749554E-7	3.6950449959288653E-6	0.4962902720942703	0.04267466428676809	6.650721240393412E-7
82	82	2.2907660643049173E-6	8.458471204248582E-7	1.175060120141877E-6	1.6763759301473904E-6	7.407573384857638E-7	0.17402276488520724	0.6896841036489805	1.7939680182753888E-6	4.212087491676633E-6	5.197021856213625E-7	4.186712345115703E-6	0.10650255429587725	0.02977238232586089	7.535674599837637E-7
83	83	1.1966307527558137E-6	4.4184637279296146E-7	6.138178393721601E-7	8.756908976660071E-7	3.8695047275836747E-7	0.20727201851230653	0.670080167067767	9.371176453061818E-7	2.2002741809289587E-6	2.7147757568061933E-7	2.18701892924541E-6	0.10588586503216516	0.01675244492098049	3.93642114288205E-7
84	84	1.8118499235637795E-6	6.690111506228553E-7	9.293976465064814E-7	1.3259064940021817E-6	5.858918324433897E-7	0.13985322810430592	0.8143714190779011	0.008534633145973374	3.331492690919499E-6	4.110512985007526E-7	3.3114225676217755E-6	1.0746135371886945E-5	0.037217001489021614	5.960238219200351E-7
85	85	9.397239867219004E-7	3.469855960189767E-7	4.820362052432861E-7	6.876872749556552E-7	3.0387539354725196E-7	0.17273044946584581	0.7938567917542918	7.359262058462809E-7	1.727893437822881E-6	2.1319357632809138E-7	1.7174839794929993E-6	5.573530700412536E-6	0.033399721313111204	3.091303947593225E-7
86	86	2.4608817046664266E-6	9.086609654442861E-7	1.2623218043077204E-6	1.8008660600158786E-6	7.957670625045407E-7	0.034774338555032744	3.448042033438504E-6	1.927190708698641E-6	4.524883272996492E-6	5.582960304848187E-7	0.7913398032526365	0.17386368630230156	3.6754519042965096E-6	8.095284823719804E-7
87	87	1.7176638814211321E-6	6.34233704871429E-7	8.81084436475841E-7	1.2569814228375315E-6	5.554352079162294E-7	0.06337191651965553	2.406689135535672E-6	1.3451544081395646E-6	3.1583105156719585E-6	3.8968347193858813E-7	0.6919660437745058	0.24314848454669155	2.5654183100062458E-6	0.0014986445046523806
88	88	2.9262757994274664E-6	1.0805040274881637E-6	1.5010480755863907E-6	2.141440102318565E-6	9.46259989894219E-7	1.3298447462813505E-4	4.100124739326898E-6	2.2916548654299235E-6	5.380614757668171E-6	6.638791941222532E-7	0.8516690336042138	0.14293964046294627	0.0052363470327350895	9.626239255712115E-7
89	89	1.6163287553019068E-6	5.968165168130557E-7	8.291040674073042E-7	1.182824672852559E-6	5.226668080831486E-7	2.9690430743683056E-6	0.003526512000080456	1.265795813554764E-6	2.971983145171219E-6	3.6669374490142007E-7	0.8393376900312866	0.1396402643506064	0.017482680655998405	5.31705429729751E-7
90	90	2.273505420178758E-6	8.394737650839147E-7	1.1662061848244944E-6	1.6637446410765386E-6	7.35175821890649E-7	4.176214461432209E-6	3.1855014554993506E-6	1.7804506870997331E-6	4.180349923901838E-6	5.157862927602906E-7	0.27453150726515946	0.7254438328408664	3.395595899705034E-6	7.478894206786983E-7
91	91	1.4985561559920368E-6	5.533299227240905E-7	7.686920127453767E-7	1.0966390278884732E-6	4.845830776792756E-7	2.7527059466742493E-6	2.099688337529808E-6	1.1735645377893018E-6	2.7554317913926003E-6	3.399748763877902E-7	6.80879445300846E-5	0.06039146789537823	2.2381697855658536E-6	0.9395246828246193
92	92	1.2798760509452202E-4	0.04416787076170699	1.471749902442611E-6	2.0996424517867836E-6	9.27790435538259E-7	0.6234704855145126	0.015643825814490434	2.246925251418779E-6	5.275593349390787E-6	6.509212829851643E-7	0.07307441612548994	0.2404946697878942	0.003007127933165635	9.438349721043396E-7
93	93	8.579780596691835E-7	0.05174491676548127	4.401042156087091E-7	6.278658437610474E-7	2.774414873098659E-7	0.6968887191394767	1.2021481601076626E-6	6.719085040643469E-7	1.5775852059176142E-6	1.9464801743540187E-7	0.07939566867665537	0.17196328206569284	1.2814338402679039E-6	2.822393596715361E-7
94	94	3.1454326010092348E-6	1.1614259306139234E-6	1.6134656731793258E-6	2.301818411053132E-6	1.0171279897220507E-6	0.8892541459518112	4.407194299938024E-6	2.4632831687959913E-6	5.783583719467646E-6	7.135989234960126E-7	5.748741308235946E-6	0.10138446531242132	0.009331998346276618	1.0347174653173792E-6
95	95	1.6466209340335063E-6	6.080016624945696E-7	8.446425947734815E-7	1.2049924009713986E-6	5.32462288313018E-7	0.7347930938237848	2.307147955515766E-6	1.289518532646493E-6	3.0276821137910102E-6	3.735660797676265E-7	3.0094422558751506E-6	0.2552080370175498	0.00998348341154134	5.416703059080053E-7
96	96	1.0177991257635663E-4	0.05353090829851928	1.1703834624785996E-6	0.013931426608333632	7.378091757285764E-7	0.4157079365020568	3.1969117225861944E-6	1.7868281501643604E-6	0.034928085847936025	5.176338070189855E-7	4.17004952077412E-6	0.4817841248877134	3.4077587119579494E-6	7.505683138327532E-7
97	97	1.220644355886724E-6	0.0346531290630993	6.261357394055748E-7	0.02358174811652227	3.947156710559527E-7	0.4498483017089595	1.7102947447640118E-6	9.55923422417902E-7	0.02560583626621282	2.769255008207033E-7	2.230907325465998E-6	0.46630134466246126	1.8230943867823104E-6	4.0154159830728096E-7
98	98	2.0787470547837087E-6	7.675607901560098E-7	1.066303889341004E-6	0.017768942085296606	6.721974625348456E-7	3.818461761645924E-6	2.912617541992857E-6	1.6279295352219548E-6	0.11322580519939324	4.716017949449002E-7	0.023754127106360923	0.8452339216527774	3.10471438207193E-6	6.838219591389844E-7
99	99	8.108914632841205E-7	2.9941521305192345E-7	4.1595090616892883E-7	0.006436367451844784	2.8315338201455526E-4	1.4895309356037532E-6	1.1361732035547396E-6	6.350335698139673E-7	0.11924011779610598	2.8307513232369165E-4	0.05304357579144085	0.8207074455935498	1.2111076153127795E-6	2.6674981344939093E-7
100	100	1.353658094424695E-6	4.998274677848218E-7	6.943658140615716E-7	9.906030486929241E-7	4.3772787752991484E-7	0.01664905665779674	1.8966657355491587E-6	1.0600904941440888E-6	0.31481156144399025	3.07102100567403E-7	0.3584940354059064	0.31003563939688117	2.021757165931726E-6	4.4529762676207535E-7
101	101	1.996056236180907E-6	7.370278641228242E-7	0.04404534914378761	1.4607081367645371E-6	6.454580098862809E-7	3.666566547580618E-6	2.7967560530877875E-6	8.860729292078398E-5	0.024550112336375073	4.5284187011960585E-7	0.7845323112043389	0.14676822677632456	2.9812114415912127E-6	6.566200937414372E-7
102	102	1.6293058487145517E-6	6.016082051768787E-7	8.357607335689718E-7	2.1434487624907815E-4	5.268631672519967E-7	2.992880767780527E-6	0.846573180404399	1.2759585669302471E-6	0.056559473765029906	3.696378359261012E-7	2.9777963874509585E-6	0.09663882171735431	2.4334510972160176E-6	5.359743576981362E-7
103	103	1.0938312809729448E-6	4.038884867636344E-7	5.610863267371708E-7	8.00462543791751E-7	3.5370855237976865E-7	2.009264624320517E-6	0.9074434731340643	8.566122774522941E-7	0.057146431184145814	2.4815563504304956E-7	1.9991377552175836E-6	0.035399776016361156	1.6336926139145956E-6	3.5982533218802376E-7
104	104	1.1110015333649028E-6	4.102284656768075E-7	5.698938951541068E-7	8.130276844549325E-7	3.592608393029883E-7	0.02282133654981179	0.6386026972548459	8.700588201337423E-7	0.0029574080919896224	2.5205102088572343E-7	2.0305189201380514E-6	0.3356101172512787	1.6593372585684222E-6	3.6547363634439514E-7
105	105	1.4700249036355412E-6	5.427949850786007E-7	7.540567615321567E-7	1.0757599405592733E-6	4.753570223047928E-7	2.700296734170767E-6	0.12269887691615004	1.1512208532697618E-6	0.0012206964538985588	3.335020398815953E-7	2.6866870029113652E-6	8.718761090013926E-6	2.1955569100234022E-6	0.876058322611708
106	106	1.239380438653299E-6	4.5763135375583734E-7	6.357465084883446E-7	9.069749932253897E-7	4.007742952952761E-7	2.276624663033853E-6	0.8277310009729849	9.705962141074346E-7	2.278879072125712E-6	2.811761239268765E-7	2.2651502759969295E-6	0.17225502731040174	1.851077678686543E-6	4.0770499601098215E-7
107	107	3.0100106903300612E-6	1.1114224689007048E-6	1.5440003143580633E-6	2.2027170514623087E-6	9.733370607003218E-7	5.52910499462701E-6	0.8525424513297524	2.357230184810523E-6	5.534580145964922E-6	6.828759858474917E-7	5.501237822797468E-6	0.14742361638032536	4.495603954772823E-6	9.901692476504576E-7
108	108	2.062852243866401E-6	7.616917578468631E-7	0.20285401362536098	1.509589260533008E-6	6.670576108431749E-7	0.18846363038187952	0.015295574351423941	1.615481829239879E-6	0.24513652191648344	4.679957663318171E-7	3.770166273248712E-6	0.3482356453222135	3.080974674086913E-6	6.78593222570673E-7
109	109	1.4370453432660357E-6	5.306175451356494E-7	0.143758252089186	0.019615743072490786	4.6469253248873726E-7	0.10490677224708601	2.013503021353075E-6	1.1253935645380218E-6	0.21783225085883068	3.2602002333178914E-7	2.626411999414929E-6	0.5138758390195277	2.146300260370919E-6	4.7272858895570726E-7
110	110	1.2789893455784578E-6	4.7225662710341834E-7	0.0744034814383004	9.359606758856277E-7	4.1358249467076044E-7	2.3493824794147632E-6	0.014056898486799578	1.0016151441369146E-6	0.5054284413198904	2.90162129010431E-7	2.337541386631973E-6	0.4060997682944416	1.910235594367383E-6	4.2073469112015163E-7
111	111	2.624819800837028E-6	9.691938014830947E-7	1.3464146857170269E-6	1.9208354810479524E-6	8.487791747791328E-7	0.9146808465797717	3.677742406847854E-6	2.0555755778870414E-6	4.8263202529872856E-6	5.954883864455826E-7	0.08516547333350821	1.5567883708118345E-5	1.1838357609620569E-4	8.634573477637151E-7
112	112	1.5152910301380077E-6	5.595091416882659E-7	7.77276251673541E-7	1.1088855600200133E-6	4.89994577799444E-7	0.9019796005214122	2.123136254335477E-6	1.1866701226307838E-6	0.013813273731455016	0.0023131048409120044	0.08187451127510004	8.987235822291796E-6	2.2631641706804805E-6	4.984681895328129E-7
113	113	2.3968352722281294E-6	8.85012330476465E-7	1.2294688605836565E-6	1.0627531055348627E-4	7.75056582472658E-7	0.7785836669175895	3.3583039567482376E-6	0.10285084950432351	0.05299671305697944	5.437659257141539E-7	0.014323800517037223	1.4215700740166907E-5	0.05111450208999811	7.88459850281783E-7
114	114	1.3561397516564312E-6	5.007437999481335E-7	6.956387927783049E-7	9.92419118223106E-7	4.3853036270492225E-7	0.8152282398156342	1.9001428870235213E-6	0.05878484108530508	0.04879184740767806	3.076651099062408E-7	0.017507507316946395	8.043304892401125E-6	0.059672883675732084	4.461139895351275E-7
115	115	1.2024032642349827E-6	4.439778266713635E-7	6.167788785362752E-7	8.799152047443096E-7	3.888171104331251E-7	0.5009086262432666	0.029102811265862515	9.416382732044736E-7	0.0034104509322292432	2.727871755035758E-7	2.1975690440950865E-6	0.42629930929913945	0.04027146283169265	3.9554103224445836E-7
116	116	1.3965255682219225E-6	5.156559409913494E-7	7.163549030808526E-7	1.0219733410940826E-6	4.515897887448767E-7	2.565285405525737E-6	1.9567291068359145E-6	1.093661306203337E-6	2.567825658574619E-6	3.1682737115335675E-7	2.5523561431483593E-6	0.036609037057088276	2.085781916858044E-6	0.9633737223764612
117	117	1.0680028873348433E-6	3.9435155816825777E-7	5.478375206699008E-7	6.528108945735731E-4	3.4535651136307576E-7	0.005218196485691501	1.4964225384671194E-6	8.36385283141445E-7	0.29038788464394943	2.422959914792782E-7	1.8824602775435888E-4	0.6340582873435681	0.06948929262331538	3.5132885701641745E-7
118	118	2.691361196046361E-6	9.937636815786186E-7	1.380547433301976E-6	1.9695302801483566E-6	8.702964425536366E-7	1.2230879083946922E-4	3.770976277947938E-6	2.107686152055682E-6	4.948671540972245E-6	6.105845191600675E-7	0.052584445503929475	0.8844787143208309	0.06279430262015676	8.853467196000698E-7
119	119	1.2640431262698116E-6	4.667378546890501E-7	6.48397359714602E-7	9.250230761515747E-7	4.0874938586579965E-7	5.7444384116898724E-5	1.771102537433069E-6	9.899103088629656E-7	2.3242269579877115E-6	2.867713057559244E-7	0.05655795052107808	0.8670837367045596	0.07629136761033063	4.158180020281145E-7
120	120	1.7980693571774023E-6	6.639227862641501E-7	9.223288347906449E-7	1.3158219156797197E-6	5.814356569140493E-7	0.07559083136154042	0.8576543725582764	1.4081223620693054E-6	3.3061540270512218E-6	4.0792492493441746E-7	0.06673045089933312	1.0664402425927488E-5	2.685507974789344E-6	5.91490584514988E-7
121	121	6.97677010861822E-7	2.576116783898473E-7	3.578769761687876E-7	5.105580033903715E-7	2.2560547484167532E-7	0.06985555310035674	0.8616789733523535	5.463719163972569E-7	0.012901200575419894	1.5828079219982955E-7	0.05552568518977427	3.456227723443854E-5	1.0420160763085396E-6	2.2950693270538485E-7
122	122	2.5478287364718804E-6	9.407654642964841E-7	1.3069217271157685E-6	1.8644936445115693E-6	8.238828325401805E-7	4.680120451909814E-6	0.01089194258822568	1.9952815525318306E-6	0.7430805700512685	5.780215551320922E-7	4.656532236286659E-6	0.2460034500701233	3.8053117155244536E-6	8.38130466193774E-7
123	123	9.449906237939565E-7	3.4893025980247534E-7	4.847377535537252E-7	8.310993899035691E-5	3.0557844831179446E-7	1.735858412290861E-6	0.010097577771726603	7.400506682339317E-7	0.6482224347464759	2.1438840928806566E-7	1.7271095343632266E-6	0.34158865364426916	1.41139152734554E-6	3.1086290092085844E-7
124	124	1.900914750330263E-6	7.018976283935253E-7	9.750839030262607E-7	1.3910838746787125E-6	6.146924267320321E-7	3.4918006351860182E-6	2.6634494249330287E-6	1.4886636923334996E-6	0.9999681281379678	4.3125728367478843E-7	3.4742016551721115E-6	1.1274381488112587E-5	2.839112796750115E-6	6.253224728500148E-7
125	125	5.480322118098548E-7	2.023565284480876E-7	2.8111591431589736E-7	4.0104837553643384E-7	1.7721533811350297E-7	1.006683348092059E-6	7.678703524901022E-7	4.2918055941688627E-7	0.9999908113675057	1.2433113215116158E-7	1.0016095761404534E-6	3.250395222955126E-6	8.185139629803511E-7	1.8027997196132106E-7
126	126	0.31209468407091334	6.715580612029555E-7	0.10064790780122763	1.330954190553508E-6	5.881223096266999E-7	0.08558102871584582	0.3224852904829362	1.4243161147229488E-6	3.3441756095436952E-6	4.1261616165757867E-7	0.17401393305560028	0.005166069446182622	2.7163919754022006E-6	5.982928713620761E-7
127	127	0.13819731708463925	1.0905236069754072E-6	1.5149673855795934E-6	2.1612978064793083E-6	9.550347162655627E-7	5.4251373269880115E-6	4.138145445116215E-6	2.3129055202145077E-6	0.1671781090257898	6.700353862198417E-7	0.5871704527676979	0.10743047045434612	4.411069937375688E-6	9.715503957121928E-7
128	128	0.10931665451700706	7.265299967345191E-7	1.0093034599689015E-6	1.4399025186065012E-6	6.362644190841612E-7	3.6143417522091334E-6	2.75692041648306E-6	1.5409067986242985E-6	0.15084758931445233	4.463918101804942E-7	0.6085277401090033	0.1312922594823379	2.938748511905956E-6	6.472675156312488E-7
129	129	0.042941293721548146	9.181195879962259E-7	1.2754618267584398E-6	1.8196120092489465E-6	8.040505263813192E-7	0.016486129830361077	3.483934109116666E-6	1.9472516227165255E-6	0.03611220533168108	5.641075615458237E-7	0.8286367787902118	0.07580824812257766	3.7137111820608528E-6	8.179551944802278E-7
130	130	0.050260792427971865	6.897194759778053E-7	9.58165879786394E-7	1.366948116466135E-6	6.040273129622865E-7	3.431216757109767E-6	2.6172377100955897E-6	1.462834892509116E-6	0.039428587702725594	4.237748293701609E-7	0.8104998462122321	0.09979581540590661	2.789853265209343E-6	6.144729243185972E-7
131	131	0.3367465233148375	8.789489829323639E-7	0.05543321004341418	1.7419801796750808E-6	7.697465576695629E-7	0.0348829274708273	3.3352957303684628E-6	1.8641741834911388E-6	4.3769257203024286E-6	5.400405066700262E-7	0.4769893495181935	0.0025054436551340256	0.09342825582773463	7.83057997751373E-7
132	132	0.14970180931398142	7.912300698761243E-7	0.05494704418000413	1.568130945084898E-6	6.929260223726332E-7	0.03654112072334789	3.0024339581038585E-6	1.678130014490799E-6	3.940109506656076E-6	4.861445841861147E-7	0.2404391484660954	1.2709303026235574E-5	0.5183453039994604	7.049089836941699E-7
