0	0	1.5071312342285741E-6	4.512686360260382E-7	0.7778558383318893	1.7201721522008068E-6	3.6389037065792546E-6	0.18721271634219125	2.6588374694196986E-6	0.034921469012721036
1	1	2.0301322933857193E-6	6.078667936687747E-7	0.9999769348909229	2.3171021587600137E-6	4.901667326288816E-6	6.009132958507136E-6	3.5815008586798734E-6	3.617706687861095E-6
2	2	7.014316328095773E-7	5.358111553940773E-5	0.9999386596757752	8.005826792179559E-7	1.6935765848215457E-6	2.076217375876533E-6	1.2374454627403042E-6	1.249954949911436E-6
3	3	2.8116982562168935E-6	8.418850383982915E-7	0.990447780998659	3.209146576549777E-6	0.009527062947391054	8.322545636980225E-6	4.960316995990081E-6	5.010461445741163E-6
4	4	0.0013867175619223515	1.8489957154442992E-7	0.9940726924066945	7.048109895814631E-7	0.004465202974045137	1.8278447201820838E-6	1.0894129785558867E-6	7.158008907825881E-5
5	5	1.4740835771645578E-6	4.413734319532699E-7	0.3189401384750665	1.6824530351883452E-6	3.559111556398277E-6	0.6024224404427048	2.60053574566615E-6	0.07862766352488242
6	6	2.9608747498278973E-6	8.865518008341731E-7	0.3017944881464174	3.3794099512611076E-6	7.148905056951134E-6	0.29840458364560896	5.223489864922496E-6	0.3997813289765499
7	7	1.391520095660745E-6	0.7582535512103801	0.10276474444761573	1.5882187718102792E-6	3.359765572419587E-6	0.03902056514634935	2.4548796320892584E-6	0.09995234481158285
8	8	2.5923521490040165E-6	7.762079318719703E-7	0.39224648776689813	2.958794744703912E-6	6.259123047501475E-6	0.24400464233577862	4.5733529178901E-6	0.3637317100665323
9	9	1.9606262483357108E-6	5.870551367719308E-7	0.5016362600964742	2.237771069078339E-6	4.733847962441843E-6	0.2152749946090115	3.4588802980193216E-6	0.28307576711379967
10	10	1.8998326036298175E-6	5.688521664516175E-7	0.026610702318519593	2.1683839233017505E-6	4.587064315449104E-6	0.9733733364066303	3.3516299028476276E-6	3.3855119384883796E-6
11	11	1.3092479464266712E-6	3.9201797533329486E-7	0.021924749450981783	1.494317022048852E-6	3.1611229977075376E-6	0.9780642510187016	2.3097374785028715E-6	2.333086896498255E-6
12	12	3.1443472763309164E-6	9.41487558851057E-7	0.16366725931914544	3.588817283294778E-6	7.591891600912602E-6	0.8363063237265366	5.547166806250713E-6	5.603243792338854E-6
13	13	1.3054764848443594E-6	3.9088871579343426E-7	0.21118864981722693	1.490012444557756E-6	3.152016965519093E-6	0.7860190824377122	2.303083974719135E-6	0.0027836262664754385
14	14	3.480328508968666E-6	1.0420878178990953E-6	0.20551839799424035	3.972291228310177E-6	8.403103872956293E-6	0.7944523623349622	6.1398952097704715E-6	6.201964159612212E-6
15	15	1.2863736371695293E-6	3.8516889802398424E-7	0.21323698489032342	1.4682093090034747E-6	3.1058939593525203E-6	0.7867522077558373	2.269383281629556E-6	2.2923247541248847E-6
16	16	1.2606467446250868E-6	3.7746569378798326E-7	0.9999856773104061	1.4388457850365228E-6	3.043777481030939E-6	3.731477956802313E-6	2.2239966395672207E-6	2.2464792929600393E-6
17	17	6.661622566447494E-7	1.994638065357163E-7	0.9999924314759375	7.603277914375394E-7	1.6084201891871454E-6	1.971821041002909E-6	1.1752242462062964E-6	1.1871047315074946E-6
18	18	2.1652573741448494E-6	6.483262503519163E-7	0.9999753996832239	2.4713278795909626E-6	5.227921036688427E-6	6.409099295162197E-6	3.819884630193063E-6	3.858500310007174E-6
19	19	7.045526605924349E-7	2.1095874793995848E-7	0.9999919953078822	8.041448806748612E-7	1.7011121725059122E-6	2.0854555279789794E-6	1.242951489968523E-6	1.255516638240729E-6
20	20	1.8699628711147151E-6	5.599085037204472E-7	0.9999787546369598	2.1342919471690514E-6	4.5149451277531695E-6	5.535036094253733E-6	3.298934581956512E-6	3.3322839141686973E-6
21	21	6.194420882076365E-7	1.8547474824623417E-7	0.9999929622816316	7.070034817381333E-7	1.4956163468695673E-6	1.8335306917004765E-6	1.0928018720977948E-6	1.1038491395622723E-6
22	22	9.354296433006625E-7	2.8008845523441157E-7	0.32090183589206345	1.434190958219173E-4	2.2585547422439283E-6	0.6789479537406019	1.6502580061561506E-6	1.6669406656984565E-6
23	23	1.3088567850010695E-6	3.919008528963177E-7	0.24798600601452447	1.4938705679006968E-6	3.1601785552269054E-6	0.752002997741467	2.3090474027938944E-6	2.3323898447297357E-6
24	24	3.4474627955999173E-6	1.0322470918182445E-6	0.296830011233326	3.934779773690186E-6	0.10703215322170093	0.4997170552276925	6.081914465838265E-6	0.09640628391315371
25	25	1.530117470979934E-6	4.5815122691830856E-7	0.37705171057558073	1.746407614279743E-6	0.1088608846354011	0.4428262649847857	2.6993891255511904E-6	0.07125470573879475
26	26	1.4407147530647557E-6	4.3138206332171334E-7	0.6463422308738765	1.6443673524922746E-6	0.24232347732250034	0.11132566631057152	2.541667428288041E-6	2.567361454444994E-6
27	27	3.187820308213076E-6	9.545043521838687E-7	1.420876280186321E-4	3.63843545662771E-6	7.696855371325867E-6	0.999831130182848	5.623860675671266E-6	5.680712969443268E-6
28	28	2.3823037439025773E-6	7.133147642984852E-7	0.050135774925719766	2.7190548940102656E-6	5.751970184814027E-6	0.9498442103610047	4.20279157778131E-6	4.245278110649409E-6
29	29	1.9498635419855342E-6	0.6783152015544064	0.2008959284275186	2.2254869976415443E-6	4.707861869697553E-6	0.12077307224528364	3.4398930417895367E-6	3.474667340271378E-6
30	30	2.9013923306872124E-6	8.687414406322725E-7	0.05090491699900707	5.552201720742297E-4	7.0052873078318095E-6	0.9485187985583736	5.118552696087341E-6	5.170296769838011E-6
31	31	0.9519783894563628	0.0479819091838412	1.5621593292226134E-5	2.73143283486595E-6	5.778154851739335E-6	7.0836510206892166E-6	4.221923926191467E-6	4.264603870304099E-6
32	32	1.4056589356999638E-6	4.2088557135889843E-7	0.11594828914819928	0.00406589062367039	3.393903195114255E-6	0.879975615065663	2.4798229660316727E-6	2.5048917989736555E-6
33	33	2.1104934170170297E-6	6.319287026963473E-7	0.08970044972593748	2.4088227494097733E-6	0.0084358035617296	0.9018511112851846	3.7232716359970604E-6	3.7609106432645013E-6
34	34	0.008491076827459984	4.4249011245248063E-7	0.14360193723414208	1.6867096631573608E-6	3.5681161547311602E-6	0.847896048036553	2.6071151347830583E-6	2.633470779790645E-6
35	35	6.444716037681273E-7	1.9296914229159183E-7	0.7234481158216837	7.355710508206431E-7	0.03234150439523752	0.2441329657546396	7.469256477114563E-5	1.1484518711833228E-6
36	36	2.622091426069813E-6	7.851125333380474E-7	1.711604712841461E-5	2.9927378248241725E-6	6.33092725611182E-6	0.9999608546846857	4.625818093038876E-6	4.672581052565767E-6
37	37	5.826694912528842E-7	0.011593678234267187	3.803451845125785E-6	6.65032885011667E-7	0.9883974796777543	1.7246848667014664E-6	1.0279287167874619E-6	1.0383201736093368E-6
38	38	1.1588789064903331E-6	3.4699413798488463E-7	9.574244015586735E-5	1.3226925283238212E-6	2.7980634018660527E-6	0.9998945213416587	2.0444607537271133E-6	2.0651284569437025E-6
39	39	2.7319190117911365E-6	8.179973569558543E-7	0.1643378344594989	3.1180901167882937E-6	6.596101250047747E-6	0.8356392135656101	4.819572753190436E-6	4.86829440221799E-6
40	40	7.588186896870288E-7	0.9999866526890475	4.953288937782142E-6	8.660816980793649E-7	1.832135171650861E-6	2.246081406904238E-6	1.3386860538847025E-6	1.3522189945446968E-6
41	41	1.2518807747816648E-6	3.748409673110542E-7	0.16708387379064482	1.4288406993019653E-6	3.0226124229188512E-6	0.832905608644235	2.2085319683122164E-6	2.2308582874563793E-6
42	42	3.238885327137894E-6	9.697943554135088E-7	0.057812001883571454	3.6967187842577954E-6	7.820149668744613E-6	0.9421607869090749	5.713948109738299E-6	5.771711108373403E-6
43	43	8.383199339625433E-7	0.9999533609156783	3.736562272051137E-5	9.568208609088396E-7	2.0240875152169535E-6	2.4814027939758107E-6	1.4789398568346638E-6	1.4938906403019036E-6
44	44	1.5768393993150765E-6	4.721408121604312E-7	0.05580090832861979	1.7997339326480113E-6	3.8072110805830514E-6	0.9441858439952434	2.781814604421054E-6	2.809936307683362E-6
45	45	2.6568106872977897E-6	7.955082529027078E-7	0.7195828587168529	3.032364836031275E-6	6.414755422832048E-6	0.2803948203241722	4.6870688126623505E-6	4.734450963187489E-6
46	46	8.390960205757287E-7	0.7025595376512147	5.477309788151125E-6	9.577066514421244E-7	2.025961343049068E-6	0.29742818669234483	1.480309006461311E-6	1.4952736308291849E-6
47	47	5.433969745348155E-5	4.167182705900506E-7	0.8116483072546966	1.5884710506247647E-6	3.3602992505819433E-6	0.18828705219950906	2.4552695746678757E-6	2.4800901943806524E-6
48	48	6.603526328333367E-5	5.064087950976691E-7	0.9319692010957661	1.930358632117105E-6	4.083538483314658E-6	0.06795224573481376	2.9837187248521178E-6	3.0138815015034202E-6
49	49	1.1522745861010884E-6	0.9759567297227186	0.023679823099272447	1.3151546525504447E-6	2.7821175536226777E-6	3.541114620921634E-4	2.0328096021139197E-6	2.053359522417223E-6
50	50	1.4279570790325332E-6	0.7993498128304712	0.20063439116539705	1.6298063142106167E-6	3.447741105562879E-6	4.226711714751118E-6	2.519160707593026E-6	2.544627210564291E-6
51	51	2.99256179602935E-6	8.960396077313227E-7	0.8714291040689502	3.4155761279173425E-6	7.225412070576948E-6	0.12797650309820593	5.745304819931793E-4	5.332761248419804E-6
52	52	1.0884328793251785E-6	3.259010295214107E-7	0.8787427380870273	1.2422885851166417E-6	2.6279744915288746E-6	0.1212481175408265	1.920181903720834E-6	1.939593256878687E-6
53	53	1.0311727158635134E-6	3.087560621309634E-7	0.8437338110535642	1.1769343967220005E-6	2.489722283408035E-6	0.15625752564046644	1.8191651742819417E-6	1.837555336996228E-6
54	54	3.7323661442881463E-6	0.0018470607530763157	0.08933961524514233	4.259955707511966E-6	9.01163793059658E-6	0.9087830844126757	6.584532739185338E-6	6.6510965840648785E-6
55	55	1.0576019031901164E-6	0.00104644824699096	0.21096335980986558	1.2070994885282168E-6	2.5535344223515156E-6	0.7879816232642536	1.8657907845502157E-6	1.8846522912477802E-6
56	56	1.461461784785443E-6	4.3759418638940077E-7	0.17248209484507257	1.6680470861453433E-6	3.528636780195033E-6	0.8020406267581082	2.5782687434657717E-6	0.025467604388238266
57	57	2.560034443848537E-6	7.665312916472922E-7	0.3847268603587752	2.921908762137207E-6	6.181093334887495E-6	0.6152516317392622	4.516338954247425E-6	4.5619951758020535E-6
58	58	1.1689805527316244E-6	3.5001879570373173E-7	0.5045112008457019	1.3342220953323288E-6	2.8224533933380313E-6	0.49547897806802926	2.062281786772663E-6	2.0831296449867633E-6
59	59	3.339166938143724E-7	9.998209017349762E-8	0.9999962062447896	3.81117572782871E-7	8.062275316268359E-7	9.883837702267625E-7	5.890862036528853E-7	5.950413479636233E-7
60	60	5.448873564046115E-7	1.6315140216598456E-7	0.9999938093264409	6.219100469066226E-7	1.315607145454593E-6	1.6128508386929378E-6	9.612745638326437E-7	9.709922056894172E-7
61	61	1.8699628711147151E-6	5.599085037204472E-7	0.9999076130214072	2.1342919471690514E-6	4.5149451277531695E-6	5.535036094253733E-6	3.298934581956512E-6	7.447389946681765E-5
62	62	5.15368712318835E-7	1.543128631247944E-7	0.9999941446990409	5.882187873972475E-7	1.244335645708981E-6	1.525476504693031E-6	9.091986230258704E-7	9.183898228429242E-7
63	63	0.01187608189657419	1.0382386557657445E-6	0.9872964826596876	3.9971143287928664E-4	8.372065309147337E-6	4.060174346785294E-4	6.1172162649269964E-6	6.179055950548118E-6
64	64	1.2948014071639684E-6	0.7791449017440846	0.22079151527178045	1.4778283885635957E-6	5.238618517156715E-5	3.832574771535897E-6	2.2842513104620523E-6	2.3073430856749877E-6
65	65	1.6781132814131347E-6	5.024644665320724E-7	0.7317134340367784	1.915323410043134E-6	4.051732524088881E-6	0.268272467443561	2.960479067263094E-6	2.9904069113802165E-6
66	66	6.966169256921591E-7	2.0858261228369982E-7	0.7710115827089411	7.950873879544682E-7	0.001114781617874804	0.22786946505964703	1.228951495262664E-6	1.2413751158801635E-6
67	67	1.130323639167329E-6	3.3844405538852284E-7	0.32635323485879153	4.4292585541609843E-5	0.003012903048170598	0.6705840924126106	1.9940843744288887E-6	2.0142428166804224E-6
68	68	2.742465343636102E-6	8.211551634418912E-7	0.24165880091035521	3.1301272280468E-6	0.006266748484776607	0.752058031590823	4.838178287756695E-6	4.887088022403355E-6
69	69	8.600161308642315E-7	2.5750797111848115E-7	0.36956443427969576	9.815839292278719E-7	0.0065785548166855294	0.6238518620265455	1.5172156618581348E-6	1.5325533801086218E-6
70	70	1.2998598579137336E-6	3.892069726801028E-7	0.008959367315346804	0.0034631507931749184	0.05395569425164711	0.9336154890404449	2.2931752834281977E-6	2.3163572721727168E-6
71	71	1.3918148238469928E-6	4.167403361391666E-7	0.17977691531167928	1.5885551613740665E-6	0.03971643044561393	0.7804983215112854	2.455399583057756E-6	2.480221517041209E-6
72	72	0.012584231872938972	9.707512944633493E-7	0.7871964263515231	3.700366500437198E-6	0.2001935771981619	9.59646695432383E-6	5.719586315451137E-6	5.7774063113957445E-6
73	73	3.32522689570337E-7	0.8284516594010067	0.17154466224629233	3.7952651871526234E-7	8.028617681847398E-7	9.8425755792305E-7	5.866269415578571E-7	5.925572248880069E-7
74	74	4.2503965879726074E-7	1.2726633403002167E-7	0.39472172144012485	4.851212475987307E-7	1.0262400212495112E-6	0.007892402968106876	7.498427111942703E-7	0.5973830620817954
75	75	1.5548267552699796E-6	4.655497365938484E-7	0.43052168837201477	1.774609685719331E-6	3.7540624959156293E-6	8.327365575573805E-4	2.742980532471069E-6	0.5686352830412218
76	76	1.980122519042249E-6	5.928927541535634E-7	0.3525693684051711	2.2600232400767865E-6	0.014091972122003396	0.08128970766173366	3.493275056678163E-6	0.552040625497522
77	77	1.9191132451218385E-6	5.746252196471244E-7	0.041556077617571796	2.1903899847633583E-6	0.16428053571587337	0.7941518970237051	3.3856442546632967E-6	3.4198701455368525E-6
78	78	1.869563859734634E-6	5.59789030832381E-7	0.018433950593983485	2.13383653343411E-6	2.1789328794413277E-4	0.8511755863356516	3.2982306575841742E-6	0.13016470836233923
79	79	2.0237238848005156E-6	6.059479735052322E-7	0.1573835521509514	2.3097878879534407E-6	0.1317371049849984	0.18886579886857668	3.5701953290227878E-6	0.5220050343403982
80	80	3.6009568678687566E-6	1.078206633401427E-6	0.47786640358616694	4.109971039485896E-6	8.694355870361013E-6	0.4067525061377347	0.010692059709312283	0.10467154707637495
81	81	2.3174032554754914E-6	6.93882113561268E-7	0.5953880814162774	2.644980380576372E-6	5.595270739846974E-6	0.3277132523075564	4.088296007326292E-6	0.07688332644366948
82	82	1.0252116588409592E-4	7.862105412469298E-7	0.36023997895912785	2.9969232755224274E-6	6.3397812839136875E-6	0.5760046910621954	0.02907419583200378	0.03456849006568821
83	83	1.3716240902947563E-6	4.106947811247444E-7	0.3692009589209198	1.5655103615581823E-6	3.311727521035512E-6	0.5763088668008585	0.031155441300806583	0.02332807342066121
84	84	2.076809485950538E-6	6.218429840255699E-7	0.09474771077697733	2.370377417721794E-6	5.014367405206476E-6	0.8281991444485041	0.04014123707327185	0.03690182430395382
85	85	1.0771482218272682E-6	3.2252215190183203E-7	0.1375750712877593	1.2294087819952068E-6	2.600728170130963E-6	0.803856233854622	0.017991882277626603	0.04057158277266618
86	86	2.8207502728836114E-6	8.445954136607123E-7	0.23364045055445157	3.219478143328908E-6	0.6778004671435165	0.08854219459971109	4.9762863028033665E-6	5.026592188225536E-6
87	87	1.96885030847336E-6	5.895176034215673E-7	0.29386017993254543	2.2471576433231825E-6	0.5971372795365433	0.10899075311454788	3.4733889477958856E-6	3.508501860478586E-6
88	88	3.3541985972175213E-6	1.0043217150240809E-6	0.19079656254050117	3.828332190884402E-6	0.7318426928823136	9.928330979014016E-6	5.9173804560700764E-6	0.07733671201324703
89	89	1.8526965697643678E-6	5.547385887968978E-7	0.20195084367145347	2.1145849634108807E-6	0.6962526310266675	5.483928340904885E-6	3.268473870940796E-6	0.1017832508795452
90	90	2.6059738284399913E-6	7.80286565875334E-7	0.760243317684315	2.974341920092367E-6	0.22287910601721075	7.713607272051056E-6	4.597383892007182E-6	0.016858904704995892
91	91	1.7177015887983865E-6	0.7779794832963747	0.222001515557308	1.9605077326623465E-6	4.147316793865579E-6	5.084347095880281E-6	3.030319617731607E-6	3.060953488495088E-6
92	92	3.28873010410488E-6	9.847189910418236E-7	0.3225750625570936	0.11511209625606135	0.005888475393824649	0.5131176836700766	0.043296548139079155	5.860534769558398E-6
93	93	9.834480101841327E-7	2.9446622303297544E-7	0.23328700880980574	0.1299049245138534	4.1393607786579595E-4	0.5873761219188556	0.03681778946875109	0.012198941296635226
94	94	3.60540220690163E-6	1.0795376668486006E-6	0.23485063775298684	0.11453719391023888	8.705088950743363E-6	0.6180778016683137	6.360546621505868E-6	0.03251461609301457
95	95	1.8874184912041821E-6	5.651351048881912E-7	0.331395645008897	0.0899747015105792	4.557090973583718E-6	0.5464469952591139	3.329729283633295E-6	0.032172318847556614
96	96	2.6153082233314923E-6	7.83081491463199E-7	0.5352159117638868	0.09164048855320815	3.0480804643384196E-4	0.37282611890204537	4.613851362343026E-6	4.660493348729178E-6
97	97	1.3991493399104366E-6	1.0687853089593873E-4	0.5215014565079067	0.07090368682511784	3.378186055353053E-6	0.4074782391700952	2.4683389248261763E-6	2.4932916641943747E-6
98	98	9.303248410950285E-5	7.134440879063911E-7	0.8930968754007449	2.719547857294621E-6	0.04669037346740607	0.06010783605447509	4.203553541779981E-6	4.2460477774351145E-6
99	99	9.294755948507003E-7	2.783056806081378E-7	0.8677733844905599	1.060861853367952E-6	0.0678252969263261	0.0643957538554203	1.6397540455494267E-6	1.6563305192723069E-6
100	100	1.5516143924638338E-6	4.645878836715366E-7	0.3472850224902179	1.7709432385537493E-6	0.29226245798453254	0.36044323008115076	2.7373133746281605E-6	2.764985209528625E-6
101	101	2.287952783045867E-6	6.850639866312389E-7	0.20865890189269104	2.6113669291449E-6	0.7644240965520402	0.026729216105086502	9.10801313131996E-5	9.112093517012436E-5
102	102	1.8675713543351845E-6	5.591924303682254E-7	0.08775972100645639	1.4423282584003923E-4	4.5091709130890865E-6	0.9120824874952504	3.2947155370069083E-6	3.3280222183789067E-6
103	103	1.2537916356039925E-6	3.754131215716411E-7	5.5884040600906056E-5	1.4310216703406167E-6	3.027226114395217E-6	0.9999335823403515	2.2119030538805224E-6	2.234263451740022E-6
104	104	1.2734728001182509E-6	3.813061002745206E-7	0.3493705087383341	1.4534848708578819E-6	3.0747454417598237E-6	0.6506187922930631	2.2466239968640367E-6	2.269335392972671E-6
105	105	1.6849980825337038E-6	0.8375289475224286	0.10373247021172495	1.923181413972769E-6	4.068355581024944E-6	0.05872493043007002	2.9726250348955956E-6	3.0026756640815183E-6
106	106	1.4206253054402382E-6	4.253668355683897E-7	0.16063647420639302	1.6214381559021183E-6	3.4300388527697053E-6	0.8393515905363028	2.506226204013134E-6	2.531561950509492E-6
107	107	3.4501778783123587E-6	1.0330600480124465E-6	0.10608055903494146	3.937878647608259E-6	8.330306468749422E-6	0.8938904546021061	6.086704336477572E-6	6.14823557329105E-6
108	108	2.3645165140593486E-6	7.079888717897654E-7	0.3503964391824611	2.698753345779943E-6	5.709023681459638E-6	0.5326400996919425	4.1714118597380015E-6	0.11694780943132357
109	109	1.6471957676646842E-6	4.932070747789775E-7	0.5349326343565894	1.8800355432950257E-6	0.05709322668111263	0.2874564540319091	2.9059352809300118E-6	0.1205107585567221
110	110	0.01941085157125105	4.389609459280352E-7	0.41859416311114245	1.6732569800077168E-6	3.939583326976932E-4	0.5084967762121242	1.1413451436386071E-4	0.05298800404049488
111	111	3.0086610215708164E-6	9.008600741818716E-7	0.076938576201914	3.433951063569582E-6	0.0191225357721413	0.844514732179554	0.05941145092407633	5.361450155098695E-6
112	112	1.7368836775328083E-6	5.200616311938546E-7	0.08075950604934677	1.982401310416301E-6	0.015995238419665023	0.8322663358018553	0.07097158524643982	3.095136073998385E-6
113	113	2.747338304805401E-6	8.226142364743751E-7	2.2697528772213206E-4	3.1356890078784506E-6	6.633330471517075E-6	0.8070135187541084	0.12783383109685675	0.06491233588929204
114	114	1.5544589550407395E-6	4.6543960901901634E-7	1.0146935560344963E-5	1.7741898949953762E-6	3.7531744580413778E-6	0.8332063408649728	0.10189830607094669	0.06487765886560312
115	115	1.3782407493614344E-6	4.126759561175097E-7	0.4738581492587281	1.573062320145871E-6	3.3277031604861994E-6	0.473224020054275	0.006766461627072928	0.04614467737773789
116	116	1.600750590974612E-6	0.819343642106559	0.18063865045438693	1.8270250968708285E-6	3.864943627014648E-6	4.738175519849095E-6	2.8239980393330044E-6	2.8525461800858964E-6
117	117	1.224186193921975E-6	3.6654859339826625E-7	0.7251097118197323	9.328658173586077E-4	2.9557450455772446E-6	0.15458083540491402	2.159673987257032E-6	0.11936988080417493
118	118	3.0849327254003234E-6	9.236975199018132E-7	0.8601839329431696	3.5210041734439724E-6	7.4484377166748825E-6	9.131311774792896E-6	5.442349368555007E-6	0.1397865153235516
119	119	1.4488945542503395E-6	4.338312778560216E-7	0.8418927131616544	1.6537034115496549E-6	2.2398758996635884E-4	4.288686036724697E-6	2.5560979976974565E-6	0.15787291803510126
120	120	0.006510093620283352	6.171133874187021E-7	1.3453538663719376E-5	2.3523488650487735E-6	0.11330747160816682	0.8801587030520097	3.635981024071625E-6	3.6727375998922502E-6
121	121	3.1223998887497E-5	2.394494527401856E-7	3.5644473168058025E-5	9.127474138034802E-7	0.12109062083705448	0.8788385225991775	1.4108163655781113E-6	1.4250784803600748E-6
122	122	2.9204115756197767E-6	8.744362258799264E-7	0.2272294147584353	3.3332270947973273E-6	0.0054512112172483826	0.7673018896543535	5.15210589962947E-6	5.204189166808779E-6
123	123	1.0831850354584194E-6	3.2432970826547367E-7	0.3277432403282841	1.2362989309487235E-6	0.009439504887630732	0.6628107698050307	1.91092380887832E-6	1.9302415708257737E-6
124	124	2.1788985203087805E-6	6.524107131269049E-7	1.4223047064967213E-5	2.4868972734316434E-6	5.260856998873118E-6	0.9999674711305764	3.843949946950337E-6	3.882808905987904E-6
125	125	6.281763263139015E-7	1.880899735347992E-7	4.1005037045023395E-6	7.169723502877778E-7	1.5167047900636342E-6	0.9999906219286933	1.1082105631370043E-6	1.1194135989393058E-6
126	126	2.0847158261831545E-6	6.242103182640889E-7	0.13206769346531602	0.20256462181680862	0.4882482457942375	0.14657430851529848	3.209248471046848E-4	0.03022149663509028
127	127	0.011723437989612616	1.0136347990449659E-6	0.1622997506015767	3.863832348672696E-6	0.62645142940311	0.19950849965957174	5.972252376637483E-6	6.032626604623955E-6
128	128	2.2553644152343857E-6	6.753063039831651E-7	0.18526552813092764	2.5741720243337865E-6	0.633839490639699	0.18088147846621289	3.978848874093183E-6	4.01907154284508E-6
129	129	2.8501124741062634E-6	8.533871102267053E-7	0.15117116639427913	3.2529908459545517E-6	0.8030455281769091	0.0457662419363408	5.0280862516216175E-6	5.07891578904682E-6
130	130	2.1410940556107707E-6	6.410912149753736E-7	0.15991335824258865	2.4437489490352874E-6	0.7836180348589995	0.05645578826664564	3.777256400318433E-6	3.81544114615541E-6
131	131	0.11802873313617998	8.169784127887685E-7	0.07652191400605911	3.114206045880323E-6	0.1406620287470165	8.076328494681552E-6	0.1694141711243374	0.4953611454734537
132	132	0.0522382694987023	7.354444807775053E-7	1.603324601098961E-5	2.803410240214989E-6	0.16091839997087126	7.270315988012972E-6	0.01906713444910696	0.7677493536645994
133	133	2.932376085195415E-7	8.7801866634317E-8	0.022336324023000946	3.3468828506594153E-7	0.9634370900685068	0.014224830308399038	5.173213342458907E-7	5.225509987353227E-7
134	134	2.611670245936986E-6	7.819922000601496E-7	0.33058586378820165	2.980843556129825E-6	0.47703091787755286	0.03299506044582347	4.607433347514764E-6	0.15937717594907239
135	135	6.801769374425813E-7	2.0366011389392395E-7	0.35959016910595787	7.763235209950609E-7	0.30915324748913936	2.013304091422623E-6	1.1999485419948482E-6	0.33125170999169695
136	136	3.1621259050875722E-6	0.5456871126748257	0.17072801980022606	3.609109014629753E-6	7.634817337312462E-6	0.028520740160651006	0.2550440863866356	5.634925404598067E-6
137	137	1.6866198875030579E-6	5.05011533728497E-7	0.29068499070317516	1.9250324695950166E-6	6.823871309679072E-5	0.07790305261517365	0.6313365957389343	3.0055657292773454E-6
138	138	2.3430179781778206E-6	0.6962631910817743	0.13889340966862046	2.674215878904722E-6	5.657116388897049E-6	0.014982239098739409	0.12729421606687766	0.022556269733742213
139	139	1.5183619342679584E-6	4.546313575815931E-7	0.38998256622935984	1.7329903706934766E-6	3.6660197500084208E-6	0.15585491987097255	0.3966760931590698	0.05747904873718528
140	140	2.608818927626794E-6	0.7505364722076786	0.12060693481103917	2.977589188996519E-6	6.298881378033664E-6	7.722028683477956E-6	0.12883233673371533	4.648929388810466E-6
141	141	2.212461032737177E-6	6.624600763549994E-7	0.48088766491041296	2.525204023319135E-6	5.341892245243231E-6	0.012716483468008653	0.5063811669867168	3.942617484014676E-6
142	142	3.590136493165824E-6	0.47162766075030343	0.08019858882611146	4.097621147971711E-6	0.3395579564604438	1.0626700337170122E-5	6.333615289478255E-6	0.10859114588987354
143	143	1.4330173140528784E-6	4.290772787582367E-7	0.08167774360901216	1.6355818400360398E-6	0.7760712323924402	3.858696777136087E-4	2.528087828317884E-6	0.14185912855657276
144	144	2.0499230616570174E-6	6.137925901759828E-7	0.2356933982952246	2.339690456101201E-6	0.6593162879710872	6.067713061035773E-6	3.6164151614514318E-6	0.1049756261993577
145	145	2.360270076061316E-6	7.067173937394002E-7	0.16730360190275848	2.6939066514613804E-6	0.5761307973560821	0.02613734850213149	0.19907980973766745	0.031342681607239235
146	146	9.74659563209847E-7	2.918347664027882E-7	0.4336238387442158	0.5490496822048155	2.353273700835087E-6	0.01731940296804408	1.7194662997725072E-6	1.7368485943995083E-6
147	147	3.102410127748989E-6	0.5785807145322458	0.0032070433554723106	0.06857858286040751	7.49063615483577E-6	0.014290732219777556	5.473182497865436E-6	0.3353268608033164
148	148	1.9213577448679267E-6	5.752972728273481E-7	3.78026429185561E-4	0.22550613775158307	4.639035845503745E-6	0.15182795405135852	3.3896039364013344E-6	0.6222773564730733
149	149	3.226164282722313E-6	0.49892884091722545	0.09354702248361497	3.682199553381532E-6	0.4074962383340691	9.5493531057199E-6	5.691506009956847E-6	5.749042138666963E-6
150	150	1.1251465407962763E-6	3.3689391690859584E-7	0.12581278285852382	1.2841919155192097E-6	0.8565840797168228	3.3304012666944934E-6	0.01759505577381399	2.005017199482128E-6
151	151	3.0452607432205817E-6	0.7864254526691102	0.08331970816841446	3.4757243481584666E-6	0.13022850526127297	9.013883853261726E-6	5.37236120142659E-6	5.426671056326463E-6
152	152	2.0301322933857193E-6	6.078667936687747E-7	0.3459495565721186	2.3171021587600137E-6	0.6539550448210008	6.009132958507136E-6	3.5815008586798734E-6	8.085287181762069E-5
153	153	2.61269450020473E-4	5.107136314353054E-7	0.2989637250058753	1.9467680587792247E-6	0.6829813313905111	0.0032495960456882843	0.014538581124568338	3.039501646197984E-6
154	154	3.1770317314345366E-6	9.512740121730296E-7	0.1827735569440182	0.6495496885262536	7.67080681554218E-6	0.1263167420711482	5.604827779577666E-6	0.04134260851824124
155	155	3.109383097539406E-6	9.310185055166993E-7	0.2620428679816323	0.6241259349089748	7.507472091242596E-6	0.08234225536248246	5.485484010123181E-6	0.03147190838920607
156	156	2.4146937966207704E-6	7.230130669936926E-7	0.11062191670350906	0.7025906874185776	9.769575138127045E-5	0.14938057530680945	4.25993317490818E-6	0.037301727179684135
157	157	2.6749256677709627E-6	0.4642570293230127	0.20100519680677956	3.0530404641649877E-6	0.27752218291709874	7.917702725152005E-6	0.05719717855229592	4.766731956018245E-6
158	158	1.8420499853823929E-6	5.515507644699411E-7	0.2474633974715534	0.009813258551999084	0.645858838898859	0.043665097142398177	0.053193731791439124	3.282543001362017E-6
159	159	0.10798840853458723	5.28868256424776E-7	1.152972805465498E-5	2.0159709189991275E-6	4.264645279901928E-6	0.8543562981437626	0.03763380656061782	3.1475485224611497E-6
160	160	0.09081946856913779	4.0451002255624324E-7	8.81862448501711E-6	5.293871909182459E-5	3.2618553626745704E-6	0.8718476484373708	0.03726505185147121	2.4074330579504667E-6
161	161	0.3287694913249961	8.327984774155007E-7	0.22476887722808478	3.174509892512712E-6	0.0660351760338298	0.31300853143276736	4.906779730422577E-6	0.06740900989222162
162	162	0.32652576832598074	5.773652497899024E-7	0.25339684751886277	2.200834591748023E-6	0.009981569269820433	0.34450266400512813	3.40178828557826E-6	0.06558697089208089
163	163	3.069083871177692E-6	9.189520201966841E-7	2.0033849185370056E-5	3.5029150004118606E-6	7.41017133809685E-6	0.19336605320200312	5.414389276893798E-6	0.8065935974373047
164	164	0.02063902523196331	6.911400914507252E-7	0.07334127454131431	2.6345281804926014E-6	0.08667978450279631	0.24360790859684417	4.072140239902057E-6	0.5757246093185701
165	165	3.4267882757633464E-6	1.026056680422572E-6	0.07224740646077706	0.13871770190214056	0.10873694061892393	0.21551192520473236	0.3999815246957086	0.06480004827276134
166	166	3.1909162298738302E-6	9.554313400355982E-7	2.082912595279178E-5	0.060701888761216	7.70433034135551E-6	0.06750589545282801	0.8501452738941456	0.021614262087946326
167	167	1.945533869862173E-6	5.82536142743101E-7	0.48837468087602526	2.2205453036167517E-6	0.021321498040142443	5.758724068067157E-6	3.4322547590637545E-6	0.49028988148968894
168	168	2.190337289317846E-6	6.558357351630117E-7	0.539743148704695	2.49995297253599E-6	0.02492097883297003	6.483335119770097E-6	3.864129893430516E-6	0.4353201788713248
169	169	1.6497804198647635E-6	4.939809771747623E-7	0.6259024147095859	1.8829855496625712E-6	3.983324045407769E-6	4.883302397389876E-6	2.539701202205418E-4	0.37383072179680416
170	170	1.7869492929869336E-6	5.350523907804618E-7	1.1664546861623118E-5	0.0776390980767698	4.31451240478581E-6	0.17513056320666176	0.7472088533023477	3.1843532705576336E-6
171	171	0.018596616245215376	1.5586532885292234E-7	0.04838493341834397	5.941365669626278E-7	0.6845514631130367	0.2484643912465949	9.183456226584759E-7	9.276292906108972E-7
172	172	1.6610399617599758E-6	4.973523346238906E-7	0.02276041942834236	0.8002814520332758	0.17694516317479647	4.9166303162258325E-6	2.9303588089934595E-6	2.959982163744577E-6
173	173	0.0030266366917944196	4.1771353911015264E-7	0.014339198387087132	0.8096517855162395	0.17297288519182447	4.129352386452654E-6	2.4611336144484482E-6	2.4860135144548737E-6
174	174	0.029548161429884475	4.174919576980051E-7	0.18487531952254135	0.43805761072295335	0.34750941914789135	4.127161919428304E-6	2.4598280750997953E-6	2.4846947772496487E-6
175	175	0.03356693668320339	5.139486409763535E-7	0.12284423798143303	0.511055292574796	0.3325218512194165	5.0806948983527E-6	3.0281428729879944E-6	3.058754738773264E-6
176	176	0.027177556154749517	6.217447347152651E-7	0.05657647150015888	0.6696725478847483	0.24648029433383267	8.514481226893596E-5	3.6632685391855426E-6	3.7003009678259712E-6
177	177	0.04514008181652413	4.954736984669911E-7	0.05270377721257476	0.6945167104664545	0.20762816888035335	4.898058855232983E-6	2.9192900401790395E-6	2.9488014993956437E-6
178	178	0.4566176689598531	3.147697954635822E-7	0.11459095696592139	0.09526797601343549	0.057954493987540205	8.310058772641005E-5	0.1868159232048653	0.08866956551086266
179	179	0.4813063775782811	3.169373460358838E-7	0.06029088392718468	0.11404544035257357	0.06991102573455402	8.367283045452727E-5	0.18830371409113114	0.086058568548475
180	180	0.621964468017493	7.023029602365621E-7	1.5310735793155826E-5	0.006159834389620995	0.08540275804115761	6.942691900874333E-6	0.16107180377830096	0.1253781800427732
181	181	0.6100328378423061	3.315715072284242E-7	2.178748254467254E-4	1.2639036433382311E-6	0.08459823411306543	3.277786009929499E-6	0.1763550491549505	0.12879113080307075
182	182	0.5190377014725912	5.512803296010005E-7	0.10648091275400766	0.20649572032840474	0.02697189560280342	5.4497413454486895E-6	0.10864354760758209	0.03236422121293584
183	183	0.5482348301263628	6.49717798951219E-7	0.1259070730637653	0.2303245850523992	0.008755828207518706	6.422855599402746E-6	0.08676674419447288	3.866782082801173E-6
184	184	0.00332921112935001	2.183023010194636E-7	0.08513068760827378	8.321374653508419E-7	0.8914802029738961	2.158051016500838E-6	1.286219097171196E-6	0.020055403578600133
185	185	1.4923281488426766E-6	4.468362627864973E-7	0.02482029798728842	1.703276572924656E-6	0.944394447089667	4.41724822236235E-6	2.632722292988371E-6	0.03077456251154461
186	186	1.606485952651419E-7	4.810176500781406E-8	3.1607551994921456E-5	1.8335711820525164E-7	0.965093141731178	4.755152024776063E-7	1.8618749898486373E-5	0.03485576434424768
187	187	1.4497834690250019E-7	4.3409743872429566E-8	0.17693081958895027	1.6547179790978064E-7	3.500439987810842E-7	4.2913171987859723E-7	0.8230677890232468	2.583521955160433E-7
188	188	1.1155011193377392E-6	3.3400586304398445E-7	0.19191449893468118	1.2731830630633661E-6	2.6933295957661646E-6	3.3018510977355414E-6	0.8080747953655735	1.98782900646068E-6
189	189	1.9282392918509747E-7	5.7735776115793384E-8	0.26719567725083687	2.2008060461431611E-7	2.9809047911261213E-5	5.707532616618816E-7	0.7327731286943994	3.4361328099914273E-7
190	190	2.0354774482380266E-6	6.094672519996534E-7	0.3548365778778239	2.3232028793325295E-6	1.597916096519739E-4	6.024954462502699E-6	0.6449890101786994	3.6272317826146965E-6
191	191	1.6016284376958875E-6	4.795632019858477E-7	0.07081459272947438	1.8280270318380985E-6	3.867063150262066E-6	2.4847274599963366E-4	0.9289263041321965	2.8541105076742124E-6
192	192	4.876052409835899E-7	1.4599986187031704E-7	0.07242491604063833	5.565308035278408E-7	1.9727950791111708E-5	0.0036930224197439126	0.923860274537753	8.689151672970785E-7
193	193	1.5303847330901245E-6	4.5823125114260174E-7	0.14806998280689057	1.7467126552933237E-6	0.8028346992711606	4.52989461266638E-6	0.01956548305149027	0.02952156964720635
194	194	2.816518756156065E-6	8.43328403370836E-7	0.0786685156727346	3.2146484794808067E-6	0.8492996261806245	1.1548958049311868E-4	0.04865232472843536	0.02325716934207345
195	195	1.3063199219353065E-6	3.911412596309989E-7	0.27642968034225246	1.4909751059126731E-6	0.7026357077164435	3.8666692426060874E-6	5.200272964922072E-5	0.020875554106124725
196	196	3.628295323529301E-6	1.0863923755032465E-6	0.2885195904638383	4.141173929482079E-6	0.6779051219813783	1.0739649373024747E-5	6.400933997800012E-6	0.033549291109784156
197	197	1.2909223706795481E-6	3.8653089007888503E-7	0.05314800787589058	1.4734010298928119E-6	0.13570058719413933	0.2334840143210194	0.5776619393240383	2.3004306217543528E-6
198	198	1.1034196110931901E-6	3.30388390575208E-7	4.918165394879386E-5	4.323833088073633E-5	0.15792742556931624	0.22375100088957625	0.6020218837238985	0.016205836024377727
199	199	7.985211940120134E-5	3.101553247592203E-7	0.14510752109161248	0.7638885048059947	0.09091707246111229	3.0660740209518274E-6	1.8274095139248E-6	1.8458830196744785E-6
200	200	2.2308630466840025E-6	6.679700489076992E-7	0.2943501249126154	0.5851090539869114	5.3863231184404815E-6	6.603290191196158E-6	3.9356242661265355E-6	0.12052199702980189
201	201	4.143179634976897E-5	3.1773063398255445E-7	0.22995815299695904	0.6693062286384184	2.5620907135814814E-6	4.4721811795398993E-4	1.8720426091534245E-6	0.10024221658636204
202	202	1.4104107214153734E-6	4.223083617634636E-7	0.13522794554708958	0.8647576400172103	3.4053761778645097E-6	4.174775002940488E-6	2.488205929386056E-6	2.513359506727445E-6
203	203	2.45184106247855E-7	7.341357851850632E-8	0.001036995398486509	0.6677833683078591	0.2858535427621883	8.467667789584051E-5	0.04524066133648663	4.3691939871111747E-7
204	204	2.254784006867782E-6	6.75132516799948E-7	0.17389463940895897	0.3997462498311008	0.041695449807203966	0.015275853148167418	0.3693808598507932	4.018037252007782E-6
205	205	0.006442416715973943	9.050036407186463E-7	0.14709089409954898	0.3600345799527304	0.07061065571119521	0.015302507775391626	0.4005126546310132	5.386110505898933E-6
206	206	0.936189514878441	7.479552847408707E-7	0.06378460244098867	2.8510996537070066E-6	6.0313016254957544E-6	7.393992894231089E-6	4.406890658372188E-6	4.451440453749357E-6
207	207	0.9828133103734872	4.1627135520797975E-8	0.017185249136855547	1.5867674724603294E-7	3.3566954502942336E-7	4.1150955214469665E-7	2.4526363862106094E-7	2.4774303866999806E-7
208	208	0.7888883202134637	3.950879231555433E-7	0.2110980079337922	1.5060192285195816E-6	3.185878195870124E-6	3.905684411897274E-6	2.3278253570907523E-6	2.3513576276577933E-6
209	209	0.8384251861058754	2.1395815025648973E-7	0.16154022457618805	8.155781776652728E-7	1.725298511497391E-6	2.9300491857547425E-5	1.2606237202730401E-6	1.2733675192776915E-6
210	210	0.893761122485353	3.689196893981794E-7	0.10622611120271411	1.4062696262026568E-6	2.9748648986623624E-6	3.6469955057502167E-6	2.173644288724641E-6	2.1956179240589937E-6
211	211	0.919550036882043	1.1849442911552562E-7	0.08043080684147265	4.5168398794659107E-7	1.6011332042823168E-5	1.1713894998277969E-6	6.981593731492502E-7	7.052171514391115E-7
212	212	0.0034854703629317043	6.375597387870742E-7	0.18066158697958162	2.430287461774023E-6	5.141102907280534E-6	0.012076484489346864	3.756449234780627E-6	0.8037644927687971
213	213	0.005368165100100516	3.462308918448057E-7	0.14403694738896375	0.01601436234358052	2.791908799071975E-6	0.014036830880909306	2.0399637706141218E-6	0.8205385161829845
214	214	1.752400386420989E-6	5.24707679193229E-7	0.25435375548889805	0.11853952007836355	4.231095552088556E-6	5.187054534747139E-6	3.091534236052492E-6	0.6270919376403499
215	215	6.87416747293729E-7	2.0582787410114143E-7	0.1464315381731868	0.12595053944842544	1.6597382450056979E-6	2.034733719497403E-6	1.2127208057941305E-6	0.7276121219409961
216	216	0.03180637630510814	3.617303449217553E-7	0.02661943569748405	1.3788648628895469E-6	0.036909781159697376	3.575924463059107E-6	2.1312852658534412E-6	0.9046569590327738
217	217	9.038427976921718E-7	2.706306506249777E-7	0.3516731273902348	1.0316057256640619E-6	0.06258498799376966	2.675348578325084E-6	0.5032086157828327	0.08252838740541046
218	218	2.229727600096194E-6	6.676300709274651E-7	0.05744355009640433	2.5449113106876986E-6	5.383581631366787E-6	0.043269210831032585	0.8992724398353499	3.97338660010363E-6
219	219	9.417640476022569E-7	2.819851168683144E-7	0.02014196016734503	0.019527797146731772	2.2738488896735262E-6	0.04815675955147992	0.9120608207632338	1.0916477315539362E-4
220	220	0.0031697098080529953	4.155960176407496E-7	0.034649378818056895	1.5841931812649243E-6	3.3512497175745234E-6	0.005284644777705714	0.9568884421461389	2.4734111290945657E-6
221	221	0.018670618459067947	1.28782364634228E-7	0.04077941525122106	4.909001416300222E-7	1.0384648668171428E-6	0.007250084171584822	0.9332974575251656	7.664455875339015E-7
222	222	2.49443906983618E-6	7.468905766996482E-7	0.23669548085299463	2.8470411373898444E-6	0.1017382201237854	7.383467607690788E-6	0.029233427484614865	0.6323193997002136
223	223	0.009874539144008432	8.828721187170107E-7	0.23200162540555314	3.3653835239812627E-6	0.021769489328079015	1.2090489329204123E-4	0.016046536467097562	0.7201826565063272
224	224	1.4621121373733785E-6	4.377889164292462E-7	0.02276024237177193	1.6687893694883402E-6	3.530207028617383E-6	4.327809701047085E-6	2.5794160767502697E-6	0.9772257515049985
225	225	1.6822721906030892E-7	5.037097365091542E-8	4.58988506808749E-5	1.920070202896746E-7	4.061774031903825E-7	4.979477100417879E-7	2.9678160949452425E-7	0.9999524896373835
226	226	3.273983299222975E-6	9.803034694378236E-7	0.18000584678802325	1.2829350844105315E-4	0.23953049745518923	7.570312784253271E-4	0.02815559693778352	0.551418479745369
227	227	2.8027041510205543E-6	8.391920031190484E-7	0.11549555040161316	3.1988811073316127E-6	0.22029855797608308	8.295923345347463E-6	0.01141405463063187	0.652776700291065
228	228	0.020863758831245915	8.334157917300197E-7	0.025008982286147396	0.0134516229448452	0.9404449066737229	2.200253744525778E-4	4.910416895292501E-6	4.960056898837014E-6
229	229	3.5237190637994268E-6	1.0550799157670112E-6	0.208885019254546	0.044109030690742554	0.6579640810017547	1.0430106664370936E-5	0.08902058086095066	6.2792863621665365E-6
230	230	0.005837155601744325	1.938197820120122E-7	0.13091932274025592	0.06225682723174201	0.7569745240625522	0.043467895479778494	5.42927549709181E-4	1.1535144359385904E-6
