0	0	0.21336060122319558	8.882138148869045E-7	6.981216666929068E-7	0.7866301185521339	5.484950994211182E-6	2.2089381947284416E-6
1	1	8.004244910514185E-6	1.196440260633373E-6	9.403826588288531E-7	0.9999794951226546	7.388329349404334E-6	2.975480166068372E-6
2	2	2.765545466287742E-6	4.13381896165168E-7	2.7010475731228012E-5	0.999966229798625	2.552740572548678E-6	1.0280577087902816E-6
3	3	1.1085749938125952E-5	1.0862672276551326E-4	1.3024147959581857E-6	0.9998646314036898	1.023271683259274E-5	4.12099197808885E-6
4	4	2.4347100240951854E-6	3.639300306726874E-7	2.860431073177661E-7	0.9999937628806997	2.24736245947225E-6	9.050736787560013E-7
5	5	0.7159882047251668	8.6873745615442E-7	6.828135643063634E-7	0.28400271854281484	5.364679420629593E-6	2.1605015773539463E-6
6	6	0.8448494371696844	1.7449665951146394E-6	1.371515469909676E-6	0.15513233109177044	1.0775621928328167E-5	4.339634551805255E-6
7	7	0.1462247180389183	8.200793683505876E-7	0.8537579034740784	9.45471291583141E-6	5.064203090940859E-6	2.0394916281380344E-6
8	8	0.6733212965752078	1.527780344502217E-6	1.2008105960166327E-6	0.326662740888963	9.434440423087463E-6	3.799504465662956E-6
9	9	0.5557106410949356	1.1554774164703182E-6	9.081865270413344E-7	0.4442772862601148	7.135373147809482E-6	2.8736078583875894E-6
10	10	0.9704859169573087	1.1196491619669819E-6	8.80026099530137E-7	0.02950238473807027	6.914124370921287E-6	2.7845049886771606E-6
11	11	0.9792124320498774	7.715929826962313E-7	6.064595822088536E-7	0.020779506201798636	4.764787066619699E-6	1.918908692586781E-6
12	12	0.8561698081833545	1.8530949213067345E-6	1.456502582283684E-6	0.1438108303330508	1.1443342425701022E-5	4.6085436654156834E-6
13	13	0.8053415117927748	7.693703043437268E-7	6.04712593038042E-7	0.1946504496818618	4.751061450517979E-6	1.9133810155509666E-6
14	14	0.8107446502926183	2.0511033521735063E-6	1.6121340005965808E-6	0.18923391939453177	1.266609591314051E-5	5.1009795839850766E-6
15	15	0.8008000790483673	7.58112206095685E-7	5.95863910231058E-7	0.19919200005299315	4.681539769878069E-6	1.885382753417123E-6
16	16	4.970374395094368E-6	7.429502849045302E-7	5.839468858447809E-7	0.9999872671415642	4.587910968661815E-6	1.847675901459558E-6
17	17	2.6264882533069163E-6	3.9259621931472764E-7	3.08574267109581E-7	0.9999932715927504	2.424383619532031E-6	9.76364890317213E-7
18	18	8.537006529997078E-6	1.2760751866002526E-6	1.0029744203069642E-6	0.9999781303203797	7.880095700067983E-6	3.1735277832685288E-6
19	19	2.7778507999476694E-6	4.152212447578035E-7	8.073926333382568E-5	0.9999124709335276	2.564099027824631E-6	1.0326320661033458E-6
20	20	7.851448823747142E-5	1.1020456725363687E-6	8.66190042068595E-7	0.9999099711317034	6.805418251701195E-6	2.740726092749122E-6
21	21	2.442283807702627E-6	3.6506212742067235E-7	2.8693291701821696E-7	0.9999937434785567	2.2543534509197243E-6	9.078891401965218E-7
22	22	0.6833624031788026	5.512864712029035E-7	3.6021194903588155E-5	0.31659624898399086	3.4043371400438706E-6	1.3710186917462108E-6
23	23	0.7644041518722982	7.71362455083271E-7	6.062783912403264E-7	0.23558778878797357	4.763363498736935E-6	1.9183353832769358E-6
24	24	0.7329194857831525	2.031734144424522E-6	1.5969101171468917E-6	0.2670592862771161	1.2546486024711335E-5	5.0528094451274535E-6
25	25	0.6348714460814152	9.017605609377289E-7	7.087691895897121E-7	0.3651191321549686	5.568605669441894E-6	2.242628196239804E-6
26	26	0.2376122624234954	8.490718216292977E-7	6.673566942136594E-7	0.6804361119374146	0.08194799761633256	2.1115942416448703E-6
27	27	0.9998374319809433	1.8787154723624106E-6	1.476639920281356E-6	1.4293884713519102E-4	1.1601555982650662E-5	4.67226054624812E-6
28	28	0.9673410729327268	1.403989838285046E-6	1.1035132639186246E-6	0.03264425791789051	8.67000189627145E-6	3.491644384289762E-6
29	29	0.15934961947556278	1.1491345001456614E-6	0.744709307494433	0.09592996985813254	7.096203992119696E-6	2.85783337942693E-6
30	30	0.9505112629925127	1.709911031273681E-6	1.3439623647391314E-6	0.048808579242288215	4.520873405606904E-4	2.2501655124251886E-4
31	31	9.43552064604066E-6	0.04388564163767555	1.1085367941331848E-6	1.6260315945987844E-5	8.709470399197778E-6	0.9560788445185391
32	32	0.8762347995156338	8.284119732836436E-7	6.511183881673532E-7	0.1155210061340057	5.115659090550316E-6	0.00823759916090864
33	33	0.9070740983640815	1.243800467536412E-6	9.776070140729566E-7	0.09291290617515165	7.680790927444467E-6	3.0932623579065898E-6
34	34	0.8569505835982175	8.709353763992459E-7	6.845410940056974E-7	0.1430403167054808	5.378252148986211E-6	2.165967682357482E-6
35	35	0.24982205942202548	3.7981303671097813E-7	2.985268927100895E-7	0.7399987734607834	0.010177544203433248	9.445738284914004E-7
36	36	0.9999660384648152	1.5453069762251542E-6	1.2145862445652738E-6	1.7815877817321603E-5	9.542671926001138E-6	3.843092220760713E-6
37	37	2.297299842537923E-6	3.4339054502800235E-7	0.9999904258336076	3.9589570797038755E-6	2.12052580109203E-6	8.539931240740203E-7
38	38	0.9998968123236742	6.8297429894611E-7	5.368067326777486E-7	9.605183264477567E-5	4.217543678378991E-6	1.6985189710790955E-6
39	39	0.8407369587386767	1.6100330928287652E-6	1.2654599234526326E-6	0.1592462193333394	9.942372506724045E-6	4.004062460995457E-6
40	40	2.991806483449369E-6	0.9670771682551909	0.03291081037323358	5.155806499194634E-6	2.761591117779426E-6	1.1121674751012213E-6
41	41	0.8363846548293024	7.377841367137866E-7	5.798863770744195E-7	0.16360763666354292	4.556008661829682E-6	1.8348279791835308E-6
42	42	0.9564607380660677	1.9088103148625635E-6	1.5002939788570407E-6	0.04351931832544698	1.1787399451334901E-5	4.747104740234664E-6
43	43	0.009826474158719916	0.9085798306018578	0.08155182624274278	3.7589385029702113E-5	3.0509225694470757E-6	1.228689080344262E-6
44	44	0.9419092537902467	9.292957398743411E-7	7.304113940789124E-7	0.058081036753418774	5.738642550824317E-6	2.3111066497746765E-6
45	45	0.2712001617243639	1.5657685275563272E-6	1.2306686923712224E-6	0.7287834788321393	9.669027319754286E-6	3.893978957153774E-6
46	46	0.27189091438753943	0.7211075901474105	0.0069915106388405025	5.701252644975757E-6	3.053747006805025E-6	1.2298265577009741E-6
47	47	0.1777520225770931	5.37682392231648E-5	6.446714816945735E-7	0.8221864596891031	5.065007509666186E-6	2.0398155893272605E-6
48	48	0.07110688227060143	9.967441435864277E-7	6.512750981680115E-5	0.9288183594744106	6.155153961475673E-6	2.4788470661428484E-6
49	49	4.838073861129047E-5	0.9510145615831971	0.026785335176871178	0.022145840153684437	4.193508344348148E-6	1.6888392916398772E-6
50	50	5.630032769957669E-6	8.41553194582332E-7	0.9182704617799449	0.08171577692870972	5.19680954511352E-6	2.0928958357232337E-6
51	51	0.12615821589091167	1.7636411444652552E-6	1.3861933631138598E-6	0.8699524383207876	0.0038818098766792808	4.386077113988515E-6
52	52	0.12530738283191198	6.414575556401123E-7	5.041752451387542E-7	0.8746859150991345	3.961167005717536E-6	1.5952691471377377E-6
53	53	0.15139413116532066	6.077117888181249E-7	4.776516192023621E-7	0.8485995193478322	3.7527781311262904E-6	1.5113453080866875E-6
54	54	0.9225637521131022	2.1996402376243546E-6	1.7288815858044548E-6	0.07741326563278589	1.3583349758865034E-5	5.47038252964874E-6
55	55	0.7969158548304701	6.232875942570295E-7	4.898939499011671E-7	0.20307763294374376	3.848962775066599E-6	1.5500814670734022E-6
56	56	0.8354591394939618	8.612989093132899E-7	6.769669870166776E-7	0.15769299782934115	5.318744461942942E-6	0.006841005666338774
57	57	0.6245082597516881	1.5087341356724306E-6	1.1858405844838527E-6	0.3754759767108478	9.316825136873759E-6	3.7521376070938332E-6
58	58	0.5002393368119559	6.889276153279004E-7	5.41485942891716E-7	0.49975346514299596	4.254306953234509E-6	1.7133245367217712E-6
59	59	1.3165380887664815E-6	1.9679047701157175E-7	1.546741263173255E-7	0.9999966273580664	1.2152323060561163E-6	4.894069352941104E-7
60	60	2.1483355655960507E-6	3.2112400267179815E-7	2.523982628989826E-7	0.9999944965005741	1.9830241189662477E-6	7.986174757213533E-7
61	61	7.851448823747142E-5	1.1020456725363687E-6	8.66190042068595E-7	0.9999099711317034	6.805418251701195E-6	2.740726092749122E-6
62	62	2.0319519044830966E-6	3.037274712822427E-7	2.3872487110435223E-7	0.9999947946464609	1.875596019400922E-6	7.553532728930352E-7
63	63	1.4558969128075728E-4	2.0435271609563975E-6	1.60617923705764E-6	0.9920498739761683	1.2619310964683132E-5	0.007788267315188307
64	64	5.105036765362019E-6	7.630790394818544E-7	0.8753016488460548	0.12463661308575476	5.3972217394710846E-5	1.897734990896067E-6
65	65	0.27568034287047066	9.889806667357247E-7	7.773227795117305E-7	0.724309324073875	6.107212475588943E-6	2.459539732422092E-6
66	66	0.23598003923703914	4.1054439348763906E-7	4.7736572573163917E-4	0.7635386282735812	2.535218256557487E-6	1.0210009979657196E-6
67	67	0.6717900277793891	6.661455039016265E-7	0.002537673029241851	0.3256658627576701	4.1136214981972195E-6	1.6566666968609226E-6
68	68	0.7580099141749499	1.6162485002052685E-6	0.0049050498035534155	0.2370694194989027	9.980754261542305E-6	4.0195198323171395E-6
69	69	0.6244421795051369	5.068422043366643E-7	0.004711909272228108	0.37084101400990155	3.1298822490602107E-6	1.2604882800682072E-6
70	70	0.9855925004981153	7.660601937397058E-7	6.021108997373008E-7	0.009058630706393223	0.005296143023083771	5.135760131430594E-5
71	71	0.8201079926363021	8.202530638940708E-7	6.447056175866904E-7	0.17983048637247886	5.065275706034152E-6	5.4990756831601384E-5
72	72	1.2782636840758041E-5	0.012459597605152296	1.5017743901571234E-6	0.8572589000515916	0.13026246614309142	4.751788933865484E-6
73	73	1.3110419266280432E-6	1.9596893422584834E-7	0.9098714450873401	0.09012535037892877	1.2101590659828188E-6	4.873638042286257E-7
74	74	0.5914173606163848	2.504929113491305E-7	1.9688336956128087E-7	0.3958054175222218	0.012776151523219625	6.229618928616575E-7
75	75	0.5985707081466497	9.163227713103567E-7	7.202148509897951E-7	0.39461717554961495	0.006571590752376164	2.3888901373691246E-4
76	76	0.6167567986394167	1.1669673905931222E-6	9.17217460528776E-7	0.29561905346953754	0.0667519976459544	0.020870066060240354
77	77	0.9130912783963798	1.1310120553285078E-6	8.889571495983148E-7	0.0385631913790869	0.04834069749145794	2.812763870410605E-6
78	78	0.990444825218857	1.1018105183582382E-6	8.660052146948088E-7	0.009543662858018918	6.803966113576893E-6	2.740141277429864E-6
79	79	0.3885841601517036	1.1926635149058831E-6	9.374141978819964E-7	0.1897208456292955	0.06344837417813264	0.35824448996315544
80	80	0.5040251824905314	2.1221949507131872E-6	1.6680108451452153E-6	0.4580045490615026	1.3105104998064431E-5	0.03795337313717202
81	81	0.39454491491784593	1.3657412159449858E-6	1.0734504665051995E-6	0.5842813548397994	8.43380671937248E-6	0.021162857243952976
82	82	0.6245580700050792	1.5474681488458897E-6	1.216284891227498E-6	0.3512510100613425	0.014894010574278442	0.009294145606259756
83	83	0.628128408664341	8.08353827472354E-7	6.353530105636172E-7	0.35871310843527715	0.008876048546952304	0.004280990646591532
84	84	0.8915698250761946	1.2239491022671644E-6	1.5898427229374211E-4	0.08961273696622624	0.017864074502407363	7.931552337757875E-4
85	85	0.8725807777567783	6.348070430502771E-7	4.989480500019965E-7	0.12741258966007207	3.920098363201234E-6	1.578729693429646E-6
86	86	0.28782741104420045	1.662385183256921E-6	1.306607818263541E-6	0.25725095023211386	0.45491453547149563	4.134259188610368E-6
87	87	0.32306817725764525	1.160324201710905E-6	9.119960217075391E-7	0.31550850061786373	0.3614183641427249	2.8856615428272325E-6
88	88	0.06305202072109808	1.9767694647535485E-6	1.5537087695231468E-6	0.28293171898244523	0.6540078137028685	4.9161153538497955E-6
89	89	0.06682695129338596	1.0918699155580178E-6	8.581920619623153E-7	0.289634875111631	0.6435335081134527	2.715419552957669E-6
90	90	0.006652853471550098	1.5358081844045849E-6	1.2071203481040832E-6	0.8532420867048204	0.14009849742584146	3.819469255541577E-6
91	91	6.772415755270397E-6	1.0123117123402412E-6	0.8771155839787319	0.12286786244331778	6.251287741746308E-6	2.5175627409533536E-6
92	92	0.5353936282405225	1.938186018511828E-6	1.5233828059481984E-6	0.33020920357356887	1.1968802050839844E-5	0.13438173781503324
93	93	0.6213876487698425	5.795856619607544E-7	4.555449392226281E-7	0.23994732062929178	3.5790919928519304E-6	0.1386604163782717
94	94	0.7119050057231218	2.1248147848888245E-6	1.6700699923578578E-6	0.22086152456513714	1.3121283154523481E-5	0.06721655354380929
95	95	0.5931236708415604	1.1123330033586876E-6	8.742757174083926E-7	0.3357051209487897	6.868945191359122E-6	0.07116235265573793
96	96	0.3288515023015364	1.5413093437760853E-6	1.2114441702343034E-6	0.5827780889714773	9.517985507361272E-6	0.08835813798796502
97	97	0.36947405293661195	8.245755984290582E-7	6.481030596927753E-7	0.5637670731702168	5.091968479438279E-6	0.06675230924603368
98	98	0.08068786172113455	1.4042443815394198E-6	1.103713330792175E-6	0.8940967766977715	0.025118711382753123	9.414224062849598E-5
99	99	0.09547937458999432	5.477775067219992E-7	4.3054424459536207E-7	0.8690474439570492	0.03547084083911225	1.3622920928846497E-6
100	100	0.4544215959244562	9.144295920734746E-7	7.18726842784959E-7	0.3700126492942647	0.1755618474894746	2.2741353697344155E-6
101	101	0.056935789560115226	1.3483847996940955E-6	1.0598086045595708E-6	0.2616697764580764	0.681388672430648	3.353357756110556E-6
102	102	0.5704028939876861	0.2989116633611493	8.650822597172222E-7	0.1306750436332557	6.79671470875242E-6	2.7372209404753277E-6
103	103	0.6294516365014176	0.276993535754028	5.80771512115232E-7	0.09354784638146713	4.5629629257549286E-6	1.8376286494569593E-6
104	104	0.6032381661092185	0.036676318005000014	5.898880780764968E-7	0.36007842493388725	4.634589291070171E-6	1.8664745250648531E-6
105	105	0.019879146521028478	9.930381679098941E-7	0.9800998097830065	1.1448758686534159E-5	6.132268599155437E-6	2.469630511431107E-6
106	106	0.21489613033373295	0.4929627378628823	0.008864351911700458	0.2832154807011961	5.9217040535695886E-5	2.0821499524478253E-6
107	107	0.20950519787872662	0.47201442355827805	0.008664784417723722	0.3097979809892586	1.2556367165185366E-5	5.056788847791871E-6
108	108	0.6752252411364057	1.3935070655801426E-6	1.095273974425878E-6	0.3247601992401886	8.60526805222831E-6	3.4655743135180456E-6
109	109	0.43052656804316825	9.707596838162677E-7	7.630013821732597E-7	0.5187659472755999	0.05070333669500121	2.4142251646438275E-6
110	110	0.5364975953287147	0.04952833377766363	6.790813945300245E-7	0.4139659077628859	5.33535678347056E-6	2.148692557864235E-6
111	111	0.934946021481455	1.7731291161194663E-6	1.3936507550996133E-6	0.049582941332091776	0.015463460733411977	4.409673170057692E-6
112	112	0.9196917476891733	1.0236165203192345E-6	8.045459992205234E-7	0.06212588418732526	0.01817799428381442	2.545677167581641E-6
113	113	0.9034914196741202	1.619120346047656E-6	1.272602357241101E-6	1.231879968211274E-4	0.0599006019985722	0.036481898607783274
114	114	0.9449218767274208	9.161060113111577E-7	7.200444811426066E-7	1.0561806175949984E-5	0.0252578179365254	0.029808107379385506
115	115	0.4964544685124656	8.122532989447504E-7	6.384179319574344E-7	0.46856329058118207	5.01587507976961E-6	0.034975774360041643
116	116	1.281106956139434E-4	9.433876023173437E-7	0.925615172249954	0.07424760185104297	5.8256634613546005E-6	2.346152325335545E-6
117	117	0.19319164649818002	7.214625766159685E-7	5.670578952972384E-7	0.8025160548145063	5.102870477703801E-5	0.004239981462064793
118	118	1.216304131666907E-5	1.8180793423617515E-6	1.4289809045934971E-6	0.9999688413244304	1.1227112131454112E-5	4.521461874471067E-6
119	119	0.015164373536079719	8.538925182200459E-7	6.711456836238077E-7	0.9809130141886508	0.00391896365402259	2.123583045068128E-6
120	120	0.950261243823233	0.007058131927230927	9.54687362300957E-7	1.4003611086985946E-5	0.042662645209174316	3.0207419125107644E-6
121	121	0.9516454006267892	4.712983471905317E-7	3.704328644023179E-7	3.585792707579315E-5	0.04825587898591979	6.202072900372957E-5
122	122	0.775195487298111	1.7211198949639803E-6	1.3527723499814818E-6	0.22478653011814342	1.0628362361422344E-5	4.280329139191587E-6
123	123	0.6698181068850487	6.383647854854741E-7	5.017443779096412E-7	0.33017522335984084	3.942068346757014E-6	1.5875776003416926E-6
124	124	0.9999717787467598	1.2841144922527912E-6	1.0092931842882685E-6	1.4804583975484744E-5	7.929740500444427E-6	3.1935210878280284E-6
125	125	0.999991863826752	3.7020956831407203E-7	2.909787221559821E-7	4.2681541838363455E-6	2.286140235332091E-6	9.20690538467934E-7
126	126	0.17021161539777757	1.2286086428525016E-6	0.3144727573352121	0.13381338597868794	0.38149795719854196	3.055481137631176E-6
127	127	0.334229161517183	0.011979671678321308	1.568116372984865E-6	0.16938477252410056	0.4843998644613342	4.9617026878339314E-6
128	128	0.30710204707645733	1.3291790893906003E-6	1.0447132274528722E-6	0.19324633408566097	0.49964593935133866	3.3055942262766026E-6
129	129	0.15788695728363122	0.403473901121643	1.3202088061865794E-6	0.23704980754573413	0.20158383654588838	4.177294297163237E-6
130	130	0.15746445973381956	0.39824361671624425	9.917816437434605E-7	0.25717370385845617	0.18711408979730057	3.1381125357038652E-6
131	131	0.06416226942087157	1.6080275383299323E-6	1.2638835901127298E-6	0.08389300727315031	0.8519378523200909	3.9990747588680755E-6
132	132	0.08298913939766284	1.4475470089645384E-6	1.1377484943119579E-6	1.6688801023560514E-5	0.592919573520496	0.32407201298531446
133	133	0.4304351159328948	0.007954437993645	1.3583109172703411E-7	0.051777230396345415	0.5098326500606419	4.297853810623705E-7
134	134	0.1725980710609988	1.5391653276097385E-6	1.2097590082672412E-6	0.3577126133987555	0.45348711003721354	0.01619945657869632
135	135	0.09905961194800121	4.008556401422578E-7	3.150660380518824E-7	0.44043015754156173	0.30296970078638824	0.15753981380237067
136	136	0.05258424962687204	1.8635726412724812E-6	0.721209323977165	0.05439779082034153	0.17180213740181	4.634601170307063E-6
137	137	0.11370977529990182	9.93993965398862E-7	7.812631510300282E-7	0.2988350800552797	0.5874508973801756	2.4720075264520634E-6
138	138	0.05893006461480568	1.3808370625320127E-6	0.8392440260335984	0.0015312813566995078	0.08157063969419562	0.018722607463638345
139	139	0.2562526623433084	8.948325337870007E-7	7.033238725046857E-7	0.3594257397308009	0.3843177743709052	2.2253985793042605E-6
140	140	1.0285850683958428E-5	1.5374849234043025E-6	0.8769848857650642	0.004384778866323905	0.1186146883937927	3.823639211870773E-6
141	141	0.07483757581152699	1.303894304396126E-6	1.0248397961388571E-6	0.4477255697213213	0.4774312830206743	3.242712376902415E-6
142	142	0.049184782479717484	2.1158180271984564E-6	0.5819906741045665	0.03102920568508671	0.33778795999123246	5.261921369652138E-6
143	143	0.16067126178255584	8.445354011742783E-7	6.637911412400421E-7	0.12703751932430063	0.7122876102541841	2.100312417108381E-6
144	144	0.03525877217259391	1.2081037962000568E-6	9.495500087989525E-7	0.2877905780864276	0.6769454876004453	3.0044867281900186E-6
145	145	0.16415505895572088	1.391004458723651E-6	1.0933069659866392E-6	0.154553696126246	0.6812853012561385	3.4593504699130038E-6
146	146	0.017283297216936507	5.744062699232284E-7	4.514740210032869E-7	0.46888795500210395	3.547107901826218E-6	0.5138241747927668
147	147	1.2231950120042191E-5	1.8283795352705632E-6	0.6379519445039242	2.1079427521671584E-5	1.1290718497836679E-5	0.36200162502040106
148	148	0.15811647793451103	1.132334833505839E-6	8.899968318126036E-7	0.08648685578844639	6.992461687401948E-6	0.7553876514836898
149	149	0.008113419848496744	1.9013132483622403E-6	0.5756421436571846	0.04887159584773208	0.367366210873384	4.7284599541894354E-6
150	150	0.026757919260988906	6.630944267219233E-7	5.211814752248927E-7	0.15564870826543636	0.8175905391188346	1.649078838167046E-6
151	151	1.2006625127948705E-5	1.7946989201367836E-6	0.8835152153972986	1.3654659173937872E-4	0.11632997337084498	4.463316069039988E-6
152	152	0.01066647854663905	1.196440260633373E-6	7.817570368584721E-5	0.3980846383591005	0.591166535470148	2.975480166068372E-6
153	153	0.012790263115706293	1.005217194858135E-6	7.90084427534022E-7	0.35451143172134403	0.6326940099422556	2.4999190718539395E-6
154	154	0.10311348288111431	1.8723572939886472E-6	1.4716424951017129E-6	0.2447805985853852	1.1562292579843776E-5	0.6520910122411315
155	155	0.058331684677329576	1.8324890095678184E-6	1.440306669536334E-6	0.3144491841558925	6.027909965285908E-4	0.6266130673745702
156	156	0.14139098260013558	1.4230786778894414E-6	1.118516782549497E-6	0.16427245238000623	8.78788043859045E-6	0.6943252355439592
157	157	0.020058490427282423	1.5764444638860866E-6	0.5393621672692711	0.15551694812750905	0.2850568972020585	3.920529415081854E-6
158	158	0.10400570801430375	1.0855954361477723E-6	8.532604228118157E-7	0.2762671462295933	0.6197225070849712	2.699815272784327E-6
159	159	0.3761801344284903	0.5613040942751074	8.181700528213249E-7	0.06250593620276092	6.4281383299770575E-6	2.5887852586231357E-6
160	160	0.3877431869608204	0.537509086852145	6.257850529589554E-7	0.074586013163673	1.5910718157767487E-4	1.9800567309698746E-6
161	161	0.24084620947332988	0.37469302615401373	1.2883576460440833E-6	0.30360251539245303	0.08085288410903743	4.076513519912098E-6
162	162	0.28838497311332134	0.4046537885833277	8.931960412656011E-7	0.3068771415349297	8.037739616317339E-5	2.8261762169311487E-6
163	163	0.5645554561785397	1.808738923962558E-6	1.4216394870753693E-6	2.0852990485726992E-5	0.2886463659383542	0.14677409451420936
164	164	0.4261802385512373	0.060067516998243316	1.0692084899340502E-6	0.0903783664743821	0.42336942566756003	3.3831000873121035E-6
165	165	0.2689679519190241	2.019549742886816E-6	1.587333374963207E-6	0.05908114178827508	0.5342709779546984	0.1376763214548846
166	166	0.061682195299578774	1.8805400339172923E-6	1.4780739960999581E-6	2.1680787047693225E-5	0.36019615200502275	0.5780966132943208
167	167	7.670696297461373E-6	1.1465828419766053E-6	9.011955356088653E-7	0.6745284270666935	0.31931560757205874	0.006146246886572779
168	168	0.03875720193451896	1.2908558438621533E-6	1.0145917774225014E-6	0.7359043161553955	0.2253329661760111	3.210286453108808E-6
169	169	0.01174356135026229	9.72282927329536E-7	7.641986268934372E-7	0.8072319933886611	0.1736767846843105	0.007345924095211837
170	170	0.07315732862908078	1.0531222856122119E-6	8.277370526562392E-7	1.214146978938632E-5	6.5033036310408535E-6	0.9268221457381606
171	171	0.49171951660987023	0.006713916689648016	2.4112656572106726E-7	0.08304237566464852	0.4015708268388084	0.016953123070459188
172	172	1.9612913399590627E-4	9.78918645818007E-7	0.40627096554170106	0.047469509227131765	0.5137681689712106	0.03229424820731495
173	173	5.500348749360106E-6	8.221685823998739E-7	0.43940433336155776	0.026918244276649836	0.5198696882457201	0.013801411598740584
174	174	5.497431015988588E-6	8.217324521071972E-7	0.03750440404197404	0.2159610996902363	0.7465261335015664	2.0436027551975985E-6
175	175	6.767550972866211E-6	1.0115845454940666E-6	0.040684001084028136	0.14883514004822007	0.8104705639779158	2.5157543175832892E-6
176	176	8.18698670441199E-6	0.009876055070674645	0.2257791050372547	0.07142888877613325	0.681291919090655	0.01161584503857807
177	177	6.524277013384915E-6	0.014039867540837268	0.23929148268601003	0.06441387492796592	0.6666330660761335	0.015615184492039906
178	178	4.144809533039279E-6	6.195483838170865E-7	4.0481445222087605E-5	0.12383008454201641	0.8761231288725853	1.5407822593595827E-6
179	179	4.173351324087542E-6	6.238146885469519E-7	4.903082374724899E-7	0.06959357639955938	0.9303995847338694	1.5513923211602428E-6
180	180	0.006255653801757368	1.3823156800695706E-6	1.0864777267495926E-6	1.5936747610656658E-5	0.9935440341712334	1.8190648599185948E-4
181	181	3.8352983634322885E-4	6.526185353380916E-7	5.129475943390097E-7	4.2881714871025896E-4	0.999184864422936	1.623025880856853E-6
182	182	7.259126488416482E-6	2.1122142365892493E-4	8.528420537189097E-7	0.1115949171474827	0.888183050968812	2.6984915042882256E-6
183	183	8.555330151942547E-6	1.2788141231597007E-6	1.0051271800634555E-6	0.11740497457830606	0.8825810058108732	3.1803393656574757E-6
184	184	2.874548897480147E-6	0.006185863303701515	3.377177941663306E-7	0.142935624082314	0.8508742317688914	1.0685784013943217E-6
185	185	0.07386991599155944	8.794897408626932E-7	6.912646858668315E-7	0.06989993488367544	0.856226391128429	2.187241909439102E-6
186	186	0.08078614675035398	9.467663292326149E-8	7.441429942369875E-8	0.06210289219778433	0.8571105565054263	2.3545550306387156E-7
187	187	5.716080789725904E-7	8.544152841797227E-8	6.7155656919769E-8	0.14740579656321895	0.8525932667432033	2.1248831348391716E-7
188	188	4.398105515889107E-6	6.574099828968636E-7	5.167135944839496E-7	0.15673339524258542	0.8432593975863778	1.6349419435697004E-6
189	189	7.602495361517707E-7	1.1363884580605544E-7	8.931829150313673E-8	0.24191636465305588	0.7580823895268024	2.8261346839985164E-7
190	190	0.0031055723217495094	1.199590386084759E-6	9.428586063918771E-7	0.32355261449842776	0.673336687416478	2.9833143522869674E-6
191	191	0.07800067003680348	9.439049540128712E-7	7.418939996773886E-7	0.03498647599024002	0.8275990579350327	0.059412110238970056
192	192	0.07038311836857693	2.8736533514701043E-7	2.2586449721922072E-7	0.040332443205553764	0.8389923771050788	0.0502915480909582
193	193	2.971471648478419E-4	9.019180696268906E-7	7.088929888672657E-7	0.19849143803134836	0.8012075609728337	2.243019911560664E-6
194	194	1.1104755891709932E-5	1.6598913678784379E-6	1.304647719783568E-6	0.1122083974242528	0.887773405223559	4.128057208920563E-6
195	195	5.1504510794324E-6	7.698673767166981E-7	6.051032838690892E-7	0.33273847382145877	0.6672530861395944	1.914617206805592E-6
196	196	1.4305378333648145E-5	2.1383067076678827E-6	1.6806744250513613E-6	0.3442884735832969	0.6556880842077736	5.317849463096941E-6
197	197	0.3278796733804947	7.607929628546048E-7	5.979709416070265E-7	0.01842593250244947	0.6536911433035055	1.8920496458886257E-6
198	198	0.29289171601331554	6.502898530249041E-7	5.11117287772693E-7	4.9476189057095234E-5	0.7070560291559087	1.6172345778859083E-6
199	199	4.084047280310689E-6	4.001864322717661E-5	4.798163078688953E-7	0.19460461770434173	0.09147014935625619	0.7138806504325867
200	200	8.795671991128027E-6	1.3147393923051333E-6	1.0333638595114036E-6	0.34824511505448696	0.03870976657163802	0.6130339745986322
201	201	4.183797151431513E-6	6.253760860965866E-7	4.915354706470381E-7	0.2873658046369632	0.05030574566832324	0.6623231489860054
202	202	5.9219157294318585E-5	8.312123977687423E-7	6.533194764371112E-7	0.18539902673678507	5.132952439073285E-6	0.8145351366216074
203	203	0.024244138502642416	1.4449679773796208E-7	1.135721417274493E-7	0.030391913603182708	0.9453633304697624	3.5935547296117683E-7
204	204	0.03337812575744221	1.3288370300814756E-6	1.0444443743783179E-6	0.17441032359357286	0.4873362995338117	0.3048728778337688
205	205	0.04462785374597883	1.781284767324963E-6	1.4000609648003847E-6	0.1386979072333237	0.5394268757223245	0.27724418195264094
206	206	9.848901319270614E-6	0.8185375398853113	1.1571030262945484E-6	0.1814387018597122	9.09104200209682E-6	3.6612086287564383E-6
207	207	5.481351582551304E-7	0.8718741414892812	6.439792925881641E-8	0.12807693419720492	4.810801788406484E-5	2.0376254224436485E-7
208	208	1.0560178803901407E-4	0.6670039803062238	6.112088586027194E-7	0.30602623966521836	0.026861633095704524	1.9339359557763463E-6
209	209	3.000275091777288E-5	0.7133998119899397	3.3099730588623173E-7	0.26291490427941466	0.02365390266842753	1.0473139944042641E-6
210	210	4.857842596486259E-6	0.7809341721078938	5.707260320152235E-7	0.2190541094415601	4.484038336115875E-6	1.8058435814151532E-6
211	211	1.6616135962415038E-5	0.8056980336416008	1.833130652876468E-7	0.19428314664488391	1.4402406166025296E-6	5.800238709461984E-7
212	212	0.033383733754383055	1.254883838366404E-6	9.863183639604778E-7	0.22635110792818697	0.740259796289145	3.120826082701645E-6
213	213	0.04650402459218855	6.814720312139286E-7	5.356259745816331E-7	0.19665176477720078	0.7450074707248177	0.011835522807787264
214	214	6.909223623808661E-6	1.0327611668135305E-6	8.117335431935118E-7	0.31782368525376575	0.5786278220497473	0.10353973897815326
215	215	2.7102887202609423E-6	9.418906443640965E-4	3.184196062772782E-7	0.2258042816931283	0.6628083092306252	0.11044248972355586
216	216	0.05938673815550367	7.119790041819429E-7	5.596039610272699E-7	0.09170096390608495	0.8489092557033917	1.7706520545196286E-6
217	217	1.0672215949254078E-4	5.326710505507662E-7	4.1867081481603876E-7	0.34520908131817674	0.6301989546856833	0.024484290494782086
218	218	0.018416648799418574	1.3140702254243914E-6	1.0328379051857114E-6	0.06117674133883371	0.09654333110080858	0.8238609318528085
219	219	0.025227245847275086	5.550195950026758E-7	4.3623640863976715E-7	0.024835813872522493	0.0734168060567582	0.8765191429674406
220	220	6.919431396343582E-4	8.180007451998345E-7	6.429353315875427E-7	0.021606854258782525	0.32676509215457694	0.6509346495109294
221	221	1.6957727541258316E-6	2.534768511713304E-7	1.992286979124851E-7	0.028016398356291945	0.3239891967805689	0.6479922563848359
222	222	1.0473455469850646E-4	1.4700759740216559E-6	1.1554558958080084E-6	0.31840535226483174	0.6814836316516838	3.655996916218342E-6
223	223	1.2380295433731195E-4	1.7377239938442E-6	1.3658229026636291E-6	0.32062331297537433	0.6792454589007852	4.321622606587425E-6
224	224	5.764696745565408E-6	8.616821891190196E-7	6.77268238733664E-7	0.14986438462988463	0.01797228007178816	0.8321560316511538
225	225	6.632717353675197E-7	9.914301933608463E-8	7.792480677491762E-8	0.13423053873143226	0.048545406324191215	0.8172232146048152
226	226	1.2908418162811778E-5	1.929495082139731E-6	1.5165518707797526E-6	0.250132973992762	0.712105060830692	0.03774561071143019
227	227	1.1050288565716411E-5	1.651749825180002E-6	1.2982485991407444E-6	0.2067697560197014	0.7464026655435788	0.046813578149729855
228	228	0.010600331157266758	0.005825786691504556	1.2893126475716919E-6	0.04057614902188885	0.9429923642814364	4.079535255880202E-6
229	229	0.0337965714078495	2.0766753129933437E-6	1.6322331474561957E-6	0.22309686572053847	0.7421592816556776	9.435723074740194E-4
230	230	0.07467050373920875	0.012880110600491277	2.9984284920432963E-7	0.17268634949792486	0.7076240313816791	0.03213870493784688
231	231	7.230259022402755E-6	1.0807481637458597E-6	0.0791862841348603	0.1994760350902479	0.578444065061534	0.14288530470617172
232	232	6.487925388069657E-6	9.697873102402718E-7	7.622371122979835E-7	0.2517414888189189	0.6565331563714673	0.09171713485980329
233	233	1.1497770714679372E-5	1.7186375410007355E-6	1.3508212599881755E-6	0.2358896971450809	0.6767774455383372	0.08731829008706635
234	234	6.9267720968237284E-6	1.0353842374295088E-6	8.137952341958221E-7	0.28654844888904074	0.44702206713527987	0.266420708024111
235	235	1.0095472984297569E-5	1.5090280799234366E-6	1.1860716199023383E-6	0.19153371047016354	0.7923764034533912	0.01607709550376121
236	236	0.13979361193879072	0.007812255235489703	8.270061562353703E-7	0.0782600081894188	0.6793094682934593	0.0948238293366853
237	237	8.880083111754752E-6	1.327356805226911E-6	1.0432809416268463E-6	0.2324828923104187	0.7189182864379954	0.048587570530727334
238	238	7.926494828184607E-6	1.184818511198336E-6	9.312481520811637E-7	0.11864203057328788	0.8292586356728241	0.05208929119239662
239	239	0.026736359542305757	6.810825235005454E-7	5.353198278301423E-7	0.5854255460112804	0.374996884072983	0.012839993971079593
240	240	0.043064881223766845	1.132417609883803E-6	8.900618927044503E-7	0.5381197182581821	0.39607571976504646	0.022737658273502166
241	241	0.0206721705358822	0.028444981092235564	1.0185810723252607E-6	0.3467769260909692	0.6041016807907944	3.2229090464204935E-6
242	242	0.014439514158877965	0.013519904364594743	1.0097954266429115E-6	0.2659086430749269	0.7061277334959327	3.1951102410847053E-6
243	243	0.00793496042787993	1.2658561108300953E-6	9.94942392332223E-7	0.09758398783781018	0.8676726602832019	0.02680613065260485
244	244	0.024918127208586993	1.0290564263759625E-6	8.088216772378254E-7	0.06969691378886521	0.8577502657425593	0.047632855381884935
245	245	0.020398832446976344	6.231371594543241E-7	4.897757105837493E-7	1.2786264490405465E-4	0.9794706422879055	1.5497073441134316E-6
246	246	0.026534610656137055	3.298630115215948E-7	2.592669822559776E-7	1.1027331830111091E-4	0.9658369019208873	0.007517624974680786
247	247	4.115347702247304E-6	6.151445554852993E-7	4.834936533689755E-7	0.31768872667197373	0.6823045295119312	1.529830184034847E-6
248	248	3.7513778655358166E-5	5.265511927248866E-7	4.138607057255033E-7	0.2820644255445165	0.7177258551366915	1.7126512823818557E-4
249	249	0.04006388123831431	8.789408221503886E-7	6.908332446531393E-7	0.17051196512218572	0.7818740606746306	0.0075485231908025315
250	250	0.023531022587418952	1.1042452948647606E-6	8.67918909578033E-7	0.126897793092098	0.8495664659598479	2.7461964307395093E-6
251	251	3.0108418456414467E-6	4.5004774876306363E-7	3.5373023836368254E-7	5.1886103067428035E-6	0.987148671905156	0.01284232486470456
252	252	1.157999451753904E-5	1.7309280030272614E-6	1.3604813639975649E-6	1.9955906681949136E-5	0.9999610679680769	4.304721356646304E-6
253	253	4.7210795337153445E-6	7.056867563321992E-7	5.546583561712283E-7	8.13587799805845E-6	0.9999841276937705	1.7550035852287448E-6
254	254	4.9431108154032284E-6	7.388750417359188E-7	5.807438107457833E-7	0.03339679291306117	0.9333499250142744	0.03324701934299657
255	255	6.68953113303527E-7	9.99922473862639E-8	7.859228626224017E-8	0.10409974416249716	6.174780976408621E-7	0.8958987908217582
256	256	3.113976277855694E-6	4.654638421407914E-7	3.6584703797023125E-7	9.668919739635081E-4	1.230650640132111E-4	0.9989060976748654
257	257	4.617379384055892E-6	6.901861019327696E-7	5.424750929717716E-7	7.95717061556584E-6	4.262078434874272E-6	0.9999819307103707
258	258	2.7227498361327573E-6	4.0698498859062077E-7	3.198836066179124E-7	0.005968576105971773	2.5132380068681863E-6	0.99402546103759
259	259	3.6012410655203473E-6	5.382980964731607E-7	4.2309358173551045E-7	0.006817095838163631	3.3241305527412834E-6	0.99317501739854
260	260	0.025793522350695756	6.506449273867947E-7	5.113963704678373E-7	7.5012995522090195E-6	0.8796919105500923	0.09450590375836186
261	261	0.07503308585665731	8.609159703248527E-7	6.766660031765608E-7	0.007401506553087905	0.9175617289583028	2.141049978539692E-6
262	262	0.06312447877734008	1.0732603586332765E-6	8.435652517517905E-7	4.2807484039569056E-4	0.9364428604180306	2.669138623310939E-6
263	263	0.03833377478964771	0.7408310965913747	8.129801589718429E-7	0.03914003825866708	0.14990845944370135	0.03178581793645022
264	264	0.05754269434512708	0.7740792562393067	7.289682773776009E-7	0.031024117894857255	0.08783718436367986	0.04951601818875164
265	265	3.6476327317189402E-6	0.5834626161258303	4.285439295066072E-7	6.2859976569035525E-6	0.3911133706784756	0.025413651021375987
266	266	0.00582481942764596	0.625532967904871	8.965503496988247E-7	1.3150841744489074E-5	0.3686253284857497	2.836789639159035E-6
267	267	8.87491034722736E-5	0.355999790787924	9.79100690788308E-7	0.14492273719166446	0.4989846458277237	3.0979885248550333E-6
268	268	2.2089281933726668E-5	3.100497514658863E-7	2.4369408088822253E-7	0.16512760226574968	0.8094098758501308	0.025439878858353443
269	269	3.2898337332863883E-6	4.91750261679684E-7	3.8650773780658467E-7	5.669399487292994E-6	0.994655850709099	0.00533431179968099
270	270	4.4514891923558357E-4	1.1297747545211737E-6	8.879846512118465E-7	1.302519777449776E-5	0.9994640666584985	7.574146508568147E-5
271	271	6.6859060841525424E-6	9.993806170755782E-7	7.854969719675262E-7	0.022720548679298062	0.9772684951332002	2.4854038285934697E-6
272	272	1.1701594053470197E-5	1.7491041810539062E-6	1.374767545416263E-6	2.0165460234667587E-5	0.9999606591494883	4.349924497156286E-6
273	273	6.258332881278005E-6	9.3546880527993E-7	7.352633234649722E-7	0.07761000840730371	0.8969561772848975	0.02542588524278881
274	274	1.2842831842437434E-5	1.919691519765023E-6	1.5088464296012338E-6	0.1342321210146775	0.8480256622536736	0.017725945361857075
275	275	3.1896921176714547E-6	4.7678152171406966E-7	3.747425507334496E-7	5.496824557903827E-6	0.9999892762302122	1.185729039791007E-6
276	276	4.876357419950034E-6	7.288970299750253E-7	5.729012551763415E-7	8.403469748881517E-6	0.9999836056483055	1.8127262406304345E-6
277	277	4.106704564146486E-6	6.13852616205874E-7	4.824782100287555E-7	7.0771201945144266E-6	0.2588857021601879	0.7411020176842272
278	278	5.127516518432523E-6	7.664392167282199E-7	6.024088056649295E-7	8.836294438396499E-6	0.2952829909803305	0.7047016763606903
279	279	4.155112793356682E-6	6.210884710579622E-7	4.881654746992909E-7	0.00926885362087248	0.9866347586381494	0.004091123374239058
280	280	2.054646322835432E-4	1.0255139330941983E-6	8.060373349176955E-7	0.0014020504235902629	0.9983881029969309	2.5503959272761373E-6
281	281	1.7086821819667844E-4	1.2582474703170446E-6	9.889621241724506E-7	1.4506362515674227E-5	0.8939727613139512	0.10583961689574206
282	282	0.11933913916972887	1.3632172834705643E-6	1.0714666964758088E-6	0.1242738191279038	0.7228526494375951	0.033531957580792374
283	283	0.025502983593996033	5.939867169755064E-7	4.668639351226356E-7	0.23942912951330206	0.7350653488302296	1.477211820281826E-6
284	284	0.04068754413001786	9.892964646086428E-7	7.775709915229429E-7	0.14191567073422476	0.8173925579431972	2.460325104110317E-6
285	285	2.977280832876176E-6	4.4503119225974434E-7	3.4978730623578907E-7	0.23535032406037193	0.7646447970725546	1.1067677421266592E-6
286	286	5.018269568951994E-6	7.501094504390612E-7	5.895738739543203E-7	0.19224702054183695	0.807744756024923	1.8654803466579507E-6
287	287	0.05334657672617156	6.69080262804968E-7	5.258862453971263E-7	0.027823351696451067	0.9188272126455908	1.6639652784921212E-6
288	288	0.05522781743533384	1.2767062070318056E-6	1.0034703921416844E-6	0.03792646104732506	0.9068402662436461	3.1750970958704602E-6
