,17_1,17_2,17_3,17_4,17_5,17_6,17_7,17_8,17_9,17_10,17_11,17_12,17_13,17_14,17_15,17_16,17_17
1-10A-rep2,0.8013625653851116,1.087252278745028e-06,1.0211352470839515e-06,7.480909284799396e-07,3.661624646137231e-07,1.7482928114919808e-06,1.1222211040286544e-06,0.05355567230035263,2.862177265590602e-07,1.7473366408514825e-06,1.9711872023920206e-06,0.1450665404663124,3.4401579008564573e-07,7.140222212779413e-07,2.1486968722011122e-06,1.3302874920105519e-06,5.869294435712942e-07
1-10B-rep1,0.9889297197157015,1.4645476624216242e-06,1.3754868749130848e-06,1.007691445676934e-06,4.932271857232207e-07,2.3549807163932044e-06,1.5116512761163952e-06,2.829842389407548e-06,3.85540238057303e-07,0.011046973836169245,2.655223323873725e-06,2.3262051139408174e-06,4.633952313143079e-07,9.618003066378826e-07,2.8943319254912025e-06,1.791920306685021e-06,7.906041324474846e-07
1-10B-rep2,0.9999644486138128,5.060165670718783e-07,4.752451315548722e-07,3.481679559448467e-07,2.6855953739512465e-05,8.136705197148433e-07,5.222913592893583e-07,9.77740204695537e-07,1.3320819303842324e-07,8.13225509670258e-07,9.17407487397268e-07,8.037282474747542e-07,1.6010790919526913e-07,3.3231208642868357e-07,1.0000220153176309e-06,6.191272468086482e-07,2.7316201396438067e-07
1-10C-rep1,0.992262674461115,2.028372685968224e-06,1.9050250658064878e-06,1.395634882182818e-06,0.0016052220060140795,3.2616067634258283e-06,2.09361036028938e-06,3.919281806628469e-06,5.339664309211038e-07,3.259822936021438e-06,3.677437480174494e-06,3.2217530614710614e-06,6.417942236524312e-07,1.3320764638785157e-06,0.006101256399903502,2.481778025238022e-06,1.0949727815743935e-06
1-10C-rep2,0.9919810082486248,4.454830936835569e-07,4.183927666404647e-07,3.065175099568601e-07,1.5002883021335147e-07,7.163331873878887e-07,0.0011046409418224144,8.60775633744598e-07,1.1727283610918582e-07,0.004511413327006487,8.076603657843091e-07,7.075802838586849e-07,1.409546077201518e-07,2.925584377352192e-07,0.002397188378024767,5.45062630830665e-07,2.40484337818919e-07
1-11A-rep2,0.2538290637086647,1.063411541040292e-06,9.987442914035556e-07,7.316871554515041e-07,3.581334326706936e-07,0.0291636188852505,1.0976135869777376e-06,0.6401059557282066,2.7994168384226163e-07,0.002020610409228723,0.07486952107758951,1.6890630659990517e-06,3.364723796205178e-07,6.98365490245389e-07,2.1015812951279955e-06,1.3011175966799832e-06,5.740595409839009e-07
1-11B-rep1,0.2443427497782512,2.135989207733853e-06,2.0060973060691652e-06,1.4696811226564247e-06,7.193538132611783e-07,0.034360030789602695,2.204688105747819e-06,0.3372619922453354,5.622963381580012e-07,3.432774784748878e-06,0.38400923723074726,3.392685090314559e-06,6.758449986981315e-07,1.4027505745881244e-06,4.221277268796021e-06,2.61345023750852e-06,1.1530672151053912e-06
1-11B-rep2,7.830251169350747e-06,1.0038498484012548e-06,9.428046121601104e-07,6.907053494629205e-07,0.8531206927662205,1.6141823825864792e-06,1.0361362373525446e-06,0.05362967279301665,2.642621469119439e-07,1.613299559187279e-06,0.0932283135940971,1.594458624254354e-06,3.176265577697623e-07,6.59250031108078e-07,1.9838717026273243e-06,1.2282419851318105e-06,5.419064594937928e-07
1-11C-rep1,0.41256039265877037,1.8701355010348978e-06,1.7564104617320147e-06,1.2867587685972385e-06,6.298201784510995e-07,0.048230331747107565,1.9302838611449186e-06,0.16224072793085853,4.923107009547349e-07,3.0055179908082267e-06,0.3769457925204339,2.970418019087488e-06,5.917266438828122e-07,1.2281586625699953e-06,3.6958803216344337e-06,2.2881698332821155e-06,1.0095518864235404e-06
1-11C-rep2,0.5036480744446845,1.4144056885512101e-06,1.3283940907650097e-06,9.731909378170358e-07,4.763404805013378e-07,0.02670577864083345,1.4598966076047018e-06,0.18088540865045521,3.7234042965318626e-07,2.2731089489984678e-06,0.2887435282792721,2.2465624235502707e-06,4.475298879209651e-07,9.288709817129084e-07,2.795238178319931e-06,1.7305700184690014e-06,7.635360808106573e-07
1-12A-rep1,1.0690584818731261e-05,1.3705488773604646e-06,1.287204261498091e-06,9.430149765932762e-07,4.61570478736671e-07,0.9858010238579233,0.007012374783407358,2.6482151516302225e-06,3.607951820243341e-07,0.007157718659748834,2.4848036284863506e-06,2.176902731967165e-06,4.336532230039358e-07,9.000692598340371e-07,2.7085655680412554e-06,1.6769098252396442e-06,7.398609372471899e-07
1-12A-rep2,7.367296105934872e-06,9.444983205670393e-07,8.870623173637669e-07,6.498681487210184e-07,3.1808609615565817e-07,0.9645630286093124,0.006526023044784094,1.8249876414710956e-06,2.486379355889528e-07,1.517914981658551e-06,1.7123744310119874e-06,0.028891026432300515,2.988472338356287e-07,6.202725917695819e-07,1.8665774511359067e-06,1.1556235168580928e-06,5.098668308925531e-07
1-12B-rep1,0.1573241262365528,2.2683470087702475e-06,2.1304062806346554e-06,1.5607507595793008e-06,7.639289864622678e-07,0.8329501800956254,2.3413028735525044e-06,4.382967303836299e-06,5.971393544897032e-07,3.645488650679214e-06,4.112510667196042e-06,0.00933432667518659,7.177241231549604e-07,1.489672821565206e-06,4.482851145124508e-06,0.000361649384971201,1.2245176889588738e-06
1-12B-rep2,0.1621173174625782,9.417775697851787e-07,8.845070184913692e-07,6.479961186334715e-07,3.1716980760758014e-07,0.7999725036971076,9.72067554858256e-07,1.819730526191698e-06,2.479217015386395e-07,0.028559489507084722,0.0025843417898207643,0.006756078007714445,2.979863653434253e-07,6.184858155495769e-07,1.8612005309773484e-06,1.1522945923713448e-06,5.083980928878494e-07
1-12C-rep1,0.19637892204760266,2.51072514168646e-06,2.3580451271853605e-06,1.7275205939969532e-06,8.455565684430693e-07,0.803581125103458,2.5914765096359323e-06,4.851297514174169e-06,6.609450778964019e-07,4.035017558426841e-06,4.55194195934802e-06,3.9878945657757865e-06,7.944146084495959e-07,1.6488478136413728e-06,4.961854175302699e-06,3.0719514846334754e-06,1.3553602408370502e-06
1-12C-rep2,0.17560140926403373,9.279966821738818e-07,8.715641621266617e-07,6.385140902119607e-07,3.1252871016316585e-07,0.7972225179770684,9.5784343851288e-07,0.0057766292623174535,2.4429390107394506e-07,0.021387960901422396,1.682456978498907e-06,1.4739777223935307e-06,2.9362597628528147e-07,6.094356068944544e-07,1.8339658673344932e-06,1.1354332412603847e-06,5.009587810963366e-07
1-1A-rep1,0.6244531454307534,9.094371759273825e-07,8.541332802906167e-07,6.257441024809634e-07,3.0627827989773e-07,1.4623675739844308e-06,0.37471653018485396,1.7572414589000252e-06,2.394081355641563e-07,0.000816790513827408,1.6488086137991872e-06,1.4444988467989758e-06,2.877535919915841e-07,5.972471754374578e-07,1.797287394636804e-06,1.1127250993688746e-06,4.909398361953525e-07
1-1A-rep2,0.6221924922743547,4.805730550833153e-07,4.51348868094184e-07,3.3066138375418195e-07,1.6184635131725443e-07,7.727575596058432e-07,0.3777995836998753,9.285774969134076e-07,1.2651022210802383e-07,7.723349255448545e-07,8.71278427751926e-07,7.633152044423789e-07,1.5205736743011198e-07,3.1560277866052197e-07,9.497389341078671e-07,5.879963065357299e-07,2.5942688861593433e-07
1-1B-rep1,0.8181691301386339,1.5620274965862324e-06,1.4670388509275892e-06,1.0747630730019605e-06,5.260562328778052e-07,2.5117274960202176e-06,0.1818051140558638,3.0181958134096765e-06,4.112016756696967e-07,2.510353790155365e-06,2.8319541575109415e-06,2.481036598472274e-06,4.94238672917634e-07,1.0258174341074691e-06,3.0869777528367585e-06,1.9111899616193123e-06,8.4322649612898e-07
1-1B-rep2,0.8303468309890504,5.082680927662096e-07,4.773597394440832e-07,3.4971713269075607e-07,8.058400185771087e-05,8.172909546987392e-07,0.1672592077531576,9.820906693571813e-07,1.3380090420410105e-07,0.0023059845923389,9.214895010396267e-07,8.07304444220487e-07,1.6082031091267693e-07,3.337907123271608e-07,1.0044716231148885e-06,6.218820595854645e-07,2.7437745103339805e-07
1-1C-rep1,0.3473947858574488,1.3490007160282053e-06,1.2669664680472285e-06,9.281886254940704e-07,4.543135356926689e-07,2.1691821674100416e-06,0.6525829708720964,2.6065791558095107e-06,3.5512265701002376e-07,2.1679958053265644e-06,2.4457368353569257e-06,2.1426768447712228e-06,4.2683520303697234e-07,8.859181135732314e-07,2.665980725717675e-06,1.650544969486739e-06,7.28228632042619e-07
1-1C-rep2,0.3434351332975253,4.468688807594063e-07,4.1969428244849467e-07,3.074710096740043e-07,1.5049553257952962e-07,7.185615217223659e-07,0.6565339321176837,8.634532925948723e-07,1.1763764272683889e-07,7.181685283828369e-07,8.101727962501323e-07,7.097813900878559e-07,1.4139308243766548e-07,2.9346851425146106e-07,8.831306083626262e-07,2.4113055283904585e-05,2.412324247654696e-07
1-2A-rep1,0.3355986609432882,6.748239355890701e-07,6.337871344829875e-07,4.643169523801957e-07,2.2726574160031965e-07,1.085111393810904e-06,0.0051253464953514355,1.303914804083049e-06,1.7764650987430695e-07,0.03740391171014885,1.2234550634710043e-06,0.6218275224039176,2.1351998419202254e-07,4.431715572185308e-07,1.3336298373734824e-06,3.641351538757557e-05,3.6428899232205456e-07
1-2A-rep2,0.284932332484597,9.442161348069689e-07,8.867972916365589e-07,6.496739889925159e-07,3.1799106224733144e-07,1.5182918566822232e-06,0.008914216311698041,1.8244423937840291e-06,2.4856365056026756e-07,0.04103230619426883,1.7118628285349707e-06,0.6651085933124763,2.9875794788139403e-07,6.200872742428612e-07,1.8660197777496134e-06,1.1552782536708973e-06,5.097144990608526e-07
1-2B-rep1,0.12776581367315407,2.4870156943801243e-06,2.3357774779868464e-06,1.7112071561721865e-06,8.375717521956959e-07,3.99910098654497e-06,2.5670045056197743e-06,0.7887798939872609,6.547035972036007e-07,3.996913811189339e-06,0.010759340559209893,3.950235813529026e-06,7.869127393737291e-07,1.6332773038692684e-06,0.07266560655609741,3.04294222725072e-06,1.3425612125094636e-06
1-2B-rep2,0.2796026114790301,1.1038346594126418e-06,1.036709234567159e-06,7.595005422306339e-07,3.717470428143086e-07,1.7749571445868498e-06,1.1393368166411059e-06,0.6540762946106479,2.9058301637119073e-07,1.77398639077568e-06,2.0012510405611365e-06,1.7532688730833447e-06,3.4926259517255224e-07,7.249122313610037e-07,0.06624785573554977,5.956294410448663e-05,5.958810803244164e-07
1-2C-rep2,0.5244406984521695,1.0393391112974698e-06,9.76135733138016e-07,7.151239652249798e-07,3.500263719855262e-07,1.6712488283595052e-06,1.0727669260778184e-06,0.2877054647779154,2.7360464850240837e-07,1.6703347943646616e-06,1.8843206817647126e-06,1.6508277728709725e-06,3.2885565984061823e-07,6.825566020116786e-07,0.1878396889000365,1.2716642188253585e-06,5.61064564499996e-07
1-3A-rep1,0.08321503386454573,2.2997086219811475e-06,2.159860758938466e-06,1.5823293194077994e-06,7.744908825484461e-07,0.05918763765970795,2.373673156779025e-06,4.443565142159747e-06,6.053952577514645e-07,0.00800808118393619,4.169369237940131e-06,0.8495600009399199,7.276472020558034e-07,1.5102686751361488e-06,4.5448299531075315e-06,2.8137661101262907e-06,1.2414475722538698e-06
1-3A-rep2,0.17430111663365408,1.718605692110165e-06,1.614095350601098e-06,1.1824977082463363e-06,5.787882980099104e-07,0.03643732402069981,1.7738804644456293e-06,3.3207408423764477e-06,4.5242067886489687e-07,0.008250386388133399,3.1158302562087233e-06,0.7809893167334886,5.437813344474171e-07,1.1286457409846337e-06,3.396417508038289e-06,2.1027683276517986e-06,9.277518220085781e-07
1-3B-rep2,0.03561801243438156,1.4066414234925236e-06,1.321101979381e-06,9.678486852687851e-07,0.7777175793752822,0.081082459929292,1.4518826238435573e-06,0.08204727335756716,3.702964971299413e-07,0.019660314140741278,2.5502393754864662e-06,0.003859663598070161,4.450732089782625e-07,9.23772019961186e-07,2.7798939455483092e-06,1.721070195020347e-06,7.593447115583483e-07
1-3C-rep1,0.1681275178311821,0.00044361951658396074,1.9657959086468196e-06,1.4401560329067386e-06,7.049023886828139e-07,3.3656529492660142e-06,2.16039712780111e-06,4.04430801389087e-06,5.510001123345197e-07,0.021748540895088837,3.794748784458157e-06,0.8096524306338065,6.62267642402385e-07,1.3745700829340716e-06,4.136474117759939e-06,2.5609474519523524e-06,1.1299027255514445e-06
1-3C-rep2,1.3466530830793638e-05,1.7264292856781891e-06,1.6214431826611882e-06,1.1878807821573044e-06,5.814231108854561e-07,2.7760842342720324e-06,1.7819556848733242e-06,3.3358578216898307e-06,0.058360827660956315,2.7745659472763342e-06,3.13001442286396e-06,2.7421631512908957e-06,0.9415964580119747,1.1337836650589473e-06,3.4118789895707907e-06,2.11234074140487e-06,9.319752184634548e-07
1-3C-rep3,0.20118997322361412,0.00010796889465807573,9.523841766686094e-07,6.977234064030383e-07,3.4150945076467356e-07,1.6305836221042213e-06,1.046664117463961e-06,1.959376831064373e-06,2.6694723802291894e-07,0.022034327758163226,1.8384709627553204e-06,0.7766542174977522,3.208538691983695e-07,6.659484796718376e-07,2.0040292482171377e-06,1.2407217960882495e-06,5.474126140239443e-07
1-4A-rep1,0.0003330455648230646,1.5225205355767082e-06,1.4299343525690648e-06,1.0475800541931614e-06,5.127511642240581e-07,0.28889447408471736,0.0021694660687142228,0.615203248230588,0.0012047866793028453,0.03974718082848457,2.7603280800404364e-06,0.05243335016542854,4.817383372813989e-07,9.99872353460205e-07,3.008901592215307e-06,1.8628519474290993e-06,8.218995243710752e-07
1-4A-rep3,0.0003456507034763619,1.0661019845097491e-06,1.0012711259852414e-06,7.335383323976792e-07,3.5903951438782505e-07,0.25457709757773833,1.1003905620180714e-06,0.6447614450290422,2.8064993953260845e-07,0.07573339207754112,1.93284174187799e-06,0.024570916503302172,3.3732365862348707e-07,7.001323629940963e-07,2.106898320054657e-06,1.304409439213081e-06,5.755119182466197e-07
1-4B-rep3,0.3995085469639977,4.6492530458719287e-07,4.366526748724882e-07,3.198948483087209e-07,1.5657653583897898e-07,0.1276932494784219,4.798784962832473e-07,0.3518417973461476,1.2239097245426997e-07,0.10783324013623928,8.429090730702484e-07,7.384611978711193e-07,1.4710628721145283e-07,3.053265605410799e-07,0.013118332122661065,5.688507897407495e-07,2.509797915885246e-07
1-4C-rep1,1.4754817393469465e-05,1.8915895395026824e-06,1.776559856035457e-06,1.3015203578537215e-06,6.370454230009193e-07,0.9999551445595345,1.9524279165825217e-06,3.654985358000294e-06,4.979584482492704e-07,3.0399970424891e-06,3.429449783954619e-06,3.0044944068206966e-06,5.985148825816925e-07,1.2422479962983472e-06,3.738279152386962e-06,2.314419526738495e-06,1.0211333814513444e-06
1-4C-rep2,3.2787524043046714e-06,4.203409357913868e-07,3.9477953159525625e-07,2.8921828639188146e-07,1.415615088018658e-07,6.759048022121741e-07,0.9999897903712759,8.121952112769558e-07,1.1065419624669499e-07,6.755351385474843e-07,7.620776607889513e-07,6.676458947193329e-07,1.329994169324935e-07,2.7604703575718946e-07,8.307044019586256e-07,5.143004068096551e-07,2.2691189191071997e-07
1-4C-rep3,9.469881861278267e-05,8.360213556817437e-07,7.851819584934959e-07,5.752298748206909e-07,2.815534591654064e-07,0.9998919976801879,8.629099493335867e-07,1.6153852356339888e-06,2.2008151783710058e-07,1.3435803041067857e-06,1.5157058113030116e-06,1.3278892881744512e-06,2.6452420733051777e-07,5.490334093469971e-07,1.6521983969720062e-06,1.0228985252630027e-06,4.513079058986969e-07
1-5A-rep1,0.07536760441801485,1.9708196135710198e-06,1.8509718603530166e-06,1.3560351202800936e-06,6.637283555268245e-07,0.8789739587776102,0.027128837578091227,3.8080760547849604e-06,5.188156606168736e-07,0.018503439360060603,3.5730938223266036e-06,3.130338999116811e-06,6.23583946185426e-07,1.294280109345366e-06,3.894858647011156e-06,2.411360023976023e-06,1.0639040099394425e-06
1-5A-rep2,4.269965177579602e-06,5.474158878797921e-07,5.141269131880111e-07,3.766530250930844e-07,1.843575355906706e-07,8.80240290488439e-07,0.019948901346424637,1.0577331990656917e-06,0.9800379466176039,8.79758872320489e-07,9.924644111302546e-07,8.69484599588149e-07,1.7320700343049352e-07,3.594999209180117e-07,1.081837977325907e-06,6.697806229616681e-07,2.955105349112074e-07
1-5A-rep3,0.08073486116651146,9.031133622796811e-07,8.481940248501849e-07,6.213929617974934e-07,3.041485596513186e-07,0.8720047534586726,0.019575641691608612,1.7450223987887352e-06,2.3774339997259937e-07,0.027672756119972844,1.6373435465131941e-06,1.4344544569683522e-06,2.857526840230311e-07,5.93094189459915e-07,1.784789873251167e-06,1.104987713702456e-06,4.875260632393849e-07
1-5B-rep1,0.04265279481332849,2.336547122669932e-06,2.194459069044069e-06,1.6076762869173926e-06,7.868972729222141e-07,0.7149337301608364,2.411696478249039e-06,0.21231481179829548,6.150929444090252e-07,3.755093900773253e-06,4.236157399742705e-06,0.030069708036784836,7.393032143427132e-07,1.534461319846644e-06,4.617632533294289e-06,2.8588391788599588e-06,1.2613340338727186e-06
1-5B-rep2,0.00013229080357874111,6.047684953366155e-07,5.679918441991755e-07,4.1611485580328906e-07,2.0367262235475974e-07,9.724628162970972e-07,0.03894242757287476,1.1685516066114112e-06,0.9609154689807125,9.719309600841062e-07,1.0964446262586107e-06,9.605802547089277e-07,1.9135385209978744e-07,3.9716462576431567e-07,1.1951818356595937e-06,7.399533490396195e-07,3.2647108991767827e-07
1-5B-rep3,0.03438307040403741,1.137540080145803e-06,1.0683649908265545e-06,7.8269177391072e-07,3.8309828131503844e-07,0.7781304743384022,0.001500920956109115,0.18597080488618756,2.994559238679653e-07,1.8281547910574872e-06,2.062358931801553e-06,1.806804667164203e-06,3.5992727453939744e-07,7.470473143141322e-07,2.248078812981625e-06,1.3918162048143348e-06,6.140762170217477e-07
1-5C-rep1,0.6694457171069084,1.9166361586983245e-06,1.8000833621995287e-06,1.3187538454036203e-06,6.45480569097374e-07,0.22995249983413965,1.978280099369724e-06,0.09663299723227886,5.045519376760683e-07,0.0029343035988149547,3.4748592773967697e-06,0.0010138109491303166,6.064398441200658e-07,1.2586966559362168e-06,3.7877778689010425e-06,2.3450648561477588e-06,1.0346542528767035e-06
1-5C-rep2,6.856748449314444e-05,6.053283682031893e-07,5.685176705681985e-07,4.1650007993275175e-07,2.038611751246207e-07,0.07607323112516197,6.247972829718509e-07,1.1696334095538227e-06,0.9238487282291242,9.728307387216015e-07,1.0974596751586052e-06,9.614695252726643e-07,1.9153100059632975e-07,3.9753230645410526e-07,1.1962882919078398e-06,7.406383711693306e-07,3.2677332508100954e-07
1-5C-rep3,0.7756420358923215,1.0040093037112074e-06,5.389088285721993e-05,6.908150637152661e-07,3.381280760030644e-07,0.14724980355948128,1.0363008211547373e-06,0.061898068377135414,2.6430412331171297e-07,0.015144721102933991,1.8202677789210437e-06,1.5947118940979887e-06,3.1767701077456084e-07,6.593547488785833e-07,1.984186828318435e-06,1.2284370837381887e-06,5.419925379671836e-07
1-6A-rep1,0.9561604024924464,1.2201026931372017e-06,0.013899436031439647,8.39499511192961e-07,4.1090353907248763e-07,1.9619151961271806e-06,1.259344328899643e-06,2.3575185765965025e-06,3.211904227061281e-07,1.9608421918241527e-06,2.2120448596273765e-06,0.029921868071740097,3.8605078156258406e-07,8.0126797816105e-07,2.4112442822691555e-06,1.4928341686460045e-06,6.58645844007278e-07
1-6A-rep2,0.029026959461091555,8.312569661921203e-07,7.807072968774206e-07,5.719517059664059e-07,2.7994891840517557e-07,1.3366544332965486e-06,8.579923248433081e-07,1.606179341088303e-06,0.9692051919759909,0.0017548389731004818,1.507067978324637e-06,1.3203217999458729e-06,2.630167143166237e-07,5.459045311345359e-07,1.642782708456625e-06,1.0170691442913406e-06,4.487359540833102e-07
1-6A-rep3,0.043468628141090884,1.030135663904321e-06,9.674919577129832e-07,7.087914740082181e-07,0.9565136699185772,1.656449759888516e-06,1.0632674721826004e-06,1.9904586537912953e-06,2.7118185313019396e-07,1.6555438197522558e-06,1.8676348416207826e-06,1.6362095348025518e-06,3.259436114702802e-07,6.765124979159337e-07,2.0358193974345377e-06,1.2604035103496633e-06,5.560962840346438e-07
1-6B-rep1,0.8324886935337631,2.1588483685955862e-06,2.0275663756963364e-06,1.4854095154201217e-06,7.270522718836749e-07,3.4714105987189807e-06,2.228282475923831e-06,0.16747765296769412,5.683139820671454e-07,3.4695120260806953e-06,3.91398975129531e-06,3.428993295408434e-06,6.830778299722319e-07,1.4177626827566943e-06,4.266452991491625e-06,2.641419142579311e-06,1.1654072348297648e-06
1-6B-rep2,0.8564220756076149,7.852012410106963e-07,7.374522720481806e-07,5.4026276781807e-07,2.644383711553066e-07,1.2625972022041718e-06,0.002319700951818236,0.12803739960238775,2.0670318976276687e-07,1.261906666632792e-06,1.4235689985116945e-06,0.013210641247691007,2.4844429446891096e-07,5.156587346073817e-07,1.551764464964411e-06,9.607185103657514e-07,4.23873774732252e-07
1-6C-rep2,0.5854400476311505,7.438934720606375e-07,6.98656474901641e-07,5.118406915149021e-07,0.0006279358395393315,1.1961746460725645e-06,7.678189963963e-07,0.4139206707725653,1.9582897413752153e-07,1.1955204381103943e-06,1.3486780581977239e-06,1.1815585407943329e-06,2.3537416801359332e-07,4.885310242145357e-07,1.4701294335409337e-06,9.101771508014807e-07,4.015746760603096e-07
1-7A-rep1,2.1002455238454528e-05,2.6925460053824633e-06,2.528809260041021e-06,1.852623609551327e-06,9.067898046207578e-07,4.329592053148075e-06,2.7791451992135632e-06,0.9861634676670549,0.002272635697703995,0.01150595709727864,4.881582988069631e-06,4.276688596726906e-06,8.519442630672282e-07,1.7682535297836695e-06,5.321180091432718e-06,3.294415052187948e-06,1.453512270908604e-06
1-7A-rep2,0.09902628908144506,7.629596205020591e-07,7.165631894519592e-07,5.249592776691137e-07,2.5694788643372374e-07,1.2268328575241437e-06,7.874983611323329e-07,0.8834994742189867,0.002575292933018777,0.014888477277746278,1.3832449646474555e-06,1.2118421383484433e-06,2.414068581704139e-07,5.010521786213792e-07,1.507809164659356e-06,9.33505185415228e-07,4.118671207068161e-07
1-7B-rep2,0.00017502503957968126,1.0543061195551146e-06,9.90192580820983e-07,7.254221115916651e-07,3.55066928568989e-07,1.6953156557719846e-06,1.0882153117554161e-06,0.9920244829125829,0.0005006811996515986,1.6943884592258622e-06,0.0072855646557948225,1.6746005267680762e-06,3.335913474741408e-07,6.923857618956608e-07,2.0835865840128748e-06,1.2899768259977667e-06,5.69144177668272e-07
1-7C-rep1,0.28284913813070844,1.8468213732463853e-06,1.7345140922276447e-06,1.2707173329111806e-06,6.219684970536462e-07,0.00107431335749948,1.906219891137434e-06,0.7006623376676885,4.861732876029433e-07,0.01539135914369823,3.348285147076754e-06,2.93338717012281e-06,5.843498572362205e-07,1.2128477677242045e-06,3.649805464458603e-06,2.2596442618112584e-06,9.969662627207727e-07
1-7C-rep2,0.3987527885612257,8.433087333435772e-07,7.920261825386271e-07,5.802440019260556e-07,2.840076864109063e-07,1.3560335767470342e-06,8.704317077745771e-07,0.5755285880807405,2.2199991038289944e-07,0.02570683261820841,1.528917819101776e-06,1.3394641488765914e-06,2.6682999507913654e-07,5.53819188771989e-07,1.6666001746409423e-06,1.0318148619243377e-06,4.5524183788464845e-07
1-8A-rep1,0.095863687399722,2.4088933924069486e-07,2.2624058808997153e-07,1.6574546034660557e-07,8.11261892753678e-08,3.8734809610670213e-07,2.4863695898017166e-07,4.654535190835236e-07,6.341380043771299e-08,0.9041324791471007,4.367321108326527e-07,3.826150744107426e-07,7.621941842030447e-08,1.581972688853314e-07,4.760607817447085e-07,2.9473571241484827e-07,1.300388590640554e-07
1-8A-rep2,3.0661477599314714e-06,3.93084704106403e-07,3.6918078195791443e-07,2.704644607465405e-07,1.3238221420302984e-07,6.3207700359103e-07,4.057273176086059e-07,7.595299127846248e-07,1.0347902925008245e-07,0.9999906783997876,7.126621422996388e-07,6.243536297018001e-07,1.2437531536823636e-07,2.58147275534252e-07,7.768389091797893e-07,4.809515467532498e-07,2.121982093464644e-07
1-8B-rep1,0.005701847728275401,1.3490007160282053e-06,1.2669664680472285e-06,7.206975392409357e-05,4.543135356926689e-07,2.1691821674100416e-06,1.3923880432092778e-06,2.6065791558095107e-06,3.5512265701002376e-07,0.9942055430437333,2.4457368353569257e-06,2.1426768447712228e-06,4.2683520303697234e-07,8.859181135732314e-07,2.665980725717675e-06,1.650544969486739e-06,7.28228632042619e-07
1-8B-rep2,0.010806296239376291,3.7178979777264516e-07,3.491808427847809e-07,2.5581236337912714e-07,1.252105618282127e-07,5.97834967595781e-07,3.837475124031015e-07,7.183832637762276e-07,9.787317327968018e-08,0.9891877871900272,6.740545002078773e-07,5.905299984977667e-07,1.1763742741856624e-07,2.44162447339745e-07,7.347545654376215e-07,4.548965564872992e-07,2.007026183325721e-07
1-8C-rep1,0.305804891705968,2.5014512826912426e-06,2.3493352219668274e-06,1.7211396556241846e-06,8.42433338322008e-07,4.0223132950104135e-06,0.012402851837165552,0.0005325044392586478,6.585037467629281e-07,0.6806996887642321,4.535128463045891e-06,3.9731644898798815e-06,7.914802812545634e-07,1.6427574687149617e-06,4.94352658730329e-06,0.0005307316655949577,1.3503539502031006e-06
1-8C-rep2,7.2860037268354205e-06,9.340765166337781e-07,8.772742750275993e-07,6.426973594448917e-07,0.9222937710667274,1.5019874332195065e-06,9.641188160616598e-07,5.1064768952086126e-05,2.4589440946651016e-07,0.0775858730066206,1.6934797117819708e-06,1.4836345894081141e-06,2.955496871812709e-07,6.134283664323496e-07,5.11058998505676e-05,1.142872110687111e-06,5.042408472058429e-07
1-9A-rep1,0.7432031580910394,1.2105995350140597e-06,1.1369816182249613e-06,8.329608020793422e-07,4.077030860883835e-07,0.06716454334703251,1.249535524807716e-06,2.3391562928824697e-06,0.0003833753239731991,1.9455695483751654e-06,2.194815644254963e-06,0.18923190065888867,3.830439021897351e-07,7.950270475096344e-07,2.3924635387982867e-06,1.481206754629079e-06,6.535157712372086e-07
1-9A-rep2,0.7817177083819437,5.025432122758762e-07,4.7198299536333455e-07,3.4577809182124077e-07,1.6924541321194609e-07,0.05528474362487129,0.0018821866944530418,9.71028885639572e-07,1.322938369752727e-07,8.076434380385139e-07,9.111102989184825e-07,0.16110868131035253,1.590089104460794e-07,3.300310587820085e-07,9.931577514001257e-07,6.148774875478354e-07,2.7128699908734e-07
1-9B-rep2,0.33447954378525535,8.154214440153137e-07,7.658347505817426e-07,5.610559730074594e-07,2.746158655874822e-07,0.016428253339054656,0.008515329985990017,0.175107618583322,2.1465861829506547e-07,0.0036995225805507384,1.4783581937894912e-06,0.4617617789008399,2.58006221554667e-07,5.355049992679936e-07,1.6114875457458601e-06,9.976938829163294e-07,4.401874926069893e-07
1-9C-rep1,0.3570509676188462,1.978427780587912e-06,1.8581173661923952e-06,1.3612699685659644e-06,6.662906175156554e-07,0.046745413872876236,0.008870546007881286,3.822776780532933e-06,5.208185005367587e-07,3.17955585826869e-06,3.5868874208782385e-06,0.5873067745139521,6.259912343912883e-07,1.29927655811761e-06,3.909894388937813e-06,2.4206688565418945e-06,1.068011113066397e-06
1-9C-rep2,0.43784764845253415,6.204202430291112e-07,5.826917915432457e-07,4.2688414154544264e-07,2.0894378400016142e-07,0.04518564262250869,0.009587244996274778,1.1987943772804788e-06,1.6332480965317443e-07,9.970850781955238e-07,1.1248212278529785e-06,0.5073712170756505,1.9630619706508854e-07,4.0744346892956274e-07,1.226113811585333e-06,7.591037565305702e-07,3.3492034474442217e-07
2-10A-rep1,0.07962562077279473,9.377257077063539e-07,8.807015546943317e-07,6.452082088503626e-07,3.1580523028356675e-07,0.05558596517600822,9.678853744900354e-07,0.09129087614874903,2.468550541972601e-07,1.5070306314142482e-06,1.7000956912395144e-06,0.7634965397638303,2.967043220112431e-07,6.158248695866273e-07,0.009991230754178697,1.1473370111841762e-06,5.062107834640445e-07
2-10A-rep2,0.23902743669021817,1.004062466738892e-06,9.430043009379428e-07,6.90851642878648e-07,3.381459801322384e-07,0.03166615233082543,1.0363556940419118e-06,0.054488243428654944,2.6431811840854414e-07,1.6136412607584175e-06,1.8203641634325883e-06,0.6748057249079202,3.176938320048584e-07,6.593896621952619e-07,1.984291892463653e-06,1.2285021303811336e-06,5.420212368688715e-07
2-10C-rep1,0.8013769746389338,2.338852694395107e-06,2.196624436364314e-06,1.6092626503826908e-06,7.876737383679414e-07,3.760856088956084e-06,0.0023459289123316657,4.519200478757738e-06,6.156998831209497e-07,3.7587992137279976e-06,4.240337398780378e-06,3.7149020397602223e-06,0.00838805628833477,1.5359754389491814e-06,0.1878558377375731,2.8616601186619643e-06,1.262578646513432e-06
2-10C-rep2,0.06402668244684966,2.3988369703926e-07,2.252961001197779e-07,1.650535217571014e-07,0.9359691953709559,3.8573103163503143e-07,2.4759897274310925e-07,4.635103874236826e-07,6.314906645623191e-08,3.8552006886886655e-07,4.3490888261192925e-07,3.8101776891376444e-07,7.590122474691947e-08,1.5753684177699901e-07,4.740733678804021e-07,2.935052774291879e-07,1.2949598504184476e-07
2-11B-rep1,0.4297948213348378,3.066259367411144e-07,2.879796692979962e-07,2.1097594936978234e-07,1.032648180247665e-07,4.930520096405332e-07,3.164878142638773e-07,5.924717206178589e-07,8.071887291823744e-08,4.927823512327665e-07,0.5702003622262218,4.870273876472389e-07,9.701903224383385e-08,2.0136792236115716e-07,6.059736126484358e-07,3.7516651502772355e-07,1.6552532834763867e-07
2-11B-rep2,0.4770729870370861,1.1216600544597523e-06,1.0534506473299909e-06,7.717654200257916e-07,3.7775024070201236e-07,1.8036202346829581e-06,1.1577355221674858e-06,2.1673047931857593e-06,2.9527552807720436e-07,1.8026338045474132e-06,0.5229093940777616,1.7815817277486824e-06,3.5490270049180584e-07,7.366185560250326e-07,2.216695699614895e-06,1.3723864919906071e-06,6.055037312960154e-07
2-11C-rep2,0.3548272970724775,1.4284703862922845e-06,1.341603498446887e-06,9.828682436250813e-07,4.810771589057862e-07,2.2969687501290918e-06,1.4744136621424365e-06,0.192100678275483,3.760429427597462e-07,2.2957124994217856e-06,0.4162147457910584,2.268901998185364e-06,4.5198007689761766e-07,9.381075746536713e-07,0.03684042380696802,1.7477786202347814e-06,7.711286013144502e-07
2-12A-rep2,0.0311866921207125,1.3844580198523027e-06,1.3002675734200702e-06,0.2559791282374862,4.6625476958161964e-07,0.5786910511315105,1.4289857449766054e-06,0.125728407684405,3.644567454169582e-07,0.008398542777741139,2.5100208887415376e-06,2.1989952313956544e-06,4.3805419298789076e-07,9.092036962590009e-07,2.7360536971088797e-06,1.6939281002464733e-06,7.473694846403592e-07
2-12B-rep2,1.0520259104341573e-05,1.3487128673946308e-06,1.2666961238122115e-06,0.07539489627233195,4.54216594654084e-07,0.6722887613600823,1.3920909366244695e-06,0.09787251201891453,3.550468812373669e-07,0.039904069614397186,0.08706114066485039,0.0274569268958312,4.267441253018045e-07,8.857290771143022e-07,2.665411861001804e-06,1.6501927775950115e-06,7.280732432320923e-07
2-12C-rep2,0.20172859952959807,1.459924607722714e-06,1.3711449533604318e-06,0.3289078475583053,4.916702433873068e-07,0.12234152676105012,1.5068795321066385e-06,2.820909586132376e-06,3.8432322501300057e-07,2.3462629693442627e-06,0.34700244590922935,2.3188621139425444e-06,4.6193245782010977e-07,9.587642460567859e-07,2.885195551748184e-06,1.7862638532923094e-06,7.881084771381547e-07
2-1A-rep1,0.333057678295911,2.59774688136596e-06,2.4397749771810487e-06,1.7873964620980709e-06,8.748635612164476e-07,4.1771558336120785e-06,0.008907425021552833,0.548948221042188,6.838534359465044e-07,4.174871277076336e-06,0.053981156288242044,0.05507654114935959,8.219490207619118e-07,1.7059968829789399e-06,5.133832053407189e-06,3.17842533076076e-06,1.4023370301684551e-06
2-1A-rep2,0.4496501510103563,1.6717862000641883e-06,1.5701230044277724e-06,1.1502832553908667e-06,5.630205310117068e-07,2.6882185975249037e-06,0.004498096662214273,0.4843770118881827,4.4009550941340845e-07,2.686748365718596e-06,0.028832704515473158,0.03262338693229486,5.289672523227086e-07,1.097898362144131e-06,3.303889860054553e-06,2.0454832008522106e-06,9.02477339763708e-07
2-1B-rep1,0.014999071694967727,1.8942349923853927e-06,1.779044435958484e-06,1.3033405787371038e-06,6.379363528858129e-07,3.045914444333459e-06,0.12596993890336583,0.8529098022175648,4.986548602270705e-07,3.0442485826734457e-06,0.006097048051252523,3.008696295350753e-06,5.993519261835973e-07,1.243985322750106e-06,3.7435072640642224e-06,2.3176563218681725e-06,1.022561471526479e-06
2-1B-rep2,0.04232779762852679,9.894967738865147e-07,9.29324364219917e-07,6.808296241596199e-07,3.332405776806665e-07,1.5911027556337607e-06,0.12784836333086372,0.8185379963261663,2.604837190005456e-07,0.00803770887314149,0.003237114448242829,1.5716610081755748e-06,3.130851239499631e-07,6.498240548673e-07,1.9555062469559975e-06,1.2106805452782255e-06,5.34158265074557e-07
2-1C-rep1,1.1686454077667295e-05,1.4982207978377358e-06,0.008455574367857535,1.0308604632368198e-06,5.045675512448887e-07,2.4091268439656714e-06,0.052859844481835956,0.9297242602901493,3.944046464870001e-07,2.4078092521170436e-06,0.008930948981812393,2.379689627840393e-06,4.7404969533456784e-07,9.83914187121037e-07,2.960878910179354e-06,1.8331204510641488e-06,8.087818406201376e-07
2-1C-rep2,6.061243492970713e-06,7.770604326663318e-07,7.298065153984167e-07,5.34661432238491e-07,2.616967273752989e-07,1.249506848671306e-06,0.06610064069663843,0.9338819868013529,2.0456013271682853e-07,1.2488234724336714e-06,1.4088097218109273e-06,1.2342390751016064e-06,2.45868474055129e-07,5.103124886894145e-07,1.5356760834832377e-06,9.507579743180703e-07,4.1947913679477756e-07
2-2A-rep1,0.20992134760628564,2.0349028475011907e-06,1.911158120885628e-06,1.4001280018569013e-06,6.853101680785292e-07,3.2721072100003296e-06,2.1003505485863133e-06,0.12341461500302811,5.356854873209547e-07,3.2703176397257166e-06,3.6892766559527174e-06,3.232125202673847e-06,6.438604218320694e-07,1.3363649630007751e-06,0.6666363375375878,2.489767884057303e-06,1.0984979469384053e-06
2-2A-rep2,0.25895307675861,1.420338562703096e-06,1.3339661801792504e-06,9.772730900641316e-07,4.783385409921424e-07,2.283892844009393e-06,0.001499539481699539,0.1761012798079815,3.7390225093874283e-07,2.2826437447342995e-06,2.575072274022606e-06,2.2559858670793566e-06,4.4940709933614435e-07,9.327672292198641e-07,0.5634282357961348,1.7378290773187438e-06,7.667388136012148e-07
2-2B-rep1,0.20431978133629644,2.419734553159683e-06,2.272587778496378e-06,1.6649139339010071e-06,8.149129553617754e-07,3.8909134592854765e-06,2.4975594301237147e-06,0.015062456251544858,6.369919256284981e-07,3.888785453501758e-06,0.023229099687231528,3.843370233941144e-06,7.656244188916325e-07,1.589092314935711e-06,0.7573601113758884,2.960621626628886e-06,1.3062409549654316e-06
2-2B-rep2,0.21294464406704092,1.336544727225981e-06,1.2552679419076322e-06,9.19618202225841e-07,4.5011863479599024e-07,0.0033149291199173142,0.00225688929612104,2.5825113251618982e-06,3.5184363440716213e-07,2.1479776310190475e-06,0.02960598881560841,2.122892452911272e-06,4.228940231352468e-07,8.777379947851216e-07,0.7518627244855328,1.6353046739011104e-06,7.215045379940341e-07
2-2C-rep1,0.7598436521271332,1.879962237432961e-06,1.7656396232578452e-06,1.2935201178256255e-06,6.331296054249178e-07,3.0229639705829464e-06,1.940426650620018e-06,0.003771051822524377,4.948975763343801e-07,3.021310660921684e-06,3.4083694979103936e-06,2.9860262543460973e-06,5.948359061506689e-07,1.2346120941130008e-06,0.2363597053063561,2.3001931555350862e-06,1.0148566358722097e-06
2-2C-rep2,0.07313506692224374,1.2391587246382733e-06,1.1638040914664984e-06,8.526111363212471e-07,0.9268436392670728,1.9925571396210524e-06,1.2790132513085447e-06,2.394339205312985e-06,3.26206897833474e-07,1.9914673767255597e-06,2.246593424075224e-06,1.968210005177754e-06,3.9208027063415904e-07,8.137824885531027e-07,2.448904019648764e-06,1.516149824863801e-06,6.689328272440582e-07
2-3A-rep1,0.34747010433541287,2.3725053347551695e-06,2.2282306218843525e-06,1.6324175661873461e-06,7.990072016090789e-07,3.814969260645301e-06,2.448811198773488e-06,4.584225107624324e-06,6.245588962542076e-07,0.0025061650489282524,4.301349599261599e-06,0.5702898270169044,7.506806958917504e-07,1.5580758598832215e-06,0.05993602307444209,2.902835186692904e-06,0.01976986285778294
2-3A-rep2,0.2778095005401807,7.09464628787828e-07,6.663212882393746e-07,4.881517043001084e-07,2.3893195913377546e-07,1.1408133464197244e-06,7.322828331126151e-07,1.3708485779215994e-06,1.8676562661253316e-07,0.004640559967639695,0.003106704335961764,0.627445237202762,2.2448059165438667e-07,4.659208539437899e-07,0.06304513052692363,8.680523739989197e-07,0.023945775392748194
2-3B-rep1,0.3403270923895267,2.600953765065248e-06,2.442786846682414e-06,1.7896029790684435e-06,8.759435685542259e-07,4.182312476489137e-06,2.6846071172443203e-06,5.025639933834989e-06,6.846976438453453e-07,4.180025099698978e-06,0.017699023371681166,0.6419371600157917,8.229637058088787e-07,1.7081029132601442e-06,5.140169700252249e-06,3.1823490542211686e-06,1.4040681964322713e-06
2-3B-rep2,0.3963060193594415,1.3615932800699554e-06,1.2787932641327104e-06,9.368530202349207e-07,4.5855443210233706e-07,2.18943090785679e-06,1.4053856164475661e-06,2.6309108811818017e-06,3.584376328643299e-07,2.188233471397788e-06,0.011491373039117559,0.5921833825556424,4.308195964962595e-07,8.941879242919116e-07,2.6908669489967214e-06,1.665952369190162e-06,7.350264532572973e-07
2-3C-rep1,0.5677487869116962,1.8866961088083597e-06,1.7719640003552069e-06,1.2981534013679706e-06,6.353974240236094e-07,3.033791980925413e-06,1.947377100591031e-06,0.00010314326413675611,4.966702590812331e-07,0.01373371942620388,3.4205779994120517e-06,0.3889396389691609,5.969665598423925e-07,1.239034373919866e-06,3.728608444463167e-06,2.308432259778529e-06,0.029452347758889642
2-3C-rep2,0.5242678689207049,1.0093536220509926e-06,9.47973695155463e-07,0.0037267783283535896,3.3992792394381534e-07,1.623032405801903e-06,1.0418170264962214e-06,0.03018322937536439,2.657110080569782e-07,0.036783392583930666,1.8299570222759098e-06,0.38442699554756987,3.193679981673419e-07,6.628644789815125e-07,1.9947486089881413e-06,1.2349760259687306e-06,0.02060046551426077
2-4A-rep1,0.8610945934520022,0.0038996545923147686,1.6143879850127272e-06,0.026561535102487162,5.788932319427062e-07,2.764004980943266e-06,1.7742020677919371e-06,0.09019973986999254,4.525027024325375e-07,0.018042046198720706,3.1163951541581672e-06,0.00018402956521765417,5.438799216410433e-07,1.1288503637054833e-06,3.397033276269541e-06,2.1031495581485757e-06,9.279200227957683e-07
2-4A-rep2,0.8137401321584088,6.705286547780547e-07,6.297530545201348e-07,0.027476213958711183,2.2581918624355845e-07,1.0782046172402395e-06,6.92094578193422e-07,0.11559747996552538,0.0005305964500908732,0.029138812672915206,1.2156677240182634e-06,1.0650299924069834e-06,2.121609211201596e-07,4.4035075287932647e-07,0.013509352801608235,8.204129804312783e-07,3.6197027860153544e-07
2-4B-rep2,0.23016749680859824,1.119342640692642e-06,1.0512741580956752e-06,0.02355382159679698,3.7696978711908287e-07,0.18482536885239012,1.1553435744226445e-06,0.2604434232055131,2.94665471963379e-07,0.06493502339185923,2.029366993805545e-06,1.7779008780949028e-06,3.54169451232519e-07,7.350966599959693e-07,0.23606399821143795,1.3695510630763922e-06,6.042527259870871e-07
2-4C-rep2,0.1946426229958448,0.05013883081181618,1.550169280716513e-06,1.1356650157987894e-06,5.558654507486363e-07,0.0001767414871849659,1.7036261225972239e-06,0.10123503063913052,4.34502607343547e-07,0.0014823957718695787,2.9924281395786697e-06,2.6216256760025936e-06,5.22244934150574e-07,8.812766159862271e-05,0.6522218240085979,2.0194884179398344e-06,8.910083125330163e-07
2-5A-rep1,0.08996054536019768,0.0017776118156140064,1.2653461313674883e-06,9.270015553438053e-07,4.537325093557052e-07,0.9082417510770239,1.390607303564036e-06,2.60324557443911e-06,3.5466848692622746e-07,2.1652231327945848e-06,2.4426089569139956e-06,2.1399365529229594e-06,4.2628931902731015e-07,8.847851036231879e-07,2.6625711750576498e-06,1.64843407024586e-06,7.272972928213416e-07
2-5A-rep2,5.4754964879783905e-05,9.044918666544656e-07,8.494887008263775e-07,6.223414506052947e-07,3.046128093652254e-07,0.9999308519714131,9.335826477673912e-07,1.7476859857882178e-06,2.3810628942881458e-07,1.4536201126952373e-06,1.6398427734498838e-06,1.4366439957648644e-06,2.861888544325108e-07,5.939994832679547e-07,1.787514160977502e-06,1.1066743573299814e-06,4.882702187785085e-07
