,18_1,18_2,18_3,18_4,18_5,18_6,18_7,18_8,18_9,18_10,18_11,18_12,18_13,18_14,18_15,18_16,18_17,18_18
1-10A-rep2,0.23451406762279944,1.7055882928840884e-06,3.559580371511546e-07,0.010035643891168358,0.007111553759220836,1.3985100185299457e-06,1.3251722451024976e-06,1.8211342703057626e-06,2.602873081503344e-07,5.176618021819961e-07,6.021303119298457e-07,0.6892096077701454,0.04243270553448029,6.819482806096942e-07,5.624228909921238e-07,0.01668636123386919,2.8638891391890776e-07,5.429859446711543e-07
1-10B-rep1,2.1374569905738325e-06,2.297458990686356e-06,4.794820626829699e-07,0.005254013750592081,2.2089963687215525e-06,1.8838188729611094e-06,1.7850315351136517e-06,2.453101560333795e-06,3.5061182042961863e-07,6.973000263427313e-07,8.110806719766912e-07,0.982056674859679,0.012670068130606326,9.185969527385352e-07,7.575940412282609e-07,1.3455459475575541e-06,3.8577116638347547e-07,7.314121148730509e-07
1-10B-rep2,7.385121585291353e-07,7.937944042038686e-07,2.685123545979631e-05,6.940577940148808e-07,7.632297087809984e-07,6.508777244565454e-07,0.0017885499188769877,8.475704242951514e-07,1.2113979062652077e-07,2.409239343143664e-07,2.802362529137763e-07,0.9941473192270726,0.0040307192392462395,3.17384172583092e-07,2.617561022952277e-07,4.648991986800566e-07,1.3328768627418223e-07,2.527099923466734e-07
1-10C-rep1,2.960344092052967e-06,3.1819443290816452e-06,0.001712180243570839,2.782147682101037e-06,3.0594249981870784e-06,2.6090593147191866e-06,2.472240415786464e-06,3.397506823934017e-06,4.855918204623658e-07,9.65749496937435e-07,1.1233338897827098e-06,0.9717257464196213,0.02653330365496296,1.2722422364565694e-06,1.0492557529882821e-06,1.8635598348897982e-06,5.342869579710759e-07,1.0129941994945653e-06
1-10C-rep2,0.004017994156005976,6.988347033110575e-07,1.458475238846043e-07,6.110293420971844e-07,6.719263883311141e-07,5.73014799617492e-07,5.429659411980896e-07,7.461776284396773e-07,1.0664813104415141e-07,2.1210278790762537e-07,2.4671226910249733e-07,0.9671724248671492,0.028803766752056634,2.794162731660759e-07,2.3044285411763148e-07,4.0928443417911207e-07,1.1734280337470474e-07,2.2247890837987143e-07
1-11A-rep2,1.552011167562652e-06,1.6681888928231404e-06,3.481527437565719e-07,1.45858864313132e-06,1.6039560320887642e-06,1.3678440976330555e-06,1.2961144430813268e-06,0.13689484742143077,2.5457984099139843e-07,5.063107387882985e-07,5.889270597038303e-07,0.20139243054268371,0.6616990720851909,6.669948145981104e-07,5.50090325864064e-07,9.770032081522062e-07,2.801091020737162e-07,5.310795844686641e-07
1-11B-rep1,3.1174076866554677e-06,3.3507651143046304e-06,6.993081378540503e-07,0.013182410307864312,3.221745415236562e-06,2.7474851941975245e-06,2.6034072512456905e-06,0.10037039119093488,5.113553109417782e-07,1.0169881647266783e-06,1.1829333326791355e-06,1.3101858606473797e-05,0.8864096087738439,1.339742139389954e-06,1.1049249168074807e-06,1.9624326001235357e-06,5.626340107320869e-07,1.0667394754951543e-06
1-11B-rep2,1.4650828027882553e-06,1.5747533972424856e-06,0.8227882453678441,1.376892887149723e-06,1.5141182281131188e-06,0.016730218118229556,1.2235188900000442e-06,1.6814358957338437e-06,2.403207881286136e-07,4.779522027735717e-07,5.559411718820012e-07,6.157458266070381e-06,0.1604624320883527,6.296363407946832e-07,5.192796889917312e-07,9.222811204256162e-07,2.644201516907546e-07,5.013337419078609e-07
1-11C-rep1,2.7294010602090724e-06,2.9337137695026766e-06,6.122690917335329e-07,0.013810038704388001,2.8207524443184035e-06,2.4055207902553147e-06,2.2793754381639506e-06,0.06706800422263029,4.4770972170322996e-07,8.904092290870934e-07,1.035700112690431e-06,0.2333577749524106,0.6857427421224548,1.1729917877955899e-06,9.674009762326797e-07,1.718179384202562e-06,4.926060431477852e-07,9.339682672390632e-07
1-11C-rep2,2.064276263683445e-06,2.218800229513273e-06,4.630658980383554e-07,0.010593867363060056,2.133366327661465e-06,1.819322026914109e-06,1.7239168994330468e-06,0.061614566204533365,3.3860782316157845e-07,6.734263657200919e-07,7.833114708167354e-07,0.3467824097395703,0.580992941384705,8.871466858947312e-07,7.316560771572148e-07,1.2994781057525865e-06,3.7256340852271194e-07,7.063705489099032e-07
1-12A-rep1,2.000268559600703e-06,2.150001149173131e-06,4.487074589602644e-07,0.005567298830520206,2.0672163248719254e-06,1.7629097007256848e-06,1.6704628319211465e-06,0.994405336556916,3.2810849721072247e-07,6.525452093085886e-07,7.590230702229168e-07,8.406739983046629e-06,3.2453579287129855e-06,8.59638632080553e-07,7.089693726201711e-07,1.2591847537830227e-06,3.6101121038706735e-07,6.844678811987939e-07
1-12A-rep2,1.378461190529339e-06,1.4816476165181835e-06,3.0922138685278934e-07,1.295485418871645e-06,1.424597443472029e-06,1.2148881674884445e-06,1.1511795118574965e-06,0.9999798465186226,2.2611205256266724e-07,4.496937382634736e-07,5.230716845479873e-07,5.793404465555536e-06,2.2364996603258914e-06,5.924096974454866e-07,4.885777765891233e-07,8.677521358145174e-07,2.4878656442209655e-07,4.716928663742679e-07
1-12B-rep1,3.3105806602784416e-06,3.5583982910024093e-06,7.426413961398605e-07,3.1113019378820886e-06,3.421383770136856e-06,2.917735587567677e-06,0.00048126588964249664,0.999473097241152,5.430419031110882e-07,1.080006751856163e-06,1.2562348615261765e-06,1.3913727069438811e-05,5.3712883417131e-06,1.422760467105576e-06,1.1733925839411338e-06,2.0840365027902533e-06,5.974981336954654e-07,1.1328409473829999e-06
1-12B-rep2,1.3744903443841738e-06,1.4773795277486437e-06,3.083306323212703e-07,1.2917535957945882e-06,1.4204936955350623e-06,0.0021368559730816548,1.1478633816984042e-06,0.8998032737114081,2.2546070584470188e-07,4.4839833389564883e-07,5.215649049618063e-07,0.09804676299328134,2.2300571169188778e-06,5.907031802220624e-07,4.871703614263958e-07,8.652524570080831e-07,2.480699006689987e-07,4.703340905066462e-07
1-12C-rep1,3.6643259235870564e-06,3.938623595738437e-06,8.219948096885511e-07,3.443753684626762e-06,3.786968671048193e-06,3.2295042014767043e-06,3.0601492134732215e-06,0.9287111359029895,6.010675248119913e-07,1.1954086441569256e-06,1.3904672447452167e-06,0.07125069109478561,5.945226270954185e-06,1.5747866001945726e-06,1.2987730265779614e-06,2.3067219217772346e-06,6.613425635160429e-07,1.2538883285952962e-06
1-12C-rep2,1.354377593621173e-06,1.4557612120250207e-06,3.03818867516364e-07,1.272851521854544e-06,1.399707783305529e-06,1.193662414369449e-06,1.1310668358365858e-06,0.8878600462286076,2.221615666386448e-07,4.418369753753541e-07,5.139329088673375e-07,0.11212584458460806,2.1974249611797693e-06,5.820594921181338e-07,4.800416565224118e-07,8.525913225839816e-07,2.444399238529787e-07,4.6345174871621255e-07
1-1A-rep1,0.12628165797969074,1.426646597126827e-06,0.001247274042623464,1.247395024198706e-06,1.3717142135192743e-06,1.1697896657168924e-06,1.1084459725538687e-06,1.5232955224202697e-06,2.1771842829670062e-07,4.3300042080886587e-07,5.036544658084193e-07,0.872457342706435,2.1534773817388853e-06,5.704185459101464e-07,4.7044102432442964e-07,8.355398530039916e-07,2.3955122769186615e-07,4.541829077302672e-07
1-1A-rep2,0.12796137151576395,7.538808101448411e-07,1.5733570319676026e-07,6.591591591831098e-07,7.248529696546658e-07,6.181502711784168e-07,5.85734511597766e-07,8.049528627797317e-07,1.1504863603805791e-07,2.2880978981750284e-07,2.66145405233083e-07,0.8720312183231793,1.1379589566494288e-06,3.0142545209053944e-07,2.4859447410264383e-07,4.4152312321742674e-07,1.265857108321276e-07,2.400032209260543e-07
1-1B-rep1,0.22398302453153487,2.4503776936368842e-06,0.0010714013126731756,2.1424990243595863e-06,2.3560270060024436e-06,2.0092057198274723e-06,1.903843103973831e-06,2.6163798213747435e-06,3.739485176401327e-07,7.437122652675464e-07,8.650661423810466e-07,0.7749219999233367,3.698766709703526e-06,9.797386989531737e-07,8.080194453888223e-07,1.4351053877455904e-06,4.1144806709779464e-07,7.800948519238987e-07
1-1B-rep2,0.213202204391416,7.973264043602405e-07,0.00010738363321480492,0.00016152299157150157,7.666257108647696e-07,6.537738146939983e-07,6.194899588334405e-07,8.513417016628082e-07,1.2167880394932802e-07,2.419959289885107e-07,2.814831683415882e-07,0.7865219153294911,1.2035386907387893e-06,3.187963782389353e-07,2.6292079001454375e-07,4.6696777466615465e-07,1.33880751841626e-07,2.5383442926353526e-07
1-1C-rep1,0.8756862229731232,2.1161981110907403e-06,4.4165273002259857e-07,1.8503075669262056e-06,2.0347148575210546e-06,1.7351926440290572e-06,1.6441992558554476e-06,2.2595610669600076e-06,3.2294986553713684e-07,6.422856749966078e-07,7.470894553232104e-07,0.12429297616735117,3.194333324518023e-06,8.461231056221189e-07,6.97822718716686e-07,1.2393874293949575e-06,3.5533527123811515e-07,6.737064479487539e-07
1-1C-rep2,0.8603363478509103,7.010086064573767e-07,1.4630121971503944e-07,6.129301043274871e-07,6.74016586317515e-07,5.747973079415262e-07,2.411097638347282e-05,7.484988037998769e-07,1.069798871898143e-07,2.1276258759386136e-07,2.4747973038553945e-07,0.13963319536621013,1.0581500572394764e-06,2.8028546857450444e-07,2.3115970524600214e-07,4.105576175441995e-07,1.1770782801965378e-07,2.2317098562879047e-07
1-2A-rep1,0.007011801659782708,1.0586050091797033e-06,2.2093195805700562e-07,0.7850700532603637,1.0178439008784255e-06,8.680111825230574e-07,3.6410395165825665e-05,1.1303207632098361e-06,1.6155214560479562e-07,3.2129639910004694e-07,3.7372334639446944e-07,0.2078730773706273,1.5979303830781263e-06,4.232638491169389e-07,3.4907819909740363e-07,6.199900350518742e-07,1.7775259135687223e-07,3.370142978473886e-07
1-2A-rep2,0.0132965776487074,1.4812049468373402e-06,3.09129001233495e-07,0.9281257345456648,1.4241718185875413e-06,1.2145251971361377e-06,1.1508355756466013e-06,1.5815499562737826e-06,2.2604449739703487e-07,4.495593839261973e-07,5.229154071895416e-07,0.058564423616817005,2.2358314646093085e-06,5.922327040708318e-07,4.884318049248634e-07,8.674928787842157e-07,2.487122348258801e-07,4.715519393898176e-07
1-2B-rep1,0.04000658668095835,3.901429908877259e-06,8.142324488510876e-07,3.4112332131829754e-06,0.004594254464636297,3.1990069566735835e-06,3.0312512421825517e-06,4.165734333364777e-06,5.953914512403839e-07,1.184120016619624e-06,1.3773366162313022e-06,0.03280456400059602,0.922565886610383,1.5599153848430498e-06,1.2865082959988443e-06,2.2849388062423487e-06,6.550972934064546e-07,1.24204745862663e-06
1-2B-rep2,0.02788540611205748,1.7316013783054117e-06,3.613869949280411e-07,1.5140336419291729e-06,0.006288616641464975,1.4198396446339565e-06,1.3453833470159186e-06,1.8489096259028957e-06,2.642571266635417e-07,5.255570139020214e-07,6.11313810259629e-07,0.24985488889118337,0.7159583465567622,6.923491369889482e-07,5.710007844775125e-07,1.0141418091941043e-06,2.90756825748846e-07,5.512673920874145e-07
1-2C-rep2,0.006688486950424634,0.0007689876474365979,3.4027159685546133e-07,1.4255705165447692e-06,1.5676472183898764e-06,1.3368801587740798e-06,1.2667742511404086e-06,1.7408801082415371e-06,2.4881690744887995e-07,4.948493633387044e-07,5.755954954556672e-07,0.4120223918056493,0.5803985766042088,6.51896027613389e-07,5.376379102368422e-07,9.548867493725861e-07,2.737682616771669e-07,0.00011014151771560095
1-3A-rep1,3.3563521850673453e-06,3.60759610017819e-06,7.529090296944596e-07,0.9907330116576032,3.468687239865336e-06,2.9580757032386805e-06,2.802954407837884e-06,0.009221071869465608,5.505499080444499e-07,1.094938741403462e-06,1.2736033509259165e-06,1.4106095891955673e-05,5.44555086019842e-06,1.4424313111874468e-06,1.1896157101097196e-06,2.1128500368004535e-06,6.057590412051061e-07,1.1485034135259228e-06
1-3A-rep2,2.5082474263205413e-06,2.696005405432268e-06,5.626591108008922e-07,0.9999628073504476,2.5921969335671963e-06,2.2106100195682745e-06,2.0946857754774392e-06,2.8786477119047356e-06,4.114333996465851e-07,8.18262544771886e-07,9.517810262360919e-07,1.0541676428905105e-05,4.069533879894738e-06,1.0779484465386885e-06,8.890159252263678e-07,1.5789614363427306e-06,4.526919322808251e-07,8.582921494095085e-07
1-3B-rep2,2.052944550131801e-06,2.206620266457213e-06,0.7665928552535459,1.929368595010257e-06,2.121655348588032e-06,1.8093349741005483e-06,1.714453567012436e-06,0.1872366510864259,3.3674905700420093e-07,6.697296344207416e-07,7.79011532206206e-07,0.02715908453016909,0.018993813989965018,8.822767504603573e-07,7.276396975521561e-07,1.29234470315523e-06,3.705182453342974e-07,7.024929726075525e-07
1-3C-rep1,3.054780369048989e-06,0.00033442987840188543,6.85259352049853e-07,0.9874815211363962,0.012145192739199246,2.6922894530011873e-06,2.551105971088876e-06,3.505888784119734e-06,5.010824128523825e-07,9.965573301370903e-07,1.1591687343399081e-06,1.2838648162842945e-05,4.956262319670183e-06,1.3128273226871133e-06,1.0827274724397039e-06,1.923008212272263e-06,5.513309466390715e-07,1.0453091594600776e-06
1-3C-rep2,2.5196657445111827e-06,2.7082784560252362e-06,5.652205091272976e-07,2.367995744001419e-06,2.6039974158839246e-06,2.220673400211658e-06,2.104221433101495e-06,2.8917522067756853e-06,0.9999606833486294,8.219875289985798e-07,9.561138278932718e-07,1.0589665400991722e-05,4.0880596569933715e-06,1.0828556013219556e-06,8.930630007278757e-07,1.5861493572398972e-06,4.5475272599315095e-07,8.621993607793467e-07
1-3C-rep3,1.4799691195199498e-06,1.5907540477183836e-06,3.3199201165868446e-07,0.9999780548074194,1.5295027807609474e-06,1.3043508108216197e-06,1.2359507400559515e-06,1.6985205187055274e-06,2.427626237453341e-07,4.828085479982634e-07,5.615899422812407e-07,6.220022561983534e-06,2.4011923265160128e-06,6.360339082065843e-07,5.245559518131603e-07,9.316521736167322e-07,2.6710685453159066e-07,5.064276607335566e-07
1-4A-rep1,2.2220667043275127e-06,0.000805315142729326,4.984620188891245e-07,0.07266695832211935,2.2964379178449683e-06,1.958388502342157e-06,1.8556907380324957e-06,0.9260982526519241,3.6449053981252546e-07,7.249021516203272e-07,8.431867231345519e-07,9.338914476561964e-06,0.0004050685870205104,9.549589593515172e-07,7.87582862174131e-07,1.3988084262728358e-06,4.0104164345322295e-07,7.603645428977051e-07
1-4A-rep3,1.5559377833884266e-06,1.6724094403577486e-06,3.490335763832909e-07,0.10401330373850604,1.6080140693446024e-06,1.3713047675001373e-06,1.2993936356480985e-06,0.89585296506845,2.5522393251177704e-07,5.075917139521615e-07,5.904170556273079e-07,0.00011898453810131117,2.5244485285074636e-06,6.686823233283623e-07,5.514820641609833e-07,9.794750436255217e-07,2.808177830781663e-07,5.324232252521228e-07
1-4B-rep3,6.785409411864688e-07,0.007258221868902854,1.5221275166223917e-07,6.376965136587959e-07,7.012512914738994e-07,5.980229013827779e-07,5.666626197509476e-07,0.5122669663526017,1.1130257856629227e-07,2.213595961231122e-07,2.5747953992443495e-07,0.430426099920295,0.05004347341913499,2.916108457999392e-07,2.405000783825259e-07,4.271468467864848e-07,1.224639987961449e-07,2.321885619265295e-07
1-4C-rep1,2.7607126582174737e-06,2.967369236103596e-06,6.192930223506995e-07,2.5945329610924544e-06,2.853112022361122e-06,2.4331168445997634e-06,2.305524357232864e-06,0.9999596376223515,4.5284583271117067e-07,9.006239740912629e-07,1.0475816298696376e-06,1.1602738729329785e-05,4.4791488979024355e-06,1.1864483104965073e-06,9.784989679944372e-07,1.7378902808416776e-06,4.982572032592168e-07,9.446827200773547e-07
1-4C-rep2,0.12681989612300293,6.593938586441056e-07,1.3761617889366755e-07,5.765440578741456e-07,6.340041955947904e-07,5.406749807783601e-07,5.123220203327185e-07,7.040648429729482e-07,0.004322729560604153,2.0013212721825698e-07,2.3278831793493249e-07,2.5783022107549653e-06,9.953339272019964e-07,2.636465728705018e-07,0.868848632665021,3.861852324414524e-07,1.107202082763809e-07,2.0992264002984673e-07
1-4C-rep3,1.2201426721374935e-06,1.3114779686256005e-06,2.7370680569667707e-07,1.1466968033319947e-06,1.2609801011015167e-06,1.0753562778639747e-06,1.0189646653514875e-06,0.9998939833418327,2.001427141451569e-07,3.9804567819395195e-07,4.629960475410696e-07,9.330585953496107e-05,1.9796340227298904e-06,5.243704764468053e-07,4.3246382123063483e-07,7.680893862083723e-07,2.2021302129609912e-07,4.175181705225115e-07
1-5A-rep1,0.06142821630472609,3.091659389463299e-06,6.452325056431909e-07,2.7032066292384593e-06,2.972616439437749e-06,2.535029495738007e-06,2.4020927156456083e-06,0.9385326070605592,4.718135692877889e-07,9.383471837603815e-07,1.0914602546963457e-06,1.2088726842475613e-05,4.666760906771359e-06,1.2361434548252947e-06,1.0194840214601912e-06,1.810682923867046e-06,5.191270240594695e-07,9.842513584274816e-07
1-5A-rep2,7.989329874025464e-07,8.587381093320233e-07,1.7921952976578872e-07,7.508416217638398e-07,8.256727858417815e-07,7.041288065852801e-07,6.672043382605044e-07,9.169137749401786e-07,0.9999875335171726,2.606349487351845e-07,3.0316357575589746e-07,3.3577600651347627e-06,1.2962376940498376e-06,3.433507251405549e-07,2.8317148521167173e-07,5.029345845602004e-07,1.441925202573421e-07,2.733852744335518e-07
1-5A-rep3,0.054439127400777255,1.4167263230624333e-06,2.956722458999361e-07,1.2387211868716946e-06,1.3621759151323153e-06,1.1616554619799766e-06,1.100738325926138e-06,0.9453524117242095,2.1620450993603437e-07,4.2998952599225704e-07,5.001522737836826e-07,0.00019604807422089578,2.1385030455148007e-06,5.664521057852846e-07,4.6716978398934504e-07,8.297298757116362e-07,2.3788549362993994e-07,4.5102471919982e-07
1-5B-rep1,3.4101171046708124e-06,3.665385659674006e-06,7.649697704088417e-07,3.2048468365289105e-06,3.524251638443845e-06,3.0054606895560224e-06,2.8478545285880442e-06,0.9881208347063708,5.593690872936955e-07,1.1124784065387813e-06,1.2940050185679146e-06,1.4332059399278901e-05,0.011834841226881814,1.4655374094761044e-06,1.208671991896128e-06,2.1466954755682205e-06,6.154626075633583e-07,1.1669011233870199e-06
1-5B-rep2,8.826370869604015e-07,9.487079833152526e-07,1.979963353286676e-07,8.295071955369695e-07,9.12178410416136e-07,7.77900285116397e-07,7.371072453075143e-07,1.0129787054333927e-06,0.9997948669252904,2.8794163658157597e-07,3.3492598202464895e-07,0.00019507003231267162,1.4320443395435275e-06,3.7932353354074937e-07,3.128393228949852e-07,5.556269720331242e-07,1.592995508361625e-07,3.02027812155314e-07
1-5B-rep3,0.005460752994877274,1.7844756976235101e-06,3.7242191994405885e-07,1.5602645465961865e-06,1.7157652659317185e-06,1.463194342598184e-06,1.3864645274692327e-06,0.9945166346330091,2.7232619837504907e-07,5.416048582391034e-07,6.299802319962894e-07,6.977495431458752e-06,2.693608957420956e-06,7.134899664011935e-07,5.884362509697456e-07,1.0451085539224082e-06,2.996350638013048e-07,5.68100300910466e-07
1-5C-rep1,2.797267536082728e-06,0.00010408377488212345,6.274931444197057e-07,0.010817880129020997,2.8908903696305693e-06,2.465333992886273e-06,2.3360520403813275e-06,0.44504574508374856,4.5884201056665036e-07,9.12549227984467e-07,1.0614527650708266e-06,0.5440087861120286,4.538457765276134e-06,1.2021581935785228e-06,9.914553726241784e-07,1.7609018632931444e-06,5.04854677703509e-07,9.571913603195958e-07
1-5C-rep2,8.834542016916482e-07,9.495862641854659e-07,1.9817963345280042e-07,8.302751244617358e-07,0.03077462639014176,7.786204381575507e-07,7.377896335705359e-07,0.06078229011075853,0.9084312250937461,2.88208202938764e-07,3.3523604485549155e-07,3.7129863012166245e-06,1.4333700764097056e-06,3.7967469808135583e-07,3.131289386646228e-07,5.56141352168101e-07,1.594470248224613e-07,3.0230741900415853e-07
1-5C-rep3,1.4653155226260223e-06,1.5750035376130039e-06,3.287048639427723e-07,1.3771115985349842e-06,1.514358736941518e-06,1.291436060954239e-06,1.2237132388225433e-06,0.33256839129624804,2.4035896168079707e-07,4.78028122686684e-07,5.560294798869019e-07,0.6674163438245159,2.377417435571686e-06,6.297363548463144e-07,5.193621735344122e-07,9.224276193895741e-07,2.6446215328594546e-07,5.014133758417668e-07
1-6A-rep1,0.00025915716489228666,1.9139932363379736e-06,3.9945236395554474e-07,0.04008805839044446,1.8402957902482945e-06,1.5693932278879223e-06,1.4870943501963634e-06,0.04401341967544135,2.920916785034563e-07,5.809146276511183e-07,6.757043005255437e-07,0.9090611686869621,2.8891115371921484e-06,7.652751851457329e-07,0.006563731077518294,1.1209627041211077e-06,3.2138262585988543e-07,6.093331138957363e-07
1-6A-rep2,1.2131892061305783e-06,1.3040039922768504e-06,2.7214697911841384e-07,0.00043951676550822846,1.253793906840279e-06,1.0692279344380778e-06,1.0131576918519403e-06,1.392344429695433e-06,0.968987843622874,3.9577725733160113e-07,4.603574812885895e-07,0.030559948070092553,1.9683522946192997e-06,5.213821437163261e-07,4.2999925495587303e-07,7.637121247952329e-07,2.1895805022359332e-07,4.151387779545e-07
1-6A-rep3,1.503446097746521e-06,1.6159884243344497e-06,0.9628720616164166,0.0001100646874283407,1.5537655190896038e-06,1.3250419287521086e-06,1.2555568171224918e-06,1.72546441145916e-06,2.466136046588704e-07,4.904674144026072e-07,5.704985300843933e-07,0.037002236333792966,2.439282810448347e-06,6.461234121140511e-07,5.328770637180698e-07,9.464311156272466e-07,2.7134401172987065e-07,5.144612007632509e-07
1-6B-rep1,3.1507700644484783e-06,3.3866248743602695e-06,7.067921067903828e-07,0.012184981390461952,0.01776395868783892,2.776888675629195e-06,2.6312688160441995e-06,0.09358885595700554,5.168278159154234e-07,1.0278719331564126e-06,1.1955930399473647e-06,0.8764355982502536,5.112001866514664e-06,1.3540800085082204e-06,1.1167497809935925e-06,1.983434478728924e-06,5.686552983890051e-07,1.0781556805492865e-06
1-6B-rep2,0.01080885162590525,1.2317556252827378e-06,2.570686703554512e-07,0.02016717911090028,0.01118156948619382,1.0099873395739798e-06,9.570236698877755e-07,0.06923688551804816,1.8797640517439014e-07,3.7384921055799425e-07,4.348513659288123e-07,0.8861124533822746,1.8592956967886031e-06,0.0024850225302364376,4.0617513772675087e-07,7.213986394095647e-07,2.0682667511848478e-07,3.921380057476796e-07
1-6C-rep2,1.0856851557541629e-06,1.166955467708607e-06,2.435448105861225e-07,1.0203328888967896e-06,1.1220223738827072e-06,9.56853960347684e-07,9.066766015748821e-07,0.40022978079723115,1.7808734891558625e-07,3.541817641458362e-07,4.1197472022480347e-07,0.5997589091111639,1.7614819327141348e-06,4.6658579803352853e-07,3.8480709004980506e-07,6.834473245967965e-07,1.9594594450673297e-07,3.715084230271442e-07
1-7A-rep1,0.97140070761723,4.22385131067615e-06,8.815221281943878e-07,0.014203324454006254,4.061213821499355e-06,3.463378823252092e-06,3.2817594654586644e-06,0.012784178177482508,0.0015626040398218262,1.2819778904181296e-06,1.4911622680887861e-06,1.6515721263479992e-05,6.375768378579474e-06,1.6888296846807442e-06,1.3928277270561665e-06,2.4737703859811098e-06,7.092357484314103e-07,1.3446925636431115e-06
1-7A-rep2,0.8045176278941845,1.1968648380596587e-06,2.497869270494013e-07,0.00575477799499818,1.1507800974216521e-06,9.813783747438086e-07,9.29914957292418e-07,0.02096417387072565,0.0013682027312440636,3.63259534333783e-07,4.225337388192914e-07,0.167385960184276,1.8066291700767426e-06,4.78544512671824e-07,3.9466979525877886e-07,7.009642562299625e-07,2.009680897258185e-07,3.810302799619871e-07
1-7B-rep2,0.888776193384525,1.6539050531548196e-06,3.4517169167470066e-07,1.4460995021172814e-06,1.5902221852228859e-06,0.014513097443615808,1.28501648470478e-06,1.765949722273809e-06,2.524000053342063e-07,5.019754615026657e-07,5.838843815434998e-07,0.09669580848622303,2.496516748216045e-06,6.612836825840388e-07,5.453801865917425e-07,9.68637634420886e-07,2.7771067254282103e-07,5.265322243535689e-07
1-7C-rep1,0.6298580717347032,2.8971403397865655e-06,6.046361792024445e-07,0.007599366181362076,2.785587258013839e-06,2.3755321299887195e-06,2.2509593812701485e-06,0.03370186567097884,4.4212830465765755e-07,8.79308855322916e-07,1.0227884559118377e-06,0.3288178459327621,4.373140626430166e-06,1.158368570917895e-06,9.553407773205202e-07,1.6967595328179276e-06,4.864649217186652e-07,9.223248604643333e-07
1-7C-rep2,0.510109187346945,1.322909798437756e-06,2.760926403778591e-07,0.01014105330061454,1.2719717534640906e-06,1.0847298931667595e-06,1.0278467288840574e-06,0.03104372758637066,2.0188730879408425e-07,4.0151534414293163e-07,4.6703186983150204e-07,0.44869559764117345,1.99689000398127e-06,5.289412844883166e-07,4.3623350163891815e-07,7.74784631842471e-07,2.221325638596054e-07,4.2115757338178933e-07
1-8A-rep1,3.515687204496669e-07,3.778858340557029e-07,7.886516360301748e-08,0.21983726613083784,3.6333551049413307e-07,3.0985034723345173e-07,2.936018153954681e-07,4.034859089576816e-07,0.0010290545939781435,1.1469184133853338e-07,1.3340647100073267e-07,0.7791300014077979,5.704065731186452e-07,1.5109073853062613e-07,1.2460899511405241e-07,2.2131526817858727e-07,6.345160438311483e-08,1.2030259438262183e-07
1-8A-rep2,5.736922000723207e-07,6.166366428682818e-07,1.286927038293104e-07,0.5787386443272398,5.928933271230002e-07,5.056158783698752e-07,4.791014149495933e-07,6.584110170894806e-07,9.41040065464098e-08,1.8715491726252375e-07,2.1769357568103607e-07,0.4212552600000428,9.307932783371675e-07,2.465508822494814e-07,2.0333779542260617e-07,3.6114374153814087e-07,1.0354075433704342e-07,1.9631058177616014e-07
1-8B-rep1,1.968819667435601e-06,2.1161981110907403e-06,4.4165273002259857e-07,0.3107491752033582,2.0347148575210546e-06,1.7351926440290572e-06,1.6441992558554476e-06,2.2595610669600076e-06,0.0009963079655571758,6.422856749966078e-07,7.470894553232104e-07,0.688233920409324,3.194333324518023e-06,8.461231056221189e-07,6.97822718716686e-07,1.2393874293949575e-06,3.5533527123811515e-07,6.737064479487539e-07
1-8B-rep2,5.426130661804596e-07,5.832310417743239e-07,1.217209204013458e-07,0.2842614400445108,5.607739936286215e-07,4.782247031373596e-07,4.531466311454533e-07,6.227423359510219e-07,8.900602714413145e-08,1.7701600874783782e-07,2.0590026947060474e-07,0.7157327945090298,8.803685925571649e-07,2.3319426370102953e-07,1.9232219756644152e-07,3.415791828844645e-07,9.793154966788527e-08,1.8567567536704162e-07
1-8C-rep1,0.02084677805400342,3.92407542789208e-06,8.189585920430968e-07,0.22611178627963371,0.0007952841425625463,3.2175753212368063e-06,3.048845882928846e-06,4.189913984995133e-06,0.024933200446844623,1.1909931408275393e-06,1.3853312498044196e-06,0.7272821828134656,5.923266277171585e-06,1.5689697813935545e-06,1.293975724290578e-06,2.2982015397510875e-06,6.58899750085386e-07,1.2492568177586855e-06
1-8C-rep2,1.3632509112511741e-06,1.4652987528766794e-06,0.9424431011225988,0.027980975302042174,1.4088780854494437e-06,1.201482793114327e-06,1.1384771144342289e-06,1.5645661888237217e-06,2.2361707664947767e-07,4.447317071264178e-07,5.172999831325707e-07,0.029512484360106044,5.147184641775426e-05,5.858729033687676e-07,4.831866894246223e-07,8.581771456583602e-07,2.4604139237698283e-07,4.664880914554211e-07
1-9A-rep1,1.7668273886957145e-06,1.8990854492282015e-06,3.963410933986341e-07,1.6604741108738857e-06,0.27388808554525745,1.5571694751135209e-06,1.475511610213808e-06,2.0277399934425622e-06,0.00031950457138216665,5.763899765533198e-07,6.704413478305459e-07,0.7226457874555764,0.0031311712053480084,7.593145791603261e-07,6.262291627189238e-07,1.112231704954671e-06,3.188794280031022e-07,6.045871157550782e-07
1-9A-rep2,7.334429218867936e-07,7.883457035510718e-07,1.6452856202364678e-07,6.89293697499083e-07,0.23356638076796002,6.46410021152824e-07,6.125123221414368e-07,8.417525985462033e-07,1.203082724742501e-07,2.392702033341265e-07,2.7831267743112974e-07,0.7657898373286477,1.189982610274533e-06,2.681760238418896e-05,0.0006098150851993896,4.617080744369054e-07,1.3237278349914908e-07,2.5097536044075994e-07
1-9B-rep2,0.05586149902057,1.279162548719545e-06,2.669625442078603e-07,0.012557862253283725,0.5311686941592763,1.0488590049405072e-06,9.938569076780784e-07,0.052722488809959375,1.9521110568244184e-07,3.882376497402919e-07,4.5158761213531643e-07,0.34497143610672976,1.9308549305642233e-06,5.114497469049472e-07,0.0027095822876175065,7.491633107160635e-07,2.1478687124081285e-07,4.072303309082612e-07
1-9C-rep1,2.8874507910128908e-06,3.103594509378199e-06,6.477233774882877e-07,2.713642156316465e-06,0.6673348700904028,2.544815787566453e-06,2.411365814973965e-06,3.313849154419326e-06,4.73634970295325e-07,9.41969602904663e-07,1.095673755402971e-06,0.3273135935522204,4.684776588326162e-06,1.2409154942083006e-06,0.005322150090382249,1.8176729299129473e-06,5.21131075121605e-07,9.880509872058882e-07
1-9C-rep2,9.0548026229253e-07,9.732611129333291e-07,2.0312059882252024e-07,8.50975337525165e-07,0.5806293633071118,7.980328094192465e-07,7.561840213595239e-07,1.0391951997522696e-06,1.4852793975528944e-07,2.9539373822904285e-07,3.4359406661309727e-07,0.41422424353882153,1.4691065029341788e-06,3.89140653297312e-07,0.005137177868102696,5.700069301483237e-07,1.6342231841962235e-07,3.0984447244544806e-07
2-10A-rep1,0.8600787478743366,1.4710233017836316e-06,3.070040814017814e-07,0.005935582741291634,0.04643728484911755,1.206176680280027e-06,0.0017814318884418533,0.032244581907966335,2.2449069159605186e-07,4.4646916059992916e-07,5.193209423719027e-07,5.751862231261485e-06,0.04881180954761812,5.881617595368412e-07,4.850743767166296e-07,0.004698846294847399,2.4700261341196393e-07,4.6831054157953713e-07
2-10A-rep2,0.7586813136199989,1.5750869353967052e-06,3.2872226914631e-07,0.004872855830307384,0.04125023036359862,1.2915044435976448e-06,0.006461228069191275,1.681792029606032e-06,2.403716888932879e-07,4.780534346844205e-07,5.560589221231812e-07,0.16002364210565645,0.02870174086960414,6.297696999246308e-07,5.193896742054753e-07,9.224764627205539e-07,2.6447615678303625e-07,5.014399261086486e-07
2-10C-rep1,0.008020744364676232,3.6690024731689114e-06,7.657246031183295e-07,3.208009214069421e-06,3.527729188166812e-06,3.00842632313177e-06,2.8506646445340536e-06,3.917560978579368e-06,5.599210438547239e-07,1.1135761428446296e-06,1.2952818759707037e-06,0.6375771666997879,0.3456141710597878,1.4669835261939706e-06,1.2098646470699882e-06,2.1488137239290706e-06,0.008758008264802277,1.1680525612225304e-06
2-10C-rep2,3.5010102354418854e-07,3.7630827087386386e-07,0.9325666914945802,3.290268701430527e-07,3.618186906709117e-07,3.0855681237285817e-07,2.923761134179213e-07,4.0180147292701356e-07,5.742784895341766e-08,1.1421303634017951e-07,1.3284953787992452e-07,0.06742933807326312,5.6802529198203e-07,1.5045997874885657e-07,1.2408878889010353e-07,2.203913414600062e-07,6.318671243458875e-08,1.1980036612616445e-07
2-11B-rep1,4.475088226599452e-07,4.810076518805365e-07,1.0038679342044339e-07,4.2057125623518713e-07,4.624866692458155e-07,3.944058615734242e-07,3.7372324412250765e-07,5.135937686566195e-07,7.34058667206193e-08,1.4599026563131476e-07,1.6981195794778668e-07,0.2875598846717967,0.7124356658907419,1.9232211110300495e-07,1.586137260021458e-07,2.817103153334968e-07,8.076700548630745e-08,1.5313214527801442e-07
2-11B-rep2,1.6370230128403645e-06,1.7595644054577519e-06,3.672229075568269e-07,1.5384832435345113e-06,1.6918131718323666e-06,1.4427681402059125e-06,1.3671094737875024e-06,1.8787670230608617e-06,2.6852452290188587e-07,5.340440509499054e-07,6.211857039235273e-07,0.23880580318713046,0.7611779204152892,7.035296419013824e-07,5.80221677138142e-07,1.0305188318172732e-06,2.9545215639191807e-07,5.601696170719117e-07
2-11C-rep2,2.0848032720762075e-06,2.240863812636499e-06,4.6767059060914266e-07,1.959309597358691e-06,2.1545803624702572e-06,1.837413228742379e-06,1.7410593998268381e-06,2.392672312132069e-06,3.41974913967288e-07,6.801228670093031e-07,7.911006613521687e-07,0.08634011108599857,0.9136391603801525,8.959684060236439e-07,7.389316103310657e-07,1.31240001860518e-06,3.7626815112336356e-07,7.133946446866968e-07
2-12A-rep2,2.0205685356122588e-06,2.1718207051240303e-06,4.5326122280831386e-07,1.8989414382506694e-06,2.088195728664571e-06,1.7808008106286542e-06,1.6874157331970452e-06,0.7777958786106145,3.314383473903878e-07,7.367086009505688e-05,7.667261109190214e-07,8.492056836712168e-06,0.011320090623438944,0.2107856244629301,7.161644370969083e-07,1.2719637479701906e-06,3.6467497787248094e-07,6.914142892210195e-07
2-12B-rep2,1.9683995610496654e-06,2.1157465571190493e-06,4.415584902426343e-07,1.8499127486309256e-06,0.15299536510624084,0.0811571929683457,1.6438484169144516e-06,0.7337443329033657,3.2288095455301104e-07,6.42148624194991e-07,7.469300415098288e-07,8.27280077620725e-06,3.1936517182487274e-06,0.03207894552523006,6.976738174306857e-07,1.2391229691285609e-06,3.552594498619554e-07,6.735626925882652e-07
2-12C-rep2,2.1307097783531165e-06,2.290206707507366e-06,4.779685036980567e-07,2.0024527847923817e-06,2.2020233314345875e-06,0.3448470826300484,1.7793968081267713e-06,0.17869986001363028,3.4950506021410895e-07,6.95098891405283e-07,8.085203709058011e-07,0.1596894538801607,0.04242580747855336,0.27432184995754727,7.552025789458107e-07,1.3412985245212394e-06,3.8455342027691e-07,7.29103299873912e-07
2-1A-rep1,0.3033148810289118,4.075137118017708e-06,8.504853226909302e-07,0.05192538018584308,0.03973301308218723,0.03767748311365505,3.16621462888468e-06,4.351209428899067e-06,6.219006516506539e-07,1.2368417592059289e-06,1.4386611319192802e-06,0.3393572030575397,0.22796895763742767,1.6293690349982858e-06,1.3437887728633653e-06,2.3866733887824437e-06,6.842648358744532e-07,1.2973483618075634e-06
2-1A-rep2,0.29711673614208944,2.6225586041458594e-06,5.473306875641612e-07,0.014196774260573933,0.01675377270072529,0.020544474131789944,2.037620619154323e-06,2.800225218372701e-06,4.002247918724515e-07,7.959707621200868e-07,9.258518230671064e-07,0.4744233191781257,0.17695006921024187,1.048582086519382e-06,8.647966206697122e-07,1.5359460675232558e-06,4.403593255556323e-07,8.34909847276009e-07
2-1B-rep1,0.863601480873807,2.97151922195475e-06,6.201591286812512e-07,2.5981615203387667e-06,2.8571022148792947e-06,0.02757366216440527,2.308748726261698e-06,0.061239264566323594,4.5347915591734273e-07,9.018835331323874e-07,1.0490467151340506e-06,0.04756199362831055,4.485413168733765e-06,1.1881076064283314e-06,9.79867438363119e-07,1.7403207906645203e-06,4.98954036103139e-07,9.460038970560911e-07
2-1B-rep2,0.8503708499199808,1.552237475646765e-06,3.239535633123835e-07,1.3572059873804922e-06,1.4924692719206483e-06,0.013516594080731647,1.2060249411402646e-06,0.04785320041774744,2.3688466661727044e-07,4.7111841257950326e-07,5.479922905778889e-07,0.08824702825399523,2.343052793610392e-06,6.206337614016339e-07,5.118549958403706e-07,9.090942878503828e-07,2.60639455986765e-07,4.941656410192692e-07
2-1C-rep1,0.9607781620114016,2.350282751393372e-06,4.905064360646706e-07,2.054980550510863e-06,2.2597861743533626e-06,0.03626805975653448,1.8260734335969633e-06,2.5095038945379703e-06,3.5867317646622515e-07,7.133325256743168e-07,8.297292448148871e-07,9.189862984585991e-06,3.5476765977010354e-06,9.397175672149477e-07,0.0029241887538021412,1.3764830817750582e-06,3.946409150333172e-07,7.482289280091688e-07
2-1C-rep2,0.9746579117158273,1.2189850081012104e-06,2.5440342936844927e-07,1.0658251572187318e-06,1.172048540295008e-06,0.025326339600570916,9.471014234040286e-07,1.3015657896479993e-06,1.860275001640389e-07,3.699732102754248e-07,4.303429064493872e-07,4.7663648971908796e-06,1.8400188588480432e-06,4.873888580449517e-07,4.019639881398579e-07,7.139193101740602e-07,2.0468233395482252e-07,3.88072390579426e-07
2-2A-rep1,2.969874695602889e-06,3.192188357807836e-06,6.662130050978644e-07,2.7911045958080013e-06,3.0692745852086403e-06,2.6174589835392986e-06,2.4801996065258813e-06,0.0001107225864121216,4.871551465433898e-07,9.688586542845678e-07,1.1269503781451441e-06,1.2481806119647848e-05,0.9998506755356468,1.2763381239608916e-06,1.0526337524009353e-06,1.8695594246082949e-06,5.360070543585147e-07,1.0162554575826608e-06
2-2A-rep2,2.0729351170384836e-06,2.2281072521000655e-06,4.650082832584804e-07,1.9481558398891934e-06,2.142314987542307e-06,1.8269533904645145e-06,1.7311480747805887e-06,2.379051551681816e-06,3.400281541207657e-07,6.762511330483671e-07,7.865971643435404e-07,0.049220586700876645,0.9507588027665538,8.90867928633755e-07,7.347250959653478e-07,1.3049289218830386e-06,3.741261702405138e-07,7.093335045495787e-07
2-2B-rep1,3.531527223646301e-06,3.795884084030911e-06,7.92204926266328e-07,3.318948735020386e-06,3.6497252798437146e-06,3.1124638594458067e-06,2.949246459283672e-06,4.053038251011661e-06,5.792842589300355e-07,1.152085883804162e-06,1.340075372880388e-06,0.00014245134691478163,0.9998224358045137,1.5177148174025983e-06,1.251704241474142e-06,2.2231240981325004e-06,6.373748721911284e-07,1.2084462081669532e-06
2-2B-rep2,1.950640528535437e-06,2.096658150149629e-06,4.3757472000598025e-07,1.8332227120644148e-06,2.0159272739607575e-06,1.7191707052928226e-06,1.6290175065331877e-06,2.2386973610711024e-06,3.19967900982183e-07,6.363551163515099e-07,7.401911887100683e-07,8.198163014202236e-06,0.9999724072404959,8.383104096611031e-07,6.913793575795209e-07,1.2279435188109909e-06,3.520542753405178e-07,6.674857649183223e-07
2-2C-rep1,2.743742919996178e-06,2.949129207032581e-06,6.154863094570975e-07,2.5785847076495585e-06,2.835574317380712e-06,2.4181607948305915e-06,2.2913526017303102e-06,3.148919518792504e-06,4.500622488373331e-07,8.950879567767989e-07,1.0411422831410272e-06,0.63621244159848,0.363760278240964,1.1791553685156406e-06,9.7248426331764e-07,1.7272076974748668e-06,4.951944816532517e-07,9.388758794363423e-07
2-2C-rep2,1.8085086394348854e-06,1.9438868018056173e-06,0.9363218941255267,1.6996463798821943e-06,1.8690383174637366e-06,1.5939046829503787e-06,1.5103204261668366e-06,2.0755764372521164e-06,2.966536913403476e-07,5.899876009109538e-07,6.862577394620237e-07,0.06365759590627867,2.9342349175890514e-06,7.772275804904976e-07,6.410025440455157e-07,1.1384703793553968e-06,3.264021172477898e-07,6.188499392355666e-07
2-3A-rep1,3.4625972727172094e-06,0.012140196267378982,7.767423110193922e-07,0.5219967748040953,3.578488285616458e-06,3.051713377426683e-06,2.8916817285476246e-06,3.973929211193044e-06,5.679775258898143e-07,0.03903803718247356,1.3139191736373432e-06,0.1948237356603589,0.23172469755979233,1.4880913708700526e-06,1.227272910075976e-06,0.00025241631922702696,6.249343002002354e-07,1.184859206693016e-06
2-3A-rep2,1.0354374432911066e-06,0.015603058236044064,2.3227306246527778e-07,0.5571812351083143,0.00011331430361807825,9.125688170776823e-07,8.647137683064574e-07,1.18834354046279e-06,1.6984510497019276e-07,0.044898022076258016,3.9290769404857807e-07,0.13439808670731543,0.2477994824828992,4.449912603402794e-07,3.669974369362036e-07,6.518159953223994e-07,1.868771685124283e-07,3.543142592136911e-07
2-3B-rep1,3.7960126077665884e-06,4.080167850362582e-06,8.515352417237854e-07,0.8585255655245013,3.923062828004059e-06,3.345564483423464e-06,3.1701233018650117e-06,4.3565809708568815e-06,6.226683842772995e-07,1.2383686329437514e-06,1.4404371504629652e-06,0.05556818416273153,0.08587207528395213,1.6313804813051743e-06,1.3454476720484829e-06,2.3896197227746202e-06,6.851095567126976e-07,1.2989499305836072e-06
2-3B-rep2,1.987198134829535e-06,2.135952321507809e-06,4.4577545412598714e-07,0.7300522357294614,2.0537084409778932e-06,1.7513902582432728e-06,1.659547468245173e-06,2.2806535367684876e-06,3.2596452638790964e-07,6.482812603367782e-07,7.540633592424522e-07,0.22978716346082517,0.040142710312358276,8.540214653170852e-07,7.043367292656488e-07,1.250956818829824e-06,3.586522422153862e-07,6.7999533879615e-07
2-3C-rep1,2.753570826115789e-06,2.9596927932818932e-06,6.176909408105549e-07,0.49082704734466664,2.845731157507132e-06,2.4268224872583037e-06,2.299560075576571e-06,3.160198740757274e-06,4.5167434211958585e-07,0.021691498775788014,1.044871586109354e-06,0.45601167367512285,0.010949265969742925,0.02049780585254432,9.759676377887068e-07,1.7333944414938277e-06,4.969682356158294e-07,9.422388708936763e-07
2-3C-rep2,0.0071875086854414185,1.58338726460875e-06,3.3045455642006456e-07,0.49482647080696435,1.5224196523115126e-06,1.2983103613027392e-06,1.2302270513127153e-06,0.0159706585881355,2.4163838986466443e-07,0.01362733320921936,5.589892188650272e-07,0.43436211900792215,0.012990483991622595,0.021026440867498965,5.221267328327544e-07,9.273376917478994e-07,2.658698825010917e-07,5.040823938818429e-07
