,15_1,15_2,15_3,15_4,15_5,15_6,15_7,15_8,15_9,15_10,15_11,15_12,15_13,15_14,15_15
1-10A-rep2,0.02534600206599874,1.2373229186613749e-06,3.500714121542577e-07,0.2174842538624038,0.7259633264390365,1.0403469673038066e-06,7.912711787657778e-07,5.152940977211292e-07,2.634902836115054e-06,1.3712376697310693e-06,9.149291113297677e-07,2.1289024255550266e-07,2.4702754395345577e-06,1.586019177036894e-06,0.03119329307151015
1-10B-rep1,3.5795087202821163e-06,1.6666955462642402e-06,4.7155229626164713e-07,2.2360885815849246e-06,0.98367789382752,1.4013655051752106e-06,1.0658560749549188e-06,6.941101346584685e-07,3.5492600642547736e-06,1.8470810509863321e-06,1.2324254663047691e-06,2.8676686882535355e-07,3.3275040905024745e-06,2.1363954864077836e-06,0.016298611562593508
1-10B-rep2,1.2367575321363292e-06,5.758606646048101e-07,2.684846761918579e-05,7.725918867383665e-07,0.9977496061308888,4.841863728341125e-07,3.6826437142185985e-07,2.3982227848948074e-07,1.226306306534658e-06,6.381857346316481e-07,4.258158304274005e-07,9.908093895045862e-08,0.0022160496227699683,7.381468843659193e-07,6.907599207757221e-07
1-10C-rep1,4.957557037376092e-06,2.3083442115191863e-06,6.530916914873549e-07,0.019364541127176484,0.9735432731508334,1.940866740386071e-06,1.4761920414615889e-06,9.613304091961954e-07,4.915663177274613e-06,2.55817498391221e-06,1.7068877382254788e-06,3.9716710300942936e-07,0.007064582657209942,2.958870422146836e-06,2.7689192241778466e-06
1-10C-rep2,0.006367750812394081,5.069719132863654e-07,1.4343577648970614e-07,0.012569551654622816,0.9748075159260241,4.262643846169817e-07,3.242098383348782e-07,2.1113294733882407e-07,1.0796063921567923e-06,0.0018095396064600104,3.7487656221066805e-07,8.722813742521423e-08,0.004441230304240237,6.498442440241539e-07,6.081260627473684e-07
1-11A-rep2,0.05793386562385045,1.2101914991435967e-06,3.4239521526087625e-07,5.7704235620947214e-05,0.2546141476070705,1.017534741337359e-06,7.739205664238944e-07,5.039949775565788e-07,0.031912442235349975,1.3411698322127084e-06,8.948669875509796e-07,2.082220881110155e-07,2.4161084324714498e-06,1.5512417143338e-06,0.6554715806520538
1-11B-rep1,5.220583297768628e-06,2.430814843945031e-06,6.877418758443408e-07,3.2612538796757964e-06,0.16796959845165138,2.043840627886555e-06,1.5545123248914231e-06,1.012334389710423e-06,0.16243872951174937,2.693900542766152e-06,1.7974477247895351e-06,4.182390497501164e-07,4.853043709519133e-06,3.115855125753046e-06,0.669562582469207
1-11B-rep2,2.4535145106331404e-06,1.1424086451854348e-06,0.7352774615856573,1.5326895981265532e-06,0.08074051899400801,9.605425968558991e-07,7.30573257534143e-07,4.757662071648352e-07,0.04203641995539898,1.2660508787790587e-06,8.447454668064754e-07,1.965595641226382e-07,2.2807821430856875e-06,1.464356629906331e-06,0.14193225147543753
1-11C-rep1,4.570808497100068e-06,2.1282658488238046e-06,6.021427550565964e-07,2.855345101148761e-06,0.32360114556655273,1.7894560005689684e-06,1.3610314668281352e-06,8.863351787476999e-07,0.1322598848812995,0.00010098303092846525,1.573730149478272e-06,3.6618333496067034e-07,4.249014364687797e-06,2.7280432611068774e-06,0.5440148761652608
1-11C-rep2,3.456956419510944e-06,1.6096325832038653e-06,4.5540767325420835e-07,2.1595312040742525e-06,0.43405485735371807,1.353386695706898e-06,1.0293641637782473e-06,6.703457578575428e-07,0.10689206719176843,1.7838421961047692e-06,1.1902306881306485e-06,2.769487786052179e-07,3.213579718756727e-06,2.063251319798298e-06,0.4590338129773147
1-12A-rep1,3.349765724854006e-06,1.559722311335158e-06,4.412867359543611e-07,0.05507789837574569,1.0560626557171833e-05,1.3114219028522622e-06,9.974464169569094e-07,6.495601827083926e-07,3.321458513138286e-06,0.012578093635392336,1.1533249135762853e-06,2.6836135997432766e-07,3.1139354650875664e-06,1.999275580627044e-06,0.9323152818031978
1-12A-rep2,2.3084531115999952e-06,1.074864966262829e-06,3.041077563016883e-07,0.10798852004352719,7.277736187778138e-06,9.037515518765522e-07,6.873789016928331e-07,4.4763704333681505e-07,2.2889455172386846e-06,0.013798433170416,7.948008022402842e-07,1.8493819190682147e-07,2.1459333589713246e-06,1.3777781236464036e-06,0.878193250460544
1-12B-rep1,5.544079900427876e-06,2.581441756467621e-06,7.303582172859639e-07,0.05275796491961523,0.09810974903492208,2.1704884489798115e-06,1.6508386216309548e-06,1.0750643026621843e-06,5.497229625990513e-06,2.8608297197911094e-06,1.9088276605671214e-06,4.441554855153352e-07,5.153765499219777e-06,3.3089309738082505e-06,0.8490993600352503
1-12B-rep2,2.301803309579146e-06,1.0717686767220633e-06,3.032317340154876e-07,0.04480021943879921,0.15198538477282122,9.011481769733257e-07,6.853988165931631e-07,4.4634756611051565e-07,0.002237254822513921,1.1877655869731136e-06,7.925112742640166e-07,1.844054531840402e-07,2.1397517164179676e-06,1.3738092530183335e-06,0.800965753024302
1-12C-rep1,6.136477991554913e-06,2.857274932820116e-06,8.083987256353763e-07,3.833405486712061e-06,0.13957622433309885,2.4024102894081378e-06,1.8272346450969032e-06,1.1899374740763888e-06,6.084621654137952e-06,3.1665161628946723e-06,2.112790424942718e-06,4.916145529365282e-07,5.7044575705260644e-06,3.662498099059071e-06,0.8603834980288914
1-12C-rep2,2.2681213661308257e-06,1.0560856460266067e-06,2.9879458941918714e-07,0.0060209506471338645,0.15715123951819815,8.879618105235695e-07,6.75369478254842e-07,4.398162289552231e-07,2.2489545953827574e-06,1.170385190844652e-06,7.809145753580632e-07,1.8170707577713558e-07,2.108441049687276e-06,1.3537065077592685e-06,0.8368143395765539
1-1A-rep1,2.222759974815339e-06,1.0349644154930736e-06,0.0013431878079777978,1.3885392068263616e-06,0.5674760615598969,8.702029799063704e-07,6.618623971774678e-07,4.3102010527046044e-07,2.203976530727449e-06,0.4311663595637982,7.652966405483344e-07,1.7807301725972025e-07,2.06627319176367e-06,1.3266329959350133e-06,1.2414668714042178e-06
1-1A-rep2,1.174570915541914e-06,5.46905250604035e-07,1.5473397486297556e-07,7.337444375042684e-07,0.5610127217304152,4.598405236718561e-07,3.497473099316938e-07,2.277635396536938e-07,1.1646451982493052e-06,0.4389795188772158,4.0440496766848884e-07,9.409895323197778e-08,1.0918787552898932e-06,7.010313980271099e-07,6.560271447578816e-07
1-1B-rep1,3.817759778248245e-06,1.777630316433928e-06,0.0009890134649854683,2.3849219863619352e-06,0.8355505584061739,1.4946399850817486e-06,1.136799144895986e-06,7.403099030765094e-07,3.785497780485e-06,0.1628590792310914,1.314455346424287e-06,3.058539880996124e-07,3.5489817937014633e-06,2.278593347803299e-06,0.0005787634543786132
1-1B-rep2,1.2422604975279303e-06,5.784229625697401e-07,1.636511700181759e-07,7.760295423046999e-07,0.8507449270391632,4.863407650925437e-07,3.6990296753972115e-07,2.40889370190457e-07,1.2317627690901808e-06,0.14458292185790875,4.277105023555272e-07,9.952180060995458e-08,1.1548028542497976e-06,7.414312765390298e-07,0.004664638376449976
1-1C-rep1,0.0005012881968070077,1.53519990429035e-06,4.3434869776390646e-07,2.0596700963942416e-06,0.2471562619073689,1.2908033469237452e-06,9.81764274780547e-07,6.393476089157925e-07,3.2692375780079186e-06,0.7523239658581339,1.1351920044166891e-06,2.6414210475398314e-07,3.0649772675730526e-06,1.967842389457962e-06,1.8415124168799506e-06
1-1C-rep2,1.0921943732853816e-06,5.085489769294761e-07,1.4388196954753635e-07,6.82284513831904e-07,0.23823516285742982,4.27590387193682e-07,3.2521837457796576e-07,2.117897294728726e-07,1.0829647793678383e-06,0.761757621942046,3.7604271004139186e-07,8.749948248513645e-08,1.0153016876697148e-06,6.51865747985373e-07,6.10017791813324e-07
1-2A-rep1,0.7775606276793483,7.679680844388613e-07,2.172785032542409e-07,1.0303289454900424e-06,0.2170555091326712,6.457112008370847e-07,4.911175589359133e-07,3.198271164149093e-07,1.6354027337689595e-06,0.005339028884767739,5.678682148597343e-07,1.3213439216655932e-07,3.712107559766052e-05,9.843930722547804e-07,9.211977927496037e-07
1-2A-rep2,0.9158256267515055,1.0745438310733335e-06,3.0401689865443747e-07,1.4416401342532067e-06,0.07594412644574126,9.034815398890205e-07,6.871735349158157e-07,4.475033037404479e-07,2.288261653706525e-06,0.00791854119554802,7.945633412435546e-07,1.848829383045858e-07,2.1452922228867854e-06,1.3773664877175125e-06,0.00030005688131893806
1-2B-rep1,0.7899619847495187,2.8302929094033747e-06,8.00764796854281e-07,3.7972055972928643e-06,0.0573345762079354,2.3797236763906594e-06,1.8099795719446585e-06,1.1787005712424366e-06,0.057583753018897725,3.1366138905318282e-06,2.092838770985426e-06,4.869721031579022e-07,5.650588827977084e-06,0.09509212733260075,3.3950103315586542e-06
1-2B-rep2,0.6295113853232233,1.2561941270886495e-06,3.554105766387728e-07,1.6853476030058547e-06,0.24589760255757145,1.0562139686828104e-06,8.033393649375323e-07,5.231531797544275e-07,0.043312686505363365,1.3921512982419036e-06,9.288832842426597e-07,2.1613716870453442e-07,2.5079512006387547e-06,0.0811496692325057,0.00011793159956440579
1-2C-rep2,0.38746228014802486,1.1827964079457912e-06,3.346444186684346e-07,1.5868750283010186e-06,0.4568038031577185,9.945008189741637e-07,7.564013353666249e-07,4.925860489835644e-07,2.5187875879764476e-06,1.3108097859793535e-06,8.746098937346596e-07,2.0350856707138213e-07,0.09416784919799619,0.0615543931811567,1.4187952108295797e-06
1-3A-rep1,0.9999478687754421,2.617132158497943e-06,7.404559769335627e-07,3.5112227600493934e-06,1.7720176967272196e-05,2.2004971079596914e-06,1.6736627252333599e-06,1.0899278869651533e-06,5.573233020184101e-06,2.9003828735989855e-06,1.9352186594891587e-06,4.5029627401164695e-07,5.225020239783382e-06,3.354679469372761e-06,3.139318438609209e-06
1-3A-rep2,0.9999610415825912,1.955820679624691e-06,5.533534511568318e-07,2.6239875057799404e-06,1.3242544304331641e-05,1.6444632859778733e-06,1.2507523390057323e-06,8.145188593951417e-07,4.164957569242221e-06,2.167498031994643e-06,1.4462168681602885e-06,3.365129123534163e-07,3.904733126771494e-06,2.507000442605577e-06,2.3460580323474763e-06
1-3B-rep2,0.07730041066304164,1.6007966333859753e-06,0.6309128834946423,2.147676629590312e-06,0.167141433221163,1.3459573872720107e-06,1.0237135512158604e-06,6.666659482296368e-07,3.408927068057069e-06,1.7740499364970247e-06,1.1836970115998826e-06,2.754284903509811e-07,3.1959390289328385e-06,2.0519252660679826e-06,0.12462659784420191
1-3C-rep1,0.9202569959421032,0.0003335269541795768,6.739255117692278e-07,0.07914684430730952,1.6128007205459698e-05,2.002780969869192e-06,1.5232830090764131e-06,9.919971367594885e-07,5.072474302781854e-06,2.6397815309853054e-06,1.761337967562397e-06,4.098368523781989e-07,4.755548673782311e-06,0.00011343491697265163,0.00011323890627465778
1-3C-rep2,4.219575216853998e-06,1.9647241480957316e-06,5.558724781090685e-07,2.6359326653078574e-06,1.3302828243916838e-05,1.6519493644159524e-06,1.256446129919915e-06,8.182267877646711e-07,4.183917675752643e-06,2.177365117760711e-06,1.4528004708505019e-06,0.046888954269754736,3.922508615416347e-06,2.51841304276374e-06,0.9530703851702883
1-3C-rep3,0.8939847391244389,1.1540163308955695e-06,3.2650177291046273e-07,0.05615285374313558,0.04984878195023505,9.703023939499504e-07,7.379964023058715e-07,4.806003307751093e-07,2.45749986308303e-06,1.2789148576677353e-06,8.533286825630043e-07,1.9855674932713766e-07,2.3039565145348186e-06,1.479235536503493e-06,1.384272756067414e-06
1-4A-rep1,0.11931825334523093,1.732670292340782e-06,4.902182986262686e-07,0.018549873004303354,0.01928191178721227,1.456837383990504e-06,1.1080470942186984e-06,7.215859024949456e-07,3.6897545486995616e-06,0.007388822590088011,1.2812099952968627e-06,0.0013652692128166082,3.4592205506151908e-06,0.043601003570279365,0.7904809269460032
1-4A-rep3,0.13105723249461068,1.213253298280899e-06,3.4326147929879424e-07,1.6277369030816703e-06,0.0549375885773379,1.0201091165460813e-06,7.758785948221224e-07,5.05270090948616e-07,2.583646118852157e-06,1.3445630081176381e-06,8.971310118582259e-07,2.0874889251362184e-07,2.4222212160428143e-06,0.0427306484268943,0.7712615886814268
1-4B-rep3,0.011941661372461613,0.022410467274911628,1.49695742192875e-07,7.098532707465331e-07,0.5023147459322175,4.4486783553758367e-07,3.3835932403694716e-07,2.203474197772596e-07,1.1267236397028284e-06,5.863616209905481e-07,3.91237295075171e-07,9.103503387738583e-08,1.056326516542315e-06,0.009734535378648454,0.45359347523406224
1-4C-rep1,4.623244451565832e-06,2.1526811467324283e-06,6.090504892366807e-07,2.888101394877293e-06,1.4575454567835901e-05,1.8099844986287436e-06,1.3766451124372984e-06,8.965031459910674e-07,4.584175701613265e-06,2.3856645947469327e-06,1.5917838575939799e-06,3.703841612893825e-07,4.297758722254408e-06,2.7593391581699008e-06,0.9999550792289971
1-4C-rep2,1.0273572901630021e-06,4.783594492268261e-07,0.9966644831944512,6.41781340753505e-07,3.2388941715236965e-06,4.022068893887879e-07,3.059120942113968e-07,1.9921703304614335e-07,1.0186756023349377e-06,5.301320185366637e-07,3.537192912023279e-07,0.003325178548082221,9.550292659031429e-07,6.131683560920016e-07,5.738046641490999e-07
1-4C-rep3,2.0433239681212465e-06,9.514151866556275e-07,2.691805452839054e-07,1.276447063169778e-06,9.461955999273962e-05,7.999543927908538e-07,6.084324511301576e-07,3.9622528829926495e-07,2.0260568488895177e-06,1.0543863075839903e-06,7.035167926689853e-07,1.636977759025391e-07,1.8994698416628873e-06,1.2195383344167468e-06,0.9998919687952107
1-5A-rep1,4.816891193160184e-06,2.242847196597073e-06,6.345608519143851e-07,3.0090708634769194e-06,0.06829992593216636,1.8857965401869255e-06,1.434306532495886e-06,9.340535967338261e-07,4.7761860304663616e-06,0.028792246584518552,1.658456463936732e-06,3.858978739479364e-07,4.477772342871288e-06,0.011539566144505768,0.8913420054993235
1-5A-rep2,1.337941823336607e-06,6.229742270162785e-07,1.7625590223709453e-07,8.358008508363428e-07,4.218057354472242e-06,5.237996791379165e-07,3.9839361537501435e-07,2.5944313919374275e-07,1.3266355393850163e-06,6.903983709285047e-07,4.60653599241494e-07,0.9999863600862473,1.2437480218391584e-06,7.985377591780939e-07,7.472738704846187e-07
1-5A-rep3,2.2073039071709553e-06,1.0277677409998144e-06,2.90782704362775e-07,1.3788839331347565e-06,0.061826856059244074,8.641519819245058e-07,6.572601053880007e-07,4.2802298638284727e-07,2.1886510746586317e-06,0.021195171559289943,7.599751138075457e-07,1.7683477802939831e-07,2.0519052624390795e-06,0.021862128517374672,0.895103812324503
1-5B-rep1,0.11423190994940816,2.659055413836231e-06,7.523171757984927e-07,3.567468252979962e-06,1.8004032523143313e-05,2.235746379506263e-06,1.7004727545061665e-06,1.1073871982793308e-06,5.662509394786084e-06,2.9468434588597907e-06,1.9662184948370793e-06,4.575094694217346e-07,5.308718671652365e-06,0.07418266613798305,0.8115390556334212
1-5B-rep2,1.4781176267113612e-06,6.882430684790538e-07,1.9472218549746242e-07,9.23367480179846e-07,3.655335494289125e-05,5.786780300123129e-07,4.4013320682847297e-07,2.8662492679632784e-07,1.46562678644465e-06,7.627312217337649e-07,5.08916152384586e-07,0.9999530376633096,1.3740551660782715e-06,8.822003444754995e-07,8.255655520129792e-07
1-5B-rep3,0.08644820802846294,1.294551829712839e-06,3.662629862418943e-07,1.7368094437997711e-06,8.765200275168128e-06,1.0884653066285986e-06,8.278692141082128e-07,5.391275850339893e-07,2.7567728974895065e-06,0.00456066610375607,9.572465984957967e-07,2.227368853123623e-07,2.5845311211109445e-06,0.04001491427995891,0.868955072013679
1-5C-rep1,0.003643445933767735,2.1811849026154504e-06,6.171149564207729e-07,2.9263428860753535e-06,0.571704626494842,1.8339505915075144e-06,1.3948733374031882e-06,9.083737877999944e-07,4.644874995292687e-06,2.4172532958096303e-06,1.6128607451601041e-06,3.7528843600389636e-07,4.354665554763819e-06,0.011525540539288007,0.4131031202486134
1-5C-rep2,3.34023846121435e-05,6.888802191759281e-07,1.949024522983483e-07,9.242223006065417e-07,3.658719472514496e-05,5.792137493344167e-07,4.4054066633266825e-07,2.8689027385206123e-07,1.4669836110479178e-06,7.634373308857677e-07,5.093872886676714e-07,0.9539840202072147,1.3753272169665504e-06,0.004087014037502856,0.04185174639083601
1-5C-rep3,2.4539042362472214e-06,1.1425901097371409e-06,3.23268992432392e-07,1.5329330563951864e-06,0.6905547640783755,5.3908634736538625e-05,7.306893045802027e-07,4.7584177968598504e-07,2.433167506442459e-06,1.2662519831353002e-06,8.448796494022442e-07,1.9659078639440354e-07,2.281144431230896e-06,1.4645892339053498e-06,0.3093761814358185
1-6A-rep1,0.1876942903940568,1.3885103730224199e-06,3.928463457224794e-07,1.8628670350064122e-06,0.8122231089920907,1.167466094628354e-06,8.879559434481341e-07,5.782574532904363e-07,6.730081153395586e-05,1.5387880557167254e-06,1.0267235355471835e-06,2.3890312354625753e-07,2.7721163329998572e-06,1.779813536074085e-06,1.665554489510836e-06
1-6A-rep2,2.0316792979729572e-06,9.459931800646392e-07,2.676465160701974e-07,1.269172737001113e-06,0.02959677425536303,7.95395543982219e-07,6.04965064014134e-07,3.9396724559108975e-07,2.014510582083528e-06,1.0483774803239755e-06,6.995075307397841e-07,0.9703889185526062,1.8886449797673333e-06,1.2125883245998823e-06,1.1347435487094135e-06
1-6A-rep3,2.5177598195373046e-06,1.1723226302002559e-06,0.7907116626580987,1.572823094895818e-06,0.20921641136727928,9.856944170644907e-07,7.497033276454017e-07,4.882241513966709e-07,2.4964834778122184e-06,1.299202437265077e-06,8.668651376807143e-07,2.0170647882821622e-07,2.3405044527319546e-06,1.502700827027022e-06,5.5731984370067926e-05
1-6B-rep1,0.3700182336038389,2.456829213464151e-06,6.951020297188956e-07,3.296155535691629e-06,0.626761659134048,2.0657136329261906e-06,1.5711485808952415e-06,1.0231683045009463e-06,5.231864830735144e-06,2.7227304326040557e-06,0.003189620622380124,4.227150077666749e-07,4.90498056216192e-06,3.1492007369217823e-06,2.94703086555949e-06
1-6B-rep2,0.34506116319968294,8.935804956302605e-07,2.5281758000346e-07,1.1988543123454399e-06,0.652276926663568,7.513267107963365e-07,5.714470179412965e-07,3.721395185463385e-07,1.9028967674667612e-06,0.002651151293217213,6.607513660646534e-07,1.5374690437594242e-07,1.7840047398383785e-06,1.145404955263411e-06,1.071873163609608e-06
1-6C-rep2,0.47500275217400123,8.465711170844556e-07,2.3951738222661127e-07,1.1357851244368928e-06,0.5249861167874289,7.118010027799725e-07,5.413843998373433e-07,3.525620461364696e-07,1.8027893961522834e-06,9.381950243905677e-07,6.259906352251976e-07,1.4565860515343466e-07,1.6901520264536477e-06,1.0851476249014266e-06,1.0154841851710468e-06
1-7A-rep1,0.006396378826627661,3.064192240870944e-06,8.669411102756586e-07,4.111011934333414e-06,0.12199489040907664,2.5763873415314722e-06,1.9595587940955755e-06,1.2761100212318954e-06,6.525256021772766e-06,3.3958280127273782e-06,2.265793869652613e-06,5.272161531618999e-07,6.117561325724875e-06,0.8715723693287764,3.675578694019928e-06
1-7A-rep2,1.8647533881183991e-06,8.682689189295048e-07,2.456562648238538e-07,1.1648955441892924e-06,0.22255020056286026,7.300446172852928e-07,5.552601997466611e-07,3.615982880549274e-07,1.848995280450325e-06,9.622411669064442e-07,6.420349113478588e-07,1.493918668816755e-07,1.733470990469687e-06,0.7774376313144369,1.0415112656867461e-06
1-7B-rep2,2.5768349661989867e-06,1.1998292774890416e-06,3.3946346841213116e-07,1.6097268353887958e-06,0.15785771146281843,1.0088221363170711e-06,7.672938991088635e-07,4.996795384926625e-07,0.019129098961863666,1.3296861132412685e-06,8.872047208081464e-07,2.0643919388980544e-07,2.395420589980054e-06,0.8229989299479956,1.4392265831032064e-06
1-7C-rep1,0.019775682144237906,2.101733717310146e-06,5.946361126058954e-07,2.819748800159189e-06,0.3793674354161171,1.7671476587933203e-06,1.3440641007013572e-06,8.752856373848516e-07,4.475682175587921e-06,2.329203154207725e-06,1.5541111646996352e-06,3.616182922961668e-07,4.1960438168637905e-06,0.600831942080479,2.521084535366082e-06
1-7C-rep2,0.029888019264267804,9.59708423364919e-07,2.715269215146893e-07,1.2875735175192803e-06,0.48694303903647346,8.069273854749125e-07,6.13735997268173e-07,3.9967908024221663e-07,2.043717455184216e-06,1.0635771165541176e-06,7.096491640799089e-07,1.6512468649150753e-07,1.916027022208264e-06,0.4831575532571474,1.1511953415784797e-06
1-8A-rep1,5.887587633397782e-07,2.741386277737888e-07,7.75610756928562e-08,3.6779258018077364e-07,0.998954106698284,2.3049705596162186e-07,1.7531235530533626e-07,1.1416746163728252e-07,5.837834545175258e-07,3.0380849450238e-07,2.0270974319427208e-07,0.0010417472316668391,5.473089595317107e-07,3.5139502732738035e-07,3.2883645027663134e-07
1-8A-rep2,9.607401985757218e-07,4.4734111164757134e-07,1.2656464396419923e-07,6.001662115619844e-07,0.999993157448968,3.7612652431618804e-07,2.860757878038139e-07,1.8629917139931984e-07,9.526214588074143e-07,4.957565840404491e-07,3.307830151435142e-07,7.696823224347226e-08,8.931021518558881e-07,5.734085831996302e-07,5.365973573719569e-07
1-8B-rep1,0.00021672185562330158,1.53519990429035e-06,4.3434869776390646e-07,2.0596700963942416e-06,0.9987671105588326,1.2908033469237452e-06,9.81764274780547e-07,6.393476089157925e-07,3.2692375780079186e-06,1.70135371096814e-06,1.1351920044166891e-06,0.0009962463362477253,3.0649772675730526e-06,1.967842389457962e-06,1.8415124168799506e-06
1-8B-rep2,9.086932124911211e-07,4.231069257068693e-07,1.1970815115482925e-07,5.676529030651377e-07,0.9991896455983488,3.55750306056397e-07,2.7057796376247624e-07,1.7620662984045964e-07,9.010142960344351e-07,2.007579071398326e-05,3.128632289081516e-07,7.279856752196786e-08,8.447193785122922e-07,0.0007848179915563015,5.075278178298674e-07
1-8C-rep1,0.0004018673136920509,2.846721018252132e-06,8.054127437862995e-07,3.819246039349651e-06,0.9646024769067266,2.3935365080787947e-06,1.8204853896722668e-06,1.1855422027994137e-06,6.062146891076598e-06,0.01781206241024167,2.1049864123190913e-06,4.897986765808885e-07,5.68338701929402e-06,3.648969932203695e-06,0.017152733136506254
1-8C-rep2,2.2829811230565626e-06,1.0630046655407548e-06,0.7711644769836645,1.426158844736203e-06,0.22872104414187722,8.937793548846221e-07,6.797942089733083e-07,4.4269771596551383e-07,2.2636887798595856e-06,1.1780530518794e-06,7.860307922161502e-07,1.8289754248586414e-07,5.138218286641005e-05,5.0622503627957417e-05,1.2751018843370074e-06
1-9A-rep1,0.005748809810670983,1.3776955153606705e-06,3.897865361636361e-07,0.2954662742078053,0.6984494359319198,1.158372911110509e-06,8.81039814246022e-07,5.737535099489336e-07,2.9338289673435603e-06,1.5268027122021847e-06,1.0187265705185819e-06,0.00031945098557641506,2.7505248172678245e-06,1.7659508884258738e-06,1.6525817850342116e-06
1-9A-rep2,1.2282682880382161e-06,5.719078916308808e-07,1.6180788396127566e-07,0.25437050308517184,0.7455155067978796,4.808628626058233e-07,3.6573656297080634e-07,2.3817611114514598e-07,1.2178888008355049e-06,6.338051553018718e-07,4.228929822284534e-07,9.840083613776926e-08,1.1417957245148202e-06,0.00010674255538287954,6.860184662639966e-07
1-9B-rep2,4.49954492752387e-05,9.279719193274891e-07,2.625478242898177e-07,0.604573022217271,0.3486273371298565,7.802431826445913e-07,5.934404215693328e-07,3.864621318077021e-07,1.9761339624391935e-06,0.0061073796658770736,6.861818452436157e-07,1.596641943754303e-07,1.8526661119091415e-06,1.189488400810849e-06,0.04063845073772583
1-9C-rep1,4.835486364202365e-06,2.251505504532577e-06,6.370105164604258e-07,0.6672277987180298,0.33263644744964693,1.893076486486174e-06,1.4398435426190442e-06,9.376594258251068e-07,4.79462406292429e-06,2.4951846562108812e-06,1.6648587845157615e-06,3.8738759764795797e-07,0.00010883044196214428,2.8860137103546785e-06,2.700739709325919e-06
1-9C-rep2,1.5163721444687484e-06,7.060551872230189e-07,1.9976170547087827e-07,0.5822645578562655,0.4177255895545843,5.936545437720251e-07,4.515241024324285e-07,2.9404294154271516e-07,1.5035580342117787e-06,7.824711358912366e-07,5.220871894093809e-07,1.2148183614678206e-07,1.409616488668896e-06,9.050321869036267e-07,8.46931654073228e-07
2-10A-rep1,0.04045433369065332,1.0671575457646717e-06,3.0192712298667977e-07,0.8773854481698927,0.08209816610338837,8.972711162359775e-07,5.013482381356806e-05,4.444272197479559e-07,2.272532417777392e-06,1.1826553959522607e-06,7.891016082136732e-07,1.836120751796658e-07,2.1305457416633373e-06,1.3678986358173172e-06,1.2800833727260998e-06
2-10A-rep2,2.454034172300263e-06,1.14265061073262e-06,3.232861097657936e-07,0.7670989496972745,0.23272625304898945,9.607460426333995e-07,7.307279951219258e-07,4.758669758618632e-07,2.433296344470246e-06,1.266319032118881e-06,8.449243864075914e-07,1.9660119602264865e-07,2.2812652195238672e-06,0.0001603168963735314,1.3706392776204952e-06
2-10C-rep1,0.0933763266941122,2.6616792196675322e-06,7.530595199341496e-07,3.5709884293389975e-06,0.7233010584493045,2.237952487869908e-06,1.7021506850622679e-06,0.011348659532417493,5.668096839520229e-06,0.0064167829548314416,1.9681586482936494e-06,4.579609139488016e-07,0.16553154778822354,3.411780564188043e-06,3.1927538029875245e-06
2-10C-rep2,5.863008683978917e-07,2.7299417950645654e-07,0.8210889105106307,3.662571541645872e-07,0.17890699099462826,2.295347984408097e-07,1.7458047770420999e-07,1.1369084601139443e-07,5.813463300289218e-07,3.0254018325431697e-07,2.0186348954423382e-07,4.697059774359145e-08,5.450241053485624e-07,3.4992805627904696e-07,3.27463654662927e-07
2-11B-rep1,7.494258997324115e-07,3.4894867059875113e-07,9.872681742451996e-08,4.681599705681339e-07,0.3483446294891885,2.933976941079013e-07,2.2315356949190264e-07,1.453227671250959e-07,0.11992026081153906,3.8671518543053633e-07,2.580274658098318e-07,6.00391102458186e-08,0.0043343577689861435,4.4728766842038286e-07,0.5273972727254673
2-11B-rep2,6.189388527299797e-05,1.2764799204489029e-06,3.611499646523532e-07,1.7125636299538635e-06,0.3420279940949137,1.073270359769887e-06,8.163121818006779e-07,5.316013782226478e-07,0.11049945785039472,1.4146326114031066e-06,9.438834613280366e-07,2.196274842913235e-07,0.016683533759741433,1.6362112124495053e-06,0.530717134677473
2-11C-rep2,0.12844547090930372,1.6256386009106098e-06,4.599361994271722e-07,0.0027141524216503375,0.30804576030248076,1.3668446311647153e-06,1.0396000531383697e-06,6.770116058168033e-07,0.3031416001387433,1.801580535943827e-06,1.202066217349006e-06,2.7970272823351946e-07,0.03533420648638614,0.01552058687242542,0.2067897704884383
2-12A-rep2,0.0008795215232544764,0.19727859498672898,4.457651766449531e-07,0.06615051484615275,0.027243949907717575,1.324730993594737e-06,1.0075690974193628e-06,6.561523064143961e-07,3.3551666528701136e-06,1.7460723179547687e-06,1.1650295418861824e-06,2.7108485093014e-07,3.1455375372970696e-06,2.0195654202765936e-06,0.708432282062251
2-12B-rep2,3.296396202967106e-06,1.5348723245391664e-06,4.342560167795325e-07,0.23137625521695745,1.0392371330843456e-05,1.2905279163182388e-06,9.815547866898073e-07,6.392111854245825e-07,0.11032032294356635,1.7009906774480381e-06,1.1349497780373667e-06,2.640857423188953e-07,3.0643232651282315e-06,0.056618585930066134,0.6016601023701835
2-12C-rep2,3.5682094843010915e-06,0.09855055824426595,4.7006377336947926e-07,2.2290300451956593e-06,0.18440547419284004,1.3969418926696948e-06,1.0624915463969955e-06,6.919190758229674e-07,0.43200186618151837,0.06351968489746908,1.2285351374186016e-06,2.8586164780883874e-07,3.3170003435124548e-06,2.1296516456642373e-06,0.22150603677931438
2-1A-rep1,0.6499159967888661,2.95630814273162e-06,8.364178426508409e-07,0.01932042080649487,0.2501749527185136,2.4856778811094687e-06,1.8905666367393211e-06,1.2311807322235707e-06,0.058366647514411174,0.019319730802772907,2.1860197859849375e-06,5.086539237920518e-07,5.902174191185873e-06,0.002880708200906721,3.546168898101985e-06
2-1A-rep2,0.5527934323387901,1.9025387877561141e-06,5.382785932944536e-07,0.009171626189844559,0.38035311144823347,1.5996636190666246e-06,1.2166784325502276e-06,7.923291432093324e-07,0.040383241383227096,0.01728228578250947,1.4068179745957642e-06,3.2734538242841556e-07,3.798357542136499e-06,2.4387029100715525e-06,2.282145010208385e-06
2-1B-rep1,0.7507181677659082,2.155691746375751e-06,6.099022675822311e-07,2.892140505380256e-06,1.4595838849265503e-05,1.8125158250605575e-06,1.3785703986278598e-06,8.977569368999789e-07,0.026277067035087455,0.20119161929300003,1.5940100228210939e-06,3.709021564534888e-07,4.303769287681594e-06,2.763198190195151e-06,0.02177977160981798
2-1B-rep2,0.7788277134992121,1.126074449570896e-06,3.1859627491471103e-07,1.5107751528729423e-06,0.00011198966595435564,9.468087278596657e-07,7.201274975605948e-07,4.6896368660674173e-07,0.016335551588742683,0.20471358513748633,8.326672689063955e-07,1.9374914914213312e-07,2.2481714465224964e-06,1.4434192116338578e-06,1.3507557389893303e-06
2-1C-rep1,0.7958807959258518,1.7050165130634426e-06,4.823943123272887e-07,2.287501136497582e-06,1.1544390009309236e-05,1.4335859554654477e-06,1.0903624314713357e-06,7.100692409780698e-07,0.03508448538209276,0.099555665880923,1.2607616165288539e-06,2.933602647722011e-07,3.404010669080767e-06,0.06945279614710465,2.0452118782817867e-06
2-1C-rep2,0.7887333315632166,8.843160314991532e-07,2.5019641782153104e-07,1.1864248302456612e-06,5.987560285130769e-06,7.435371054983763e-07,5.655223693769707e-07,3.6828125033412966e-07,0.028400640512733704,0.12453752197441108,6.539008278530192e-07,1.5215288717455415e-07,1.765508534960607e-06,0.058314887788902106,1.0607601967018493e-06
2-2A-rep1,0.5861523099746073,2.3157757190871555e-06,6.551942617295424e-07,3.106913949922702e-06,0.024912454193666136,1.9471151871288148e-06,1.4809445096044045e-06,9.644253263994487e-07,4.931488714870439e-06,2.5664107992894244e-06,1.7123829105143414e-06,3.9844574694694705e-07,0.3677686149570529,0.021143763944036355,2.7778335117727766e-06
2-2A-rep2,0.5332428778585413,1.616384359197511e-06,4.573179294379392e-07,2.1685895886356387e-06,0.13633566960981364,1.3590636209242078e-06,1.0336819418365689e-06,6.731575948211907e-07,3.4421214285024687e-06,0.003222650219960396,1.195223238027362e-06,2.7811046987213694e-07,0.3044867482031638,0.022697891563056852,1.938895292785141e-06
2-2B-rep1,0.3603719677412924,2.7537250641035505e-06,7.791017262641744e-07,3.694479886544278e-06,0.06535413350654208,2.3153450696023543e-06,1.761014238568717e-06,1.1468132133319333e-06,0.046710529704199776,0.0002582685110308066,2.0362212545715278e-06,4.737980586849631e-07,0.524475922836232,0.0028109140369916826,3.3031651995603255e-06
2-2B-rep2,0.3816779159435182,1.521024642620475e-06,4.303381409435431e-07,2.040652141476181e-06,0.06126150271634872,1.278884719808241e-06,9.726991585997442e-07,6.334441955368166e-07,0.055192758975767114,1.6856442688436407e-06,1.1247102139585307e-06,2.617031497732961e-07,0.501783614382813,1.9496723252743447e-06,7.230920859604333e-05
2-2C-rep1,0.06930530864013694,2.1394489506163746e-06,6.053067506294135e-07,2.870348684905325e-06,0.7197901400675266,1.7988588054952172e-06,1.3681830890960212e-06,8.909924806217815e-07,4.555997486736311e-06,2.371000285621202e-06,1.5819994098553897e-06,3.6810746747065306e-07,0.2083029833915953,0.0025804513323864227,2.5663249436313807e-06
2-2C-rep2,3.028634278114067e-06,1.4101966658145445e-06,0.7671311464782133,1.89196201386927e-06,0.23278233316724878,1.1857000322674933e-06,9.018243832885994e-07,5.872889021617818e-07,3.003040789266784e-06,1.5628214435614686e-06,1.0427593013873584e-06,2.4263440505976886e-07,2.8154123195616333e-06,1.807611353223029e-06,6.704046865023228e-05
2-3A-rep1,0.7639742926515453,2.6999768764755425e-06,7.638949409861445e-07,3.6223697108704672e-06,0.18594313896300896,2.270153339009205e-06,0.03853796905144497,1.1244293041436318e-06,0.00013086732259276056,2.9921938279713753e-06,1.9964775621203435e-06,4.6455029924523286e-07,0.003633802851699438,0.007760756421004324,3.2386928434683525e-06
2-3A-rep2,0.8176995907993353,8.073901460007649e-07,2.284320481800377e-07,1.0832187620607377e-06,0.13091943609309364,6.788574568162118e-07,0.03995939580897837,3.362447834090882e-07,0.0023214295848062003,8.947735192391676e-07,5.970185613114442e-07,1.389172393290699e-07,1.6119284769619219e-06,0.009092802447207164,9.684855861258085e-07
2-3B-rep1,0.9928084468850185,2.959957667479045e-06,8.3745038982406e-07,3.971167713899499e-06,2.0041392832628758e-05,2.4887464187933836e-06,1.8929005171720493e-06,1.232700609155835e-06,0.007138896361065856,3.2803121911357506e-06,2.1887183995671947e-06,5.092818505821998e-07,5.90946035004834e-06,3.7941183768890834e-06,3.5505465984388024e-06
2-3B-rep2,0.7889322606690425,1.5495305924558902e-06,4.3840322885485277e-07,2.078896576146374e-06,0.2045848549152216,1.3028526573725697e-06,9.909287866038144e-07,6.453157510366659e-07,0.006465810354056749,1.7172354013089426e-06,1.1457887238262245e-06,2.6660780197298383e-07,3.0935880259070706e-06,1.986211681667688e-06,1.85870245195325e-06
2-3C-rep1,0.5574906341109342,2.1471122852433074e-06,6.074749108842671e-07,0.03542408786299957,0.40705992760832344,1.8053021735265708e-06,1.3730838112374086e-06,8.941839442587702e-07,4.572316704491082e-06,2.3794930185672407e-06,1.587666004916627e-06,3.694259989088945e-07,4.28664066927465e-06,2.7522009075299115e-06,2.575517313843732e-06
2-3C-rep2,0.562907393452326,1.148672091786552e-06,3.249897461763198e-07,0.028266554422761266,0.3975810064012378,9.658089324082959e-07,0.011232218218326739,4.783746750241705e-07,2.446119203618271e-06,1.2729922146197404e-06,8.493769252125166e-07,1.9763723483093468e-07,2.2932869129175722e-06,1.4723852102178196e-06,1.3778622015523129e-06
2-4A-rep1,0.042790859298615036,0.0514909853944596,5.534537738047726e-07,2.624463233136827e-06,0.8295486435099858,9.229446075574413e-05,1.2509790996526654e-06,8.146665311745466e-07,4.165712673544965e-06,2.1678909980844384e-06,1.4464790664088166e-06,3.36573921942067e-07,3.905441052539302e-06,2.5074549602782594e-06,0.07605744422087325
2-4A-rep2,0.024896017904100034,0.07786642031561547,2.158955168679404e-07,1.0237708604347678e-06,0.801823412748051,6.416012231500859e-07,4.879915759789765e-07,3.177914039935383e-07,1.62499332978722e-06,8.456676414494783e-07,5.642537109000636e-07,0.0004951899678743961,1.5234645683935077e-06,9.78127370874723e-07,0.09491073550715727
2-4B-rep2,0.14462676950643977,0.22112846988250723,3.604038080142935e-07,1.7090253748087475e-06,0.26753357224617313,1.0710529213599293e-06,8.146256337934923e-07,5.305030591419737e-07,2.7126722803205555e-06,1.4117098989104438e-06,9.419333437061157e-07,2.1917372125285256e-07,0.01806578984584537,0.04527780991628472,0.30335781750270857
2-4C-rep2,0.08739595476294224,0.568049362702456,5.314379406870042e-07,8.956381041700244e-05,0.1756669968674162,8.862308016017221e-05,1.2012164123329395e-06,7.82259917929017e-07,4.000004823353868e-06,2.0816544798957035e-06,1.3889395875188683e-06,3.2318535066839247e-07,0.16408121070321982,2.407710930029259e-06,0.004615571663946172
2-5A-rep1,3.2928830389694795e-06,0.0001436344396248593,4.3379320451123494e-07,0.03993249510828425,0.10147064031207295,1.2891525245466245e-06,9.805086858190464e-07,6.385299403359331e-07,3.265056514670299e-06,1.6991778312850284e-06,1.1337401950704508e-06,2.6380429055609864e-07,3.061057434958166e-06,0.8584353332790705,1.8391572867102185e-06
2-5A-rep2,2.210673117275769e-06,1.0293365170288553e-06,2.912265526351679e-07,1.380988649964093e-06,0.05481396724404066,8.654710162360638e-07,6.582633416806424e-07,4.2867631706655083e-07,2.191991813236901e-06,1.1407410189304236e-06,7.611351334244769e-07,1.7710469714614684e-07,2.0550372733605796e-06,0.9446469102878285,0.0005259318226827969
2-5B-rep1,2.2453747435038475e-06,1.045494333757936e-06,2.957980267704717e-07,1.402666460030978e-06,0.3387105048419381,8.79056585030454e-07,6.685963069047354e-07,4.354053830742853e-07,2.226400193202046e-06,0.01613450735991063,7.730829092863843e-07,1.7988476488007585e-07,2.0872958351477735e-06,0.6451414946448262,1.2540977836256711e-06
2-5B-rep2,6.707568837777446e-05,1.3833477893149834e-06,0.7861806354374148,1.8559407583354565e-06,0.09276889130448365,1.163125369808277e-06,8.846544579312572e-07,5.761074495417695e-07,2.9458655929067807e-06,1.5330667285304192e-06,1.0229061019149667e-06,2.380148641589035e-07,2.76180940055346e-06,0.12096737336937538,1.6593618353985878e-06
2-5C-rep1,2.50483251292336e-06,1.1663034007354495e-06,3.299781102717219e-07,1.5647475166617716e-06,0.18257805475190847,9.806334204363898e-07,7.458540149703953e-07,4.857173899286141e-07,2.4836654134663283e-06,1.292531750041545e-06,8.624142637964065e-07,2.006708274219154e-07,2.328487254563573e-06,0.8174056004007989,1.3990114175368265e-06
2-5C-rep2,6.083316763874241e-06,2.8325219322456873e-06,8.013954464303648e-07,3.8001961209892646e-06,0.15674343282617217,2.381597849348322e-06,1.8114050377671464e-06,1.1796288675642827e-06,6.031909665672983e-06,3.1390841592401592e-06,2.0944870051347276e-06,4.873556224529906e-07,5.655039000440942e-06,0.843216871552254,3.3976841027269277e-06
2-6A-rep2,0.9444581325875114,1.941217750279131e-06,5.492218958283978e-07,2.6043957791202707e-06,0.05551634354424521,1.6321850738561413e-06,1.241413728249863e-06,8.084373400215682e-07,4.1338603517189e-06,2.151314635966776e-06,1.4354188420610071e-06,3.3400037409561015e-07,3.875578847671401e-06,2.4882821875456695e-06,2.328541436862083e-06
2-6B-rep2,0.5776005074040589,1.35231289992493e-06,3.8260512224513265e-07,1.8143034227396447e-06,0.3545765033947528,1.1370310878948038e-06,8.648075665982327e-07,5.631826947466155e-07,2.8797762019813807e-06,0.036097432206302106,0.01698363535261833,2.3267508985238732e-07,6.536640051452722e-05,0.014665706412993121,1.6221346742917108e-06
2-6C-rep2,0.7325950967374073,1.2035767622910774e-06,3.40523731078319e-07,1.6147545730546686e-06,0.23046663867707626,1.0119730392786302e-06,7.696904252476678e-07,5.01240211758036e-07,2.563039750264937e-06,1.3338391861778431e-06,8.899757702148427e-07,2.0708397540677724e-07,2.4029023229431137e-06,1.542762844880304e-06,0.036923883222923934
2-7A-rep1,0.025187082384084108,2.470046324172196e-06,6.988415002648466e-07,3.313888006629136e-06,0.0842612164318387,2.076826642177251e-06,1.5796009570794204e-06,1.028672687418342e-06,5.260010920947027e-06,2.737378023636706e-06,1.82645714730894e-06,4.249891060332476e-07,0.017861100899717937,0.8726662206879082,2.9628851353624784e-06
2-7A-rep2,0.07790981600103258,1.4259447486405338e-06,4.0343752167024544e-07,1.9130901126801044e-06,0.07011912516385185,1.198941094856548e-06,9.118953226311785e-07,5.93847330853489e-07,3.0365766330434965e-06,1.5802739323753053e-06,1.0544041026011904e-06,2.4534397515019934e-07,0.023857247217391173,0.8280997374049482,1.710458001637337e-06
2-7B-rep1,0.00010936485055172315,2.255506099131136e-06,6.381423905892015e-07,0.030314050003575815,0.00022431321010432426,1.8964402053628319e-06,1.4424019331216548e-06,9.39325508908933e-07,0.06428507807005175,2.499618232872341e-06,1.6678169940547958e-06,3.880759285126079e-07,0.00010902381767337217,0.9049437371822233,2.7055385271264936e-06
2-7B-rep2,2.74080659915119e-06,1.276177964337211e-06,3.6106453327398436e-07,0.011829399647156095,8.640793815612099e-06,1.0730164736417635e-06,8.161190800930877e-07,5.31475625923245e-07,0.06357653789683677,1.4142979747543282e-06,9.43660182155911e-07,2.1957553058636123e-07,2.547848289424748e-06,0.9245719668111094,1.5308088288097513e-06
2-7C-rep2,0.0227589275851376,1.1315065854116414e-06,3.2013316996135e-07,0.011956544391400802,0.4805158247247419,9.513760933894465e-07,7.236013623578077e-07,4.712259477307689e-07,0.05437680562843954,1.2539688953178145e-06,8.366840208330248e-07,1.9468378689860647e-07,2.2590165311396357e-06,0.4303823982021593,1.3572717279318486e-06
2-8A-rep2,2.8224275223986713e-06,1.3141824056974855e-06,0.8060671292564868,0.0057263230738300915,0.18818858083617965,1.104970787844568e-06,8.404230177797938e-07,5.473029124179662e-07,2.7985765847536822e-06,1.4564156150439573e-06,9.717622800285977e-07,2.261144660714716e-07,2.623722935137353e-06,1.6845388266271326e-06,1.5763961496960709e-06
2-8B-rep2,0.4285707355729844,1.0050310799243974e-06,2.843499009851773e-07,0.05244301517114864,0.5189743831052723,8.45034889660495e-07,6.427199523374074e-07,4.185541023289389e-07,2.1402329197470453e-06,1.1138050182839886e-06,7.431626610528171e-07,1.7292277315318987e-07,2.0065122493585584e-06,1.2882639949825678e-06,1.2055610529018177e-06
