,8_1,8_2,8_3,8_4,8_5,8_6,8_7,8_8
1-10A-rep2,1.5071312342285741e-06,4.512686360260382e-07,0.7778558383318893,1.7201721522008068e-06,3.6389037065792546e-06,0.18721271634219125,2.6588374694196986e-06,0.034921469012721036
1-10B-rep1,2.0301322933857193e-06,6.078667936687747e-07,0.9999769348909229,2.3171021587600137e-06,4.901667326288816e-06,6.009132958507136e-06,3.5815008586798734e-06,3.617706687861095e-06
1-10B-rep2,7.014316328095773e-07,5.358111553940773e-05,0.9999386596757752,8.005826792179559e-07,1.6935765848215457e-06,2.076217375876533e-06,1.2374454627403042e-06,1.249954949911436e-06
1-10C-rep1,2.8116982562168935e-06,8.418850383982915e-07,0.990447780998659,3.209146576549777e-06,0.009527062947391054,8.322545636980225e-06,4.960316995990081e-06,5.010461445741163e-06
1-10C-rep2,0.0013867175619223515,1.8489957154442992e-07,0.9940726924066945,7.048109895814631e-07,0.004465202974045137,1.8278447201820838e-06,1.0894129785558867e-06,7.158008907825881e-05
1-11A-rep2,1.4740835771645578e-06,4.413734319532699e-07,0.3189401384750665,1.6824530351883452e-06,3.559111556398277e-06,0.6024224404427048,2.60053574566615e-06,0.07862766352488242
1-11B-rep1,2.9608747498278973e-06,8.865518008341731e-07,0.3017944881464174,3.3794099512611076e-06,7.148905056951134e-06,0.29840458364560896,5.223489864922496e-06,0.3997813289765499
1-11B-rep2,1.391520095660745e-06,0.7582535512103801,0.10276474444761573,1.5882187718102792e-06,3.359765572419587e-06,0.03902056514634935,2.4548796320892584e-06,0.09995234481158285
1-11C-rep1,2.5923521490040165e-06,7.762079318719703e-07,0.39224648776689813,2.958794744703912e-06,6.259123047501475e-06,0.24400464233577862,4.5733529178901e-06,0.3637317100665323
1-11C-rep2,1.9606262483357108e-06,5.870551367719308e-07,0.5016362600964742,2.237771069078339e-06,4.733847962441843e-06,0.2152749946090115,3.4588802980193216e-06,0.28307576711379967
1-12A-rep1,1.8998326036298175e-06,5.688521664516175e-07,0.026610702318519593,2.1683839233017505e-06,4.587064315449104e-06,0.9733733364066303,3.3516299028476276e-06,3.3855119384883796e-06
1-12A-rep2,1.3092479464266712e-06,3.9201797533329486e-07,0.021924749450981783,1.494317022048852e-06,3.1611229977075376e-06,0.9780642510187016,2.3097374785028715e-06,2.333086896498255e-06
1-12B-rep1,3.1443472763309164e-06,9.41487558851057e-07,0.16366725931914544,3.588817283294778e-06,7.591891600912602e-06,0.8363063237265366,5.547166806250713e-06,5.603243792338854e-06
1-12B-rep2,1.3054764848443594e-06,3.9088871579343426e-07,0.21118864981722693,1.490012444557756e-06,3.152016965519093e-06,0.7860190824377122,2.303083974719135e-06,0.0027836262664754385
1-12C-rep1,3.480328508968666e-06,1.0420878178990953e-06,0.20551839799424035,3.972291228310177e-06,8.403103872956293e-06,0.7944523623349622,6.1398952097704715e-06,6.201964159612212e-06
1-12C-rep2,1.2863736371695293e-06,3.8516889802398424e-07,0.21323698489032342,1.4682093090034747e-06,3.1058939593525203e-06,0.7867522077558373,2.269383281629556e-06,2.2923247541248847e-06
1-1A-rep1,1.2606467446250868e-06,3.7746569378798326e-07,0.9999856773104061,1.4388457850365228e-06,3.043777481030939e-06,3.731477956802313e-06,2.2239966395672207e-06,2.2464792929600393e-06
1-1A-rep2,6.661622566447494e-07,1.994638065357163e-07,0.9999924314759375,7.603277914375394e-07,1.6084201891871454e-06,1.971821041002909e-06,1.1752242462062964e-06,1.1871047315074946e-06
1-1B-rep1,2.1652573741448494e-06,6.483262503519163e-07,0.9999753996832239,2.4713278795909626e-06,5.227921036688427e-06,6.409099295162197e-06,3.819884630193063e-06,3.858500310007174e-06
1-1B-rep2,7.045526605924349e-07,2.1095874793995848e-07,0.9999919953078822,8.041448806748612e-07,1.7011121725059122e-06,2.0854555279789794e-06,1.242951489968523e-06,1.255516638240729e-06
1-1C-rep1,1.8699628711147151e-06,5.599085037204472e-07,0.9999787546369598,2.1342919471690514e-06,4.5149451277531695e-06,5.535036094253733e-06,3.298934581956512e-06,3.3322839141686973e-06
1-1C-rep2,6.194420882076365e-07,1.8547474824623417e-07,0.9999929622816316,7.070034817381333e-07,1.4956163468695673e-06,1.8335306917004765e-06,1.0928018720977948e-06,1.1038491395622723e-06
1-2A-rep1,9.354296433006625e-07,2.8008845523441157e-07,0.32090183589206345,0.0001434190958219173,2.2585547422439283e-06,0.6789479537406019,1.6502580061561506e-06,1.6669406656984565e-06
1-2A-rep2,1.3088567850010695e-06,3.919008528963177e-07,0.24798600601452447,1.4938705679006968e-06,3.1601785552269054e-06,0.752002997741467,2.3090474027938944e-06,2.3323898447297357e-06
1-2B-rep1,3.4474627955999173e-06,1.0322470918182445e-06,0.296830011233326,3.934779773690186e-06,0.10703215322170093,0.4997170552276925,6.081914465838265e-06,0.09640628391315371
1-2B-rep2,1.530117470979934e-06,4.5815122691830856e-07,0.37705171057558073,1.746407614279743e-06,0.1088608846354011,0.4428262649847857,2.6993891255511904e-06,0.07125470573879475
1-2C-rep2,1.4407147530647557e-06,4.3138206332171334e-07,0.6463422308738765,1.6443673524922746e-06,0.24232347732250034,0.11132566631057152,2.541667428288041e-06,2.567361454444994e-06
1-3A-rep1,3.187820308213076e-06,9.545043521838687e-07,0.0001420876280186321,3.63843545662771e-06,7.696855371325867e-06,0.999831130182848,5.623860675671266e-06,5.680712969443268e-06
1-3A-rep2,2.3823037439025773e-06,7.133147642984852e-07,0.050135774925719766,2.7190548940102656e-06,5.751970184814027e-06,0.9498442103610047,4.20279157778131e-06,4.245278110649409e-06
1-3B-rep2,1.9498635419855342e-06,0.6783152015544064,0.2008959284275186,2.2254869976415443e-06,4.707861869697553e-06,0.12077307224528364,3.4398930417895367e-06,3.474667340271378e-06
1-3C-rep1,2.9013923306872124e-06,8.687414406322725e-07,0.05090491699900707,0.0005552201720742297,7.0052873078318095e-06,0.9485187985583736,5.118552696087341e-06,5.170296769838011e-06
1-3C-rep2,0.9519783894563628,0.0479819091838412,1.5621593292226134e-05,2.73143283486595e-06,5.778154851739335e-06,7.0836510206892166e-06,4.221923926191467e-06,4.264603870304099e-06
1-3C-rep3,1.4056589356999638e-06,4.2088557135889843e-07,0.11594828914819928,0.00406589062367039,3.393903195114255e-06,0.879975615065663,2.4798229660316727e-06,2.5048917989736555e-06
1-4A-rep1,2.1104934170170297e-06,6.319287026963473e-07,0.08970044972593748,2.4088227494097733e-06,0.0084358035617296,0.9018511112851846,3.7232716359970604e-06,3.7609106432645013e-06
1-4A-rep3,0.008491076827459984,4.4249011245248063e-07,0.14360193723414208,1.6867096631573608e-06,3.5681161547311602e-06,0.847896048036553,2.6071151347830583e-06,2.633470779790645e-06
1-4B-rep3,6.444716037681273e-07,1.9296914229159183e-07,0.7234481158216837,7.355710508206431e-07,0.03234150439523752,0.2441329657546396,7.469256477114563e-05,1.1484518711833228e-06
1-4C-rep1,2.622091426069813e-06,7.851125333380474e-07,1.711604712841461e-05,2.9927378248241725e-06,6.33092725611182e-06,0.9999608546846857,4.625818093038876e-06,4.672581052565767e-06
1-4C-rep2,5.826694912528842e-07,0.011593678234267187,3.803451845125785e-06,6.65032885011667e-07,0.9883974796777543,1.7246848667014664e-06,1.0279287167874619e-06,1.0383201736093368e-06
1-4C-rep3,1.1588789064903331e-06,3.4699413798488463e-07,9.574244015586735e-05,1.3226925283238212e-06,2.7980634018660527e-06,0.9998945213416587,2.0444607537271133e-06,2.0651284569437025e-06
1-5A-rep1,2.7319190117911365e-06,8.179973569558543e-07,0.1643378344594989,3.1180901167882937e-06,6.596101250047747e-06,0.8356392135656101,4.819572753190436e-06,4.86829440221799e-06
1-5A-rep2,7.588186896870288e-07,0.9999866526890475,4.953288937782142e-06,8.660816980793649e-07,1.832135171650861e-06,2.246081406904238e-06,1.3386860538847025e-06,1.3522189945446968e-06
1-5A-rep3,1.2518807747816648e-06,3.748409673110542e-07,0.16708387379064482,1.4288406993019653e-06,3.0226124229188512e-06,0.832905608644235,2.2085319683122164e-06,2.2308582874563793e-06
1-5B-rep1,3.238885327137894e-06,9.697943554135088e-07,0.057812001883571454,3.6967187842577954e-06,7.820149668744613e-06,0.9421607869090749,5.713948109738299e-06,5.771711108373403e-06
1-5B-rep2,8.383199339625433e-07,0.9999533609156783,3.736562272051137e-05,9.568208609088396e-07,2.0240875152169535e-06,2.4814027939758107e-06,1.4789398568346638e-06,1.4938906403019036e-06
1-5B-rep3,1.5768393993150765e-06,4.721408121604312e-07,0.05580090832861979,1.7997339326480113e-06,3.8072110805830514e-06,0.9441858439952434,2.781814604421054e-06,2.809936307683362e-06
1-5C-rep1,2.6568106872977897e-06,7.955082529027078e-07,0.7195828587168529,3.032364836031275e-06,6.414755422832048e-06,0.2803948203241722,4.6870688126623505e-06,4.734450963187489e-06
1-5C-rep2,8.390960205757287e-07,0.7025595376512147,5.477309788151125e-06,9.577066514421244e-07,2.025961343049068e-06,0.29742818669234483,1.480309006461311e-06,1.4952736308291849e-06
1-5C-rep3,5.433969745348155e-05,4.167182705900506e-07,0.8116483072546966,1.5884710506247647e-06,3.3602992505819433e-06,0.18828705219950906,2.4552695746678757e-06,2.4800901943806524e-06
1-6A-rep1,6.603526328333367e-05,5.064087950976691e-07,0.9319692010957661,1.930358632117105e-06,4.083538483314658e-06,0.06795224573481376,2.9837187248521178e-06,3.0138815015034202e-06
1-6A-rep2,1.1522745861010884e-06,0.9759567297227186,0.023679823099272447,1.3151546525504447e-06,2.7821175536226777e-06,0.0003541114620921634,2.0328096021139197e-06,2.053359522417223e-06
1-6A-rep3,1.4279570790325332e-06,0.7993498128304712,0.20063439116539705,1.6298063142106167e-06,3.447741105562879e-06,4.226711714751118e-06,2.519160707593026e-06,2.544627210564291e-06
1-6B-rep1,2.99256179602935e-06,8.960396077313227e-07,0.8714291040689502,3.4155761279173425e-06,7.225412070576948e-06,0.12797650309820593,0.0005745304819931793,5.332761248419804e-06
1-6B-rep2,1.0884328793251785e-06,3.259010295214107e-07,0.8787427380870273,1.2422885851166417e-06,2.6279744915288746e-06,0.1212481175408265,1.920181903720834e-06,1.939593256878687e-06
1-6C-rep2,1.0311727158635134e-06,3.087560621309634e-07,0.8437338110535642,1.1769343967220005e-06,2.489722283408035e-06,0.15625752564046644,1.8191651742819417e-06,1.837555336996228e-06
1-7A-rep1,3.7323661442881463e-06,0.0018470607530763157,0.08933961524514233,4.259955707511966e-06,9.01163793059658e-06,0.9087830844126757,6.584532739185338e-06,6.6510965840648785e-06
1-7A-rep2,1.0576019031901164e-06,0.00104644824699096,0.21096335980986558,1.2070994885282168e-06,2.5535344223515156e-06,0.7879816232642536,1.8657907845502157e-06,1.8846522912477802e-06
1-7B-rep2,1.461461784785443e-06,4.3759418638940077e-07,0.17248209484507257,1.6680470861453433e-06,3.528636780195033e-06,0.8020406267581082,2.5782687434657717e-06,0.025467604388238266
1-7C-rep1,2.560034443848537e-06,7.665312916472922e-07,0.3847268603587752,2.921908762137207e-06,6.181093334887495e-06,0.6152516317392622,4.516338954247425e-06,4.5619951758020535e-06
1-7C-rep2,1.1689805527316244e-06,3.5001879570373173e-07,0.5045112008457019,1.3342220953323288e-06,2.8224533933380313e-06,0.49547897806802926,2.062281786772663e-06,2.0831296449867633e-06
1-8A-rep1,3.339166938143724e-07,9.998209017349762e-08,0.9999962062447896,3.81117572782871e-07,8.062275316268359e-07,9.883837702267625e-07,5.890862036528853e-07,5.950413479636233e-07
1-8A-rep2,5.448873564046115e-07,1.6315140216598456e-07,0.9999938093264409,6.219100469066226e-07,1.315607145454593e-06,1.6128508386929378e-06,9.612745638326437e-07,9.709922056894172e-07
1-8B-rep1,1.8699628711147151e-06,5.599085037204472e-07,0.9999076130214072,2.1342919471690514e-06,4.5149451277531695e-06,5.535036094253733e-06,3.298934581956512e-06,7.447389946681765e-05
1-8B-rep2,5.15368712318835e-07,1.543128631247944e-07,0.9999941446990409,5.882187873972475e-07,1.244335645708981e-06,1.525476504693031e-06,9.091986230258704e-07,9.183898228429242e-07
1-8C-rep1,0.01187608189657419,1.0382386557657445e-06,0.9872964826596876,0.00039971143287928664,8.372065309147337e-06,0.0004060174346785294,6.1172162649269964e-06,6.179055950548118e-06
1-8C-rep2,1.2948014071639684e-06,0.7791449017440846,0.22079151527178045,1.4778283885635957e-06,5.238618517156715e-05,3.832574771535897e-06,2.2842513104620523e-06,2.3073430856749877e-06
1-9A-rep1,1.6781132814131347e-06,5.024644665320724e-07,0.7317134340367784,1.915323410043134e-06,4.051732524088881e-06,0.268272467443561,2.960479067263094e-06,2.9904069113802165e-06
1-9A-rep2,6.966169256921591e-07,2.0858261228369982e-07,0.7710115827089411,7.950873879544682e-07,0.001114781617874804,0.22786946505964703,1.228951495262664e-06,1.2413751158801635e-06
1-9B-rep2,1.130323639167329e-06,3.3844405538852284e-07,0.32635323485879153,4.4292585541609843e-05,0.003012903048170598,0.6705840924126106,1.9940843744288887e-06,2.0142428166804224e-06
1-9C-rep1,2.742465343636102e-06,8.211551634418912e-07,0.24165880091035521,3.1301272280468e-06,0.006266748484776607,0.752058031590823,4.838178287756695e-06,4.887088022403355e-06
1-9C-rep2,8.600161308642315e-07,2.5750797111848115e-07,0.36956443427969576,9.815839292278719e-07,0.0065785548166855294,0.6238518620265455,1.5172156618581348e-06,1.5325533801086218e-06
2-10A-rep1,1.2998598579137336e-06,3.892069726801028e-07,0.008959367315346804,0.0034631507931749184,0.05395569425164711,0.9336154890404449,2.2931752834281977e-06,2.3163572721727168e-06
2-10A-rep2,1.3918148238469928e-06,4.167403361391666e-07,0.17977691531167928,1.5885551613740665e-06,0.03971643044561393,0.7804983215112854,2.455399583057756e-06,2.480221517041209e-06
2-10C-rep1,0.012584231872938972,9.707512944633493e-07,0.7871964263515231,3.700366500437198e-06,0.2001935771981619,9.59646695432383e-06,5.719586315451137e-06,5.7774063113957445e-06
2-10C-rep2,3.32522689570337e-07,0.8284516594010067,0.17154466224629233,3.7952651871526234e-07,8.028617681847398e-07,9.8425755792305e-07,5.866269415578571e-07,5.925572248880069e-07
2-11B-rep1,4.2503965879726074e-07,1.2726633403002167e-07,0.39472172144012485,4.851212475987307e-07,1.0262400212495112e-06,0.007892402968106876,7.498427111942703e-07,0.5973830620817954
2-11B-rep2,1.5548267552699796e-06,4.655497365938484e-07,0.43052168837201477,1.774609685719331e-06,3.7540624959156293e-06,0.0008327365575573805,2.742980532471069e-06,0.5686352830412218
2-11C-rep2,1.980122519042249e-06,5.928927541535634e-07,0.3525693684051711,2.2600232400767865e-06,0.014091972122003396,0.08128970766173366,3.493275056678163e-06,0.552040625497522
2-12A-rep2,1.9191132451218385e-06,5.746252196471244e-07,0.041556077617571796,2.1903899847633583e-06,0.16428053571587337,0.7941518970237051,3.3856442546632967e-06,3.4198701455368525e-06
2-12B-rep2,1.869563859734634e-06,5.59789030832381e-07,0.018433950593983485,2.13383653343411e-06,0.00021789328794413277,0.8511755863356516,3.2982306575841742e-06,0.13016470836233923
2-12C-rep2,2.0237238848005156e-06,6.059479735052322e-07,0.1573835521509514,2.3097878879534407e-06,0.1317371049849984,0.18886579886857668,3.5701953290227878e-06,0.5220050343403982
2-1A-rep1,3.6009568678687566e-06,1.078206633401427e-06,0.47786640358616694,4.109971039485896e-06,8.694355870361013e-06,0.4067525061377347,0.010692059709312283,0.10467154707637495
2-1A-rep2,2.3174032554754914e-06,6.93882113561268e-07,0.5953880814162774,2.644980380576372e-06,5.595270739846974e-06,0.3277132523075564,4.088296007326292e-06,0.07688332644366948
2-1B-rep1,0.00010252116588409592,7.862105412469298e-07,0.36023997895912785,2.9969232755224274e-06,6.3397812839136875e-06,0.5760046910621954,0.02907419583200378,0.03456849006568821
2-1B-rep2,1.3716240902947563e-06,4.106947811247444e-07,0.3692009589209198,1.5655103615581823e-06,3.311727521035512e-06,0.5763088668008585,0.031155441300806583,0.02332807342066121
2-1C-rep1,2.076809485950538e-06,6.218429840255699e-07,0.09474771077697733,2.370377417721794e-06,5.014367405206476e-06,0.8281991444485041,0.04014123707327185,0.03690182430395382
2-1C-rep2,1.0771482218272682e-06,3.2252215190183203e-07,0.1375750712877593,1.2294087819952068e-06,2.600728170130963e-06,0.803856233854622,0.017991882277626603,0.04057158277266618
2-2A-rep1,2.8207502728836114e-06,8.445954136607123e-07,0.23364045055445157,3.219478143328908e-06,0.6778004671435165,0.08854219459971109,4.9762863028033665e-06,5.026592188225536e-06
2-2A-rep2,1.96885030847336e-06,5.895176034215673e-07,0.29386017993254543,2.2471576433231825e-06,0.5971372795365433,0.10899075311454788,3.4733889477958856e-06,3.508501860478586e-06
2-2B-rep1,3.3541985972175213e-06,1.0043217150240809e-06,0.19079656254050117,3.828332190884402e-06,0.7318426928823136,9.928330979014016e-06,5.9173804560700764e-06,0.07733671201324703
2-2B-rep2,1.8526965697643678e-06,5.547385887968978e-07,0.20195084367145347,2.1145849634108807e-06,0.6962526310266675,5.483928340904885e-06,3.268473870940796e-06,0.1017832508795452
2-2C-rep1,2.6059738284399913e-06,7.80286565875334e-07,0.760243317684315,2.974341920092367e-06,0.22287910601721075,7.713607272051056e-06,4.597383892007182e-06,0.016858904704995892
2-2C-rep2,1.7177015887983865e-06,0.7779794832963747,0.222001515557308,1.9605077326623465e-06,4.147316793865579e-06,5.084347095880281e-06,3.030319617731607e-06,3.060953488495088e-06
2-3A-rep1,3.28873010410488e-06,9.847189910418236e-07,0.3225750625570936,0.11511209625606135,0.005888475393824649,0.5131176836700766,0.043296548139079155,5.860534769558398e-06
2-3A-rep2,9.834480101841327e-07,2.9446622303297544e-07,0.23328700880980574,0.1299049245138534,0.00041393607786579595,0.5873761219188556,0.03681778946875109,0.012198941296635226
2-3B-rep1,3.60540220690163e-06,1.0795376668486006e-06,0.23485063775298684,0.11453719391023888,8.705088950743363e-06,0.6180778016683137,6.360546621505868e-06,0.03251461609301457
2-3B-rep2,1.8874184912041821e-06,5.651351048881912e-07,0.331395645008897,0.0899747015105792,4.557090973583718e-06,0.5464469952591139,3.329729283633295e-06,0.032172318847556614
2-3C-rep1,2.6153082233314923e-06,7.83081491463199e-07,0.5352159117638868,0.09164048855320815,0.00030480804643384196,0.37282611890204537,4.613851362343026e-06,4.660493348729178e-06
2-3C-rep2,1.3991493399104366e-06,0.00010687853089593873,0.5215014565079067,0.07090368682511784,3.378186055353053e-06,0.4074782391700952,2.4683389248261763e-06,2.4932916641943747e-06
2-4A-rep1,9.303248410950285e-05,7.134440879063911e-07,0.8930968754007449,2.719547857294621e-06,0.04669037346740607,0.06010783605447509,4.203553541779981e-06,4.2460477774351145e-06
2-4A-rep2,9.294755948507003e-07,2.783056806081378e-07,0.8677733844905599,1.060861853367952e-06,0.0678252969263261,0.0643957538554203,1.6397540455494267e-06,1.6563305192723069e-06
2-4B-rep2,1.5516143924638338e-06,4.645878836715366e-07,0.3472850224902179,1.7709432385537493e-06,0.29226245798453254,0.36044323008115076,2.7373133746281605e-06,2.764985209528625e-06
2-4C-rep2,2.287952783045867e-06,6.850639866312389e-07,0.20865890189269104,2.6113669291449e-06,0.7644240965520402,0.026729216105086502,9.10801313131996e-05,9.112093517012436e-05
2-5A-rep1,1.8675713543351845e-06,5.591924303682254e-07,0.08775972100645639,0.00014423282584003923,4.5091709130890865e-06,0.9120824874952504,3.2947155370069083e-06,3.3280222183789067e-06
2-5A-rep2,1.2537916356039925e-06,3.754131215716411e-07,5.5884040600906056e-05,1.4310216703406167e-06,3.027226114395217e-06,0.9999335823403515,2.2119030538805224e-06,2.234263451740022e-06
2-5B-rep1,1.2734728001182509e-06,3.813061002745206e-07,0.3493705087383341,1.4534848708578819e-06,3.0747454417598237e-06,0.6506187922930631,2.2466239968640367e-06,2.269335392972671e-06
2-5B-rep2,1.6849980825337038e-06,0.8375289475224286,0.10373247021172495,1.923181413972769e-06,4.068355581024944e-06,0.05872493043007002,2.9726250348955956e-06,3.0026756640815183e-06
2-5C-rep1,1.4206253054402382e-06,4.253668355683897e-07,0.16063647420639302,1.6214381559021183e-06,3.4300388527697053e-06,0.8393515905363028,2.506226204013134e-06,2.531561950509492e-06
2-5C-rep2,3.4501778783123587e-06,1.0330600480124465e-06,0.10608055903494146,3.937878647608259e-06,8.330306468749422e-06,0.8938904546021061,6.086704336477572e-06,6.14823557329105e-06
2-6A-rep2,2.3645165140593486e-06,7.079888717897654e-07,0.3503964391824611,2.698753345779943e-06,5.709023681459638e-06,0.5326400996919425,4.1714118597380015e-06,0.11694780943132357
2-6B-rep2,1.6471957676646842e-06,4.932070747789775e-07,0.5349326343565894,1.8800355432950257e-06,0.05709322668111263,0.2874564540319091,2.9059352809300118e-06,0.1205107585567221
2-6C-rep2,0.01941085157125105,4.389609459280352e-07,0.41859416311114245,1.6732569800077168e-06,0.0003939583326976932,0.5084967762121242,0.00011413451436386071,0.05298800404049488
2-7A-rep1,3.0086610215708164e-06,9.008600741818716e-07,0.076938576201914,3.433951063569582e-06,0.0191225357721413,0.844514732179554,0.05941145092407633,5.361450155098695e-06
2-7A-rep2,1.7368836775328083e-06,5.200616311938546e-07,0.08075950604934677,1.982401310416301e-06,0.015995238419665023,0.8322663358018553,0.07097158524643982,3.095136073998385e-06
2-7B-rep1,2.747338304805401e-06,8.226142364743751e-07,0.00022697528772213206,3.1356890078784506e-06,6.633330471517075e-06,0.8070135187541084,0.12783383109685675,0.06491233588929204
2-7B-rep2,1.5544589550407395e-06,4.6543960901901634e-07,1.0146935560344963e-05,1.7741898949953762e-06,3.7531744580413778e-06,0.8332063408649728,0.10189830607094669,0.06487765886560312
2-7C-rep2,1.3782407493614344e-06,4.126759561175097e-07,0.4738581492587281,1.573062320145871e-06,3.3277031604861994e-06,0.473224020054275,0.006766461627072928,0.04614467737773789
2-8A-rep2,1.600750590974612e-06,0.819343642106559,0.18063865045438693,1.8270250968708285e-06,3.864943627014648e-06,4.738175519849095e-06,2.8239980393330044e-06,2.8525461800858964e-06
2-8B-rep2,1.224186193921975e-06,3.6654859339826625e-07,0.7251097118197323,0.0009328658173586077,2.9557450455772446e-06,0.15458083540491402,2.159673987257032e-06,0.11936988080417493
2-8C-rep1,3.0849327254003234e-06,9.236975199018132e-07,0.8601839329431696,3.5210041734439724e-06,7.4484377166748825e-06,9.131311774792896e-06,5.442349368555007e-06,0.1397865153235516
2-8C-rep2,1.4488945542503395e-06,4.338312778560216e-07,0.8418927131616544,1.6537034115496549e-06,0.00022398758996635884,4.288686036724697e-06,2.5560979976974565e-06,0.15787291803510126
2-9A-rep1,0.006510093620283352,6.171133874187021e-07,1.3453538663719376e-05,2.3523488650487735e-06,0.11330747160816682,0.8801587030520097,3.635981024071625e-06,3.6727375998922502e-06
2-9A-rep2,3.1223998887497e-05,2.394494527401856e-07,3.5644473168058025e-05,9.127474138034802e-07,0.12109062083705448,0.8788385225991775,1.4108163655781113e-06,1.4250784803600748e-06
2-9B-rep1,2.9204115756197767e-06,8.744362258799264e-07,0.2272294147584353,3.3332270947973273e-06,0.0054512112172483826,0.7673018896543535,5.15210589962947e-06,5.204189166808779e-06
2-9B-rep2,1.0831850354584194e-06,3.2432970826547367e-07,0.3277432403282841,1.2362989309487235e-06,0.009439504887630732,0.6628107698050307,1.91092380887832e-06,1.9302415708257737e-06
2-9C-rep1,2.1788985203087805e-06,6.524107131269049e-07,1.4223047064967213e-05,2.4868972734316434e-06,5.260856998873118e-06,0.9999674711305764,3.843949946950337e-06,3.882808905987904e-06
2-9C-rep2,6.281763263139015e-07,1.880899735347992e-07,4.1005037045023395e-06,7.169723502877778e-07,1.5167047900636342e-06,0.9999906219286933,1.1082105631370043e-06,1.1194135989393058e-06
3-10A-rep2,2.0847158261831545e-06,6.242103182640889e-07,0.13206769346531602,0.20256462181680862,0.4882482457942375,0.14657430851529848,0.0003209248471046848,0.03022149663509028
3-10B-rep1,0.011723437989612616,1.0136347990449659e-06,0.1622997506015767,3.863832348672696e-06,0.62645142940311,0.19950849965957174,5.972252376637483e-06,6.032626604623955e-06
3-10B-rep2,2.2553644152343857e-06,6.753063039831651e-07,0.18526552813092764,2.5741720243337865e-06,0.633839490639699,0.18088147846621289,3.978848874093183e-06,4.01907154284508e-06
3-10C-rep1,2.8501124741062634e-06,8.533871102267053e-07,0.15117116639427913,3.2529908459545517e-06,0.8030455281769091,0.0457662419363408,5.0280862516216175e-06,5.07891578904682e-06
3-10C-rep2,2.1410940556107707e-06,6.410912149753736e-07,0.15991335824258865,2.4437489490352874e-06,0.7836180348589995,0.05645578826664564,3.777256400318433e-06,3.81544114615541e-06
3-11A-rep2,0.11802873313617998,8.169784127887685e-07,0.07652191400605911,3.114206045880323e-06,0.1406620287470165,8.076328494681552e-06,0.1694141711243374,0.4953611454734537
3-11B-rep2,0.0522382694987023,7.354444807775053e-07,1.603324601098961e-05,2.803410240214989e-06,0.16091839997087126,7.270315988012972e-06,0.01906713444910696,0.7677493536645994
3-12A-rep2,2.932376085195415e-07,8.7801866634317e-08,0.022336324023000946,3.3468828506594153e-07,0.9634370900685068,0.014224830308399038,5.173213342458907e-07,5.225509987353227e-07
3-12B-rep2,2.611670245936986e-06,7.819922000601496e-07,0.33058586378820165,2.980843556129825e-06,0.47703091787755286,0.03299506044582347,4.607433347514764e-06,0.15937717594907239
3-12C-rep2,6.801769374425813e-07,2.0366011389392395e-07,0.35959016910595787,7.763235209950609e-07,0.30915324748913936,2.013304091422623e-06,1.1999485419948482e-06,0.33125170999169695
3-1A-rep1,3.1621259050875722e-06,0.5456871126748257,0.17072801980022606,3.609109014629753e-06,7.634817337312462e-06,0.028520740160651006,0.2550440863866356,5.634925404598067e-06
3-1A-rep2,1.6866198875030579e-06,5.05011533728497e-07,0.29068499070317516,1.9250324695950166e-06,6.823871309679072e-05,0.07790305261517365,0.6313365957389343,3.0055657292773454e-06
3-1B-rep1,2.3430179781778206e-06,0.6962631910817743,0.13889340966862046,2.674215878904722e-06,5.657116388897049e-06,0.014982239098739409,0.12729421606687766,0.022556269733742213
3-1B-rep2,1.5183619342679584e-06,4.546313575815931e-07,0.38998256622935984,1.7329903706934766e-06,3.6660197500084208e-06,0.15585491987097255,0.3966760931590698,0.05747904873718528
3-1C-rep1,2.608818927626794e-06,0.7505364722076786,0.12060693481103917,2.977589188996519e-06,6.298881378033664e-06,7.722028683477956e-06,0.12883233673371533,4.648929388810466e-06
3-1C-rep2,2.212461032737177e-06,6.624600763549994e-07,0.48088766491041296,2.525204023319135e-06,5.341892245243231e-06,0.012716483468008653,0.5063811669867168,3.942617484014676e-06
3-2A-rep1,3.590136493165824e-06,0.47162766075030343,0.08019858882611146,4.097621147971711e-06,0.3395579564604438,1.0626700337170122e-05,6.333615289478255e-06,0.10859114588987354
3-2A-rep2,1.4330173140528784e-06,4.290772787582367e-07,0.08167774360901216,1.6355818400360398e-06,0.7760712323924402,0.0003858696777136087,2.528087828317884e-06,0.14185912855657276
3-2B-rep2,2.0499230616570174e-06,6.137925901759828e-07,0.2356933982952246,2.339690456101201e-06,0.6593162879710872,6.067713061035773e-06,3.6164151614514318e-06,0.1049756261993577
3-2C-rep2,2.360270076061316e-06,7.067173937394002e-07,0.16730360190275848,2.6939066514613804e-06,0.5761307973560821,0.02613734850213149,0.19907980973766745,0.031342681607239235
3-3A-rep2,9.74659563209847e-07,2.918347664027882e-07,0.4336238387442158,0.5490496822048155,2.353273700835087e-06,0.01731940296804408,1.7194662997725072e-06,1.7368485943995083e-06
3-3B-rep1,3.102410127748989e-06,0.5785807145322458,0.0032070433554723106,0.06857858286040751,7.49063615483577e-06,0.014290732219777556,5.473182497865436e-06,0.3353268608033164
3-3B-rep2,1.9213577448679267e-06,5.752972728273481e-07,0.000378026429185561,0.22550613775158307,4.639035845503745e-06,0.15182795405135852,3.3896039364013344e-06,0.6222773564730733
3-3C-rep1,3.226164282722313e-06,0.49892884091722545,0.09354702248361497,3.682199553381532e-06,0.4074962383340691,9.5493531057199e-06,5.691506009956847e-06,5.749042138666963e-06
3-3C-rep2,1.1251465407962763e-06,3.3689391690859584e-07,0.12581278285852382,1.2841919155192097e-06,0.8565840797168228,3.3304012666944934e-06,0.01759505577381399,2.005017199482128e-06
3-4A-rep1,3.0452607432205817e-06,0.7864254526691102,0.08331970816841446,3.4757243481584666e-06,0.13022850526127297,9.013883853261726e-06,5.37236120142659e-06,5.426671056326463e-06
3-4A-rep2,2.0301322933857193e-06,6.078667936687747e-07,0.3459495565721186,2.3171021587600137e-06,0.6539550448210008,6.009132958507136e-06,3.5815008586798734e-06,8.085287181762069e-05
3-4A2-rep1,0.000261269450020473,5.107136314353054e-07,0.2989637250058753,1.9467680587792247e-06,0.6829813313905111,0.0032495960456882843,0.014538581124568338,3.039501646197984e-06
3-4B-rep1,3.1770317314345366e-06,9.512740121730296e-07,0.1827735569440182,0.6495496885262536,7.67080681554218e-06,0.1263167420711482,5.604827779577666e-06,0.04134260851824124
3-4B-rep2,3.109383097539406e-06,9.310185055166993e-07,0.2620428679816323,0.6241259349089748,7.507472091242596e-06,0.08234225536248246,5.485484010123181e-06,0.03147190838920607
3-4B2-rep1,2.4146937966207704e-06,7.230130669936926e-07,0.11062191670350906,0.7025906874185776,9.769575138127045e-05,0.14938057530680945,4.25993317490818e-06,0.037301727179684135
3-4C-rep2,2.6749256677709627e-06,0.4642570293230127,0.20100519680677956,3.0530404641649877e-06,0.27752218291709874,7.917702725152005e-06,0.05719717855229592,4.766731956018245e-06
3-4C2-rep1,1.8420499853823929e-06,5.515507644699411e-07,0.2474633974715534,0.009813258551999084,0.645858838898859,0.043665097142398177,0.053193731791439124,3.282543001362017e-06
3-5A-rep1,0.10798840853458723,5.28868256424776e-07,1.152972805465498e-05,2.0159709189991275e-06,4.264645279901928e-06,0.8543562981437626,0.03763380656061782,3.1475485224611497e-06
3-5A-rep2,0.09081946856913779,4.0451002255624324e-07,8.81862448501711e-06,5.293871909182459e-05,3.2618553626745704e-06,0.8718476484373708,0.03726505185147121,2.4074330579504667e-06
3-5B-rep1,0.3287694913249961,8.327984774155007e-07,0.22476887722808478,3.174509892512712e-06,0.0660351760338298,0.31300853143276736,4.906779730422577e-06,0.06740900989222162
3-5B-rep2,0.32652576832598074,5.773652497899024e-07,0.25339684751886277,2.200834591748023e-06,0.009981569269820433,0.34450266400512813,3.40178828557826e-06,0.06558697089208089
3-6A-rep2,3.069083871177692e-06,9.189520201966841e-07,2.0033849185370056e-05,3.5029150004118606e-06,7.41017133809685e-06,0.19336605320200312,5.414389276893798e-06,0.8065935974373047
3-6C-rep2,0.02063902523196331,6.911400914507252e-07,0.07334127454131431,2.6345281804926014e-06,0.08667978450279631,0.24360790859684417,4.072140239902057e-06,0.5757246093185701
3-7A-rep2,3.4267882757633464e-06,1.026056680422572e-06,0.07224740646077706,0.13871770190214056,0.10873694061892393,0.21551192520473236,0.3999815246957086,0.06480004827276134
3-7B-rep2,3.1909162298738302e-06,9.554313400355982e-07,2.082912595279178e-05,0.060701888761216,7.70433034135551e-06,0.06750589545282801,0.8501452738941456,0.021614262087946326
3-7C-rep2,1.945533869862173e-06,5.82536142743101e-07,0.48837468087602526,2.2205453036167517e-06,0.021321498040142443,5.758724068067157e-06,3.4322547590637545e-06,0.49028988148968894
3-8A-rep1,2.190337289317846e-06,6.558357351630117e-07,0.539743148704695,2.49995297253599e-06,0.02492097883297003,6.483335119770097e-06,3.864129893430516e-06,0.4353201788713248
3-8A-rep2,1.6497804198647635e-06,4.939809771747623e-07,0.6259024147095859,1.8829855496625712e-06,3.983324045407769e-06,4.883302397389876e-06,0.0002539701202205418,0.37383072179680416
3-8B-rep1,1.7869492929869336e-06,5.350523907804618e-07,1.1664546861623118e-05,0.0776390980767698,4.31451240478581e-06,0.17513056320666176,0.7472088533023477,3.1843532705576336e-06
3-9A-rep2,0.018596616245215376,1.5586532885292234e-07,0.04838493341834397,5.941365669626278e-07,0.6845514631130367,0.2484643912465949,9.183456226584759e-07,9.276292906108972e-07
4-10A-rep1,1.6610399617599758e-06,4.973523346238906e-07,0.02276041942834236,0.8002814520332758,0.17694516317479647,4.9166303162258325e-06,2.9303588089934595e-06,2.959982163744577e-06
4-10A-rep2,0.0030266366917944196,4.1771353911015264e-07,0.014339198387087132,0.8096517855162395,0.17297288519182447,4.129352386452654e-06,2.4611336144484482e-06,2.4860135144548737e-06
4-10B-rep1,0.029548161429884475,4.174919576980051e-07,0.18487531952254135,0.43805761072295335,0.34750941914789135,4.127161919428304e-06,2.4598280750997953e-06,2.4846947772496487e-06
4-10B-rep2,0.03356693668320339,5.139486409763535e-07,0.12284423798143303,0.511055292574796,0.3325218512194165,5.0806948983527e-06,3.0281428729879944e-06,3.058754738773264e-06
4-10C-rep1,0.027177556154749517,6.217447347152651e-07,0.05657647150015888,0.6696725478847483,0.24648029433383267,8.514481226893596e-05,3.6632685391855426e-06,3.7003009678259712e-06
4-10C-rep2,0.04514008181652413,4.954736984669911e-07,0.05270377721257476,0.6945167104664545,0.20762816888035335,4.898058855232983e-06,2.9192900401790395e-06,2.9488014993956437e-06
4-11A-rep1,0.4566176689598531,3.147697954635822e-07,0.11459095696592139,0.09526797601343549,0.057954493987540205,8.310058772641005e-05,0.1868159232048653,0.08866956551086266
4-11A-rep2,0.4813063775782811,3.169373460358838e-07,0.06029088392718468,0.11404544035257357,0.06991102573455402,8.367283045452727e-05,0.18830371409113114,0.086058568548475
4-11B-rep1,0.621964468017493,7.023029602365621e-07,1.5310735793155826e-05,0.006159834389620995,0.08540275804115761,6.942691900874333e-06,0.16107180377830096,0.1253781800427732
4-11B-rep2,0.6100328378423061,3.315715072284242e-07,0.0002178748254467254,1.2639036433382311e-06,0.08459823411306543,3.277786009929499e-06,0.1763550491549505,0.12879113080307075
4-11C-rep1,0.5190377014725912,5.512803296010005e-07,0.10648091275400766,0.20649572032840474,0.02697189560280342,5.4497413454486895e-06,0.10864354760758209,0.03236422121293584
4-11C-rep2,0.5482348301263628,6.49717798951219e-07,0.1259070730637653,0.2303245850523992,0.008755828207518706,6.422855599402746e-06,0.08676674419447288,3.866782082801173e-06
4-12A-rep1,0.00332921112935001,2.183023010194636e-07,0.08513068760827378,8.321374653508419e-07,0.8914802029738961,2.158051016500838e-06,1.286219097171196e-06,0.020055403578600133
4-12C-rep1,1.4923281488426766e-06,4.468362627864973e-07,0.02482029798728842,1.703276572924656e-06,0.944394447089667,4.41724822236235e-06,2.632722292988371e-06,0.03077456251154461
4-12C-rep2,1.606485952651419e-07,4.810176500781406e-08,3.1607551994921456e-05,1.8335711820525164e-07,0.965093141731178,4.755152024776063e-07,1.8618749898486373e-05,0.03485576434424768
4-1A-rep1,1.4497834690250019e-07,4.3409743872429566e-08,0.17693081958895027,1.6547179790978064e-07,3.500439987810842e-07,4.2913171987859723e-07,0.8230677890232468,2.583521955160433e-07
4-1A-rep2,1.1155011193377392e-06,3.3400586304398445e-07,0.19191449893468118,1.2731830630633661e-06,2.6933295957661646e-06,3.3018510977355414e-06,0.8080747953655735,1.98782900646068e-06
4-1B-rep1,1.9282392918509747e-07,5.7735776115793384e-08,0.26719567725083687,2.2008060461431611e-07,2.9809047911261213e-05,5.707532616618816e-07,0.7327731286943994,3.4361328099914273e-07
4-1B-rep2,2.0354774482380266e-06,6.094672519996534e-07,0.3548365778778239,2.3232028793325295e-06,0.0001597916096519739,6.024954462502699e-06,0.6449890101786994,3.6272317826146965e-06
4-1C-rep1,1.6016284376958875e-06,4.795632019858477e-07,0.07081459272947438,1.8280270318380985e-06,3.867063150262066e-06,0.00024847274599963366,0.9289263041321965,2.8541105076742124e-06
4-1C-rep2,4.876052409835899e-07,1.4599986187031704e-07,0.07242491604063833,5.565308035278408e-07,1.9727950791111708e-05,0.0036930224197439126,0.923860274537753,8.689151672970785e-07
4-2A-rep1,1.5303847330901245e-06,4.5823125114260174e-07,0.14806998280689057,1.7467126552933237e-06,0.8028346992711606,4.52989461266638e-06,0.01956548305149027,0.02952156964720635
4-2A-rep2,2.816518756156065e-06,8.43328403370836e-07,0.0786685156727346,3.2146484794808067e-06,0.8492996261806245,0.00011548958049311868,0.04865232472843536,0.02325716934207345
4-2B-rep1,1.3063199219353065e-06,3.911412596309989e-07,0.27642968034225246,1.4909751059126731e-06,0.7026357077164435,3.8666692426060874e-06,5.200272964922072e-05,0.020875554106124725
4-2B-rep2,3.628295323529301e-06,1.0863923755032465e-06,0.2885195904638383,4.141173929482079e-06,0.6779051219813783,1.0739649373024747e-05,6.400933997800012e-06,0.033549291109784156
4-2C-rep1,1.2909223706795481e-06,3.8653089007888503e-07,0.05314800787589058,1.4734010298928119e-06,0.13570058719413933,0.2334840143210194,0.5776619393240383,2.3004306217543528e-06
4-2C-rep2,1.1034196110931901e-06,3.30388390575208e-07,4.918165394879386e-05,4.323833088073633e-05,0.15792742556931624,0.22375100088957625,0.6020218837238985,0.016205836024377727
4-3A-rep1,7.985211940120134e-05,3.101553247592203e-07,0.14510752109161248,0.7638885048059947,0.09091707246111229,3.0660740209518274e-06,1.8274095139248e-06,1.8458830196744785e-06
4-3B-rep1,2.2308630466840025e-06,6.679700489076992e-07,0.2943501249126154,0.5851090539869114,5.3863231184404815e-06,6.603290191196158e-06,3.9356242661265355e-06,0.12052199702980189
4-3B-rep2,4.143179634976897e-05,3.1773063398255445e-07,0.22995815299695904,0.6693062286384184,2.5620907135814814e-06,0.00044721811795398993,1.8720426091534245e-06,0.10024221658636204
4-3C-rep1,1.4104107214153734e-06,4.223083617634636e-07,0.13522794554708958,0.8647576400172103,3.4053761778645097e-06,4.174775002940488e-06,2.488205929386056e-06,2.513359506727445e-06
4-4B-rep1,2.45184106247855e-07,7.341357851850632e-08,0.001036995398486509,0.6677833683078591,0.2858535427621883,8.467667789584051e-05,0.04524066133648663,4.3691939871111747e-07
4-4C-rep1,2.254784006867782e-06,6.75132516799948e-07,0.17389463940895897,0.3997462498311008,0.041695449807203966,0.015275853148167418,0.3693808598507932,4.018037252007782e-06
4-4C-rep2,0.006442416715973943,9.050036407186463e-07,0.14709089409954898,0.3600345799527304,0.07061065571119521,0.015302507775391626,0.4005126546310132,5.386110505898933e-06
4-5A-rep1,0.936189514878441,7.479552847408707e-07,0.06378460244098867,2.8510996537070066e-06,6.0313016254957544e-06,7.393992894231089e-06,4.406890658372188e-06,4.451440453749357e-06
4-5A-rep2,0.9828133103734872,4.1627135520797975e-08,0.017185249136855547,1.5867674724603294e-07,3.3566954502942336e-07,4.1150955214469665e-07,2.4526363862106094e-07,2.4774303866999806e-07
4-5B-rep1,0.7888883202134637,3.950879231555433e-07,0.2110980079337922,1.5060192285195816e-06,3.185878195870124e-06,3.905684411897274e-06,2.3278253570907523e-06,2.3513576276577933e-06
4-5B-rep2,0.8384251861058754,2.1395815025648973e-07,0.16154022457618805,8.155781776652728e-07,1.725298511497391e-06,2.9300491857547425e-05,1.2606237202730401e-06,1.2733675192776915e-06
4-5C-rep1,0.893761122485353,3.689196893981794e-07,0.10622611120271411,1.4062696262026568e-06,2.9748648986623624e-06,3.6469955057502167e-06,2.173644288724641e-06,2.1956179240589937e-06
4-5C-rep2,0.919550036882043,1.1849442911552562e-07,0.08043080684147265,4.5168398794659107e-07,1.6011332042823168e-05,1.1713894998277969e-06,6.981593731492502e-07,7.052171514391115e-07
4-6A-rep1,0.0034854703629317043,6.375597387870742e-07,0.18066158697958162,2.430287461774023e-06,5.141102907280534e-06,0.012076484489346864,3.756449234780627e-06,0.8037644927687971
4-6A-rep2,0.005368165100100516,3.462308918448057e-07,0.14403694738896375,0.01601436234358052,2.791908799071975e-06,0.014036830880909306,2.0399637706141218e-06,0.8205385161829845
4-6B-rep1,1.752400386420989e-06,5.24707679193229e-07,0.25435375548889805,0.11853952007836355,4.231095552088556e-06,5.187054534747139e-06,3.091534236052492e-06,0.6270919376403499
4-6B-rep2,6.87416747293729e-07,2.0582787410114143e-07,0.1464315381731868,0.12595053944842544,1.6597382450056979e-06,2.034733719497403e-06,1.2127208057941305e-06,0.7276121219409961
4-6C-rep1,0.03180637630510814,3.617303449217553e-07,0.02661943569748405,1.3788648628895469e-06,0.036909781159697376,3.575924463059107e-06,2.1312852658534412e-06,0.9046569590327738
4-7A-rep1,9.038427976921718e-07,2.706306506249777e-07,0.3516731273902348,1.0316057256640619e-06,0.06258498799376966,2.675348578325084e-06,0.5032086157828327,0.08252838740541046
4-7B-rep1,2.229727600096194e-06,6.676300709274651e-07,0.05744355009640433,2.5449113106876986e-06,5.383581631366787e-06,0.043269210831032585,0.8992724398353499,3.97338660010363e-06
4-7B-rep2,9.417640476022569e-07,2.819851168683144e-07,0.02014196016734503,0.019527797146731772,2.2738488896735262e-06,0.04815675955147992,0.9120608207632338,0.00010916477315539362
