,13_1,13_2,13_3,13_4,13_5,13_6,13_7,13_8,13_9,13_10,13_11,13_12,13_13
1-10A-rep2,0.017777043631701003,1.242181324256814e-06,4.337598157201607e-07,1.6893631471806356e-06,0.15882988763852846,8.990157620455957e-07,1.1344967139247433e-06,0.8233816813909797,6.37820233791391e-07,1.7066334433058045e-06,5.373020513283247e-07,8.631049030186854e-07,2.2436613963257332e-06
1-10B-rep1,3.0149916004135837e-06,1.673241906995588e-06,5.84282734783416e-07,0.0535264691196904,4.581231493412413e-06,1.2109913574849922e-06,1.5281886855152923e-06,0.9464528712992799,8.591560052216947e-07,2.298867759043099e-06,7.2375609859948e-07,1.1626187462834938e-06,3.0222546419996704e-06
1-10B-rep2,1.0417078204241927e-06,5.781207416099244e-07,2.6887459402872255e-05,2.7471826849860016e-05,1.5828583645827304e-06,4.184088497577169e-07,5.280034957864139e-07,0.9999387045102671,2.9684644211979796e-07,7.942803297985087e-07,2.5006450694169723e-07,4.0169565978530455e-07,1.0442172692794581e-06
1-10C-rep1,4.175718161920162e-06,2.3174149537826106e-06,0.0014983891322180455,3.1516778937148657e-06,6.344936930629816e-06,1.6772048733683933e-06,2.1165184168578604e-06,0.9984706552027446,1.189918185654273e-06,3.183897378676665e-06,1.0023913450729867e-06,1.610209532119054e-06,4.185777365619981e-06
1-10C-rep2,9.170907787287969e-07,5.089615252253912e-07,1.7772530715070975e-07,0.01785556290655909,1.3935047637459913e-06,3.6835558908933893e-07,4.648396869336239e-07,0.9821381529262637,2.6133540463933707e-07,6.992624533501707e-07,2.2014988167239428e-07,3.5364175848701086e-07,9.193000281552995e-07
1-11A-rep2,2.189189601916947e-06,1.2149432800356538e-06,4.2424850782071483e-07,0.0011232682354416804,0.4277876367852975,8.793025119717642e-07,1.1096199338128453e-06,0.5379897509464724,6.238343724731535e-07,1.6692110829061374e-06,5.255203116189816e-07,8.441790915796924e-07,0.03308986398409428
1-11B-rep1,4.397264978271541e-06,2.4403676735944108e-06,8.521569369279159e-07,3.3188932507964528e-06,0.16311720816167258,1.7661906204076327e-06,2.228812374165625e-06,0.6683385178371839,1.2530504602781641e-06,3.3528221720853643e-06,1.0555741995252557e-06,1.6956407757199339e-06,0.1685219132277017
1-11B-rep2,2.0665726508317257e-06,1.1468940619099128e-06,0.8239009378253979,1.5597727353292116e-06,0.015567411664119393,8.300526009521134e-07,1.047469897549025e-06,0.11536190725800753,5.888932834656776e-07,1.5757182335319259e-06,4.960858129864051e-07,7.968964504193491e-07,0.045159634896748256
1-11C-rep1,3.8499604394751225e-06,2.1366278920051554e-06,7.460934266204638e-07,2.9058079923648124e-06,0.14232173862883446,1.5463621252622878e-06,1.9514037725611888e-06,0.7228344365358808,1.097089833015544e-06,2.935513958541934e-06,9.241924080500335e-07,1.4845932501999714e-06,0.13482424719018668
1-11C-rep2,2.9117663130854524e-06,1.6159545578051636e-06,5.642784491427493e-07,2.197693705552946e-06,0.12419869068419949,1.169530236727268e-06,1.4758675725369755e-06,0.7685215087121496,8.297407904375032e-07,2.2201606459207775e-06,6.989766162210979e-07,1.1228137749788565e-06,0.10726499382098847
1-12A-rep1,2.8214800688927745e-06,1.5658480409618985e-06,5.467816529118793e-07,0.022408394730594552,0.9775679535851411,1.1332661683954974e-06,1.4301047860622157e-06,8.605293172792818e-06,8.040127025461769e-07,2.1513192813772854e-06,6.773031827544413e-07,1.0879982617231852e-06,2.8282769458963034e-06
1-12A-rep2,1.9443884056251355e-06,1.0790849842905104e-06,3.768078740133069e-07,0.013898370260321948,0.986085330471374,7.809764891162759e-07,9.855391840281903e-07,5.930232311989925e-06,5.540754988992723e-07,1.482555313300269e-06,4.667551864569935e-07,7.497806660973647e-07,1.9490723901004565e-06
1-12B-rep1,0.0003635464902298427,2.5915876216782373e-06,9.04961737268395e-07,0.0057455524576399365,0.9562939930630058,1.8756344787303408e-06,0.00119862273675912,0.036380419095823166,1.330697049191787e-06,3.560583322293633e-06,1.1209839643643902e-06,1.8007129387581844e-06,4.680995429901452e-06
1-12B-rep2,1.938787323007455e-06,1.0759765291428536e-06,3.7572242625645176e-07,0.059153911524030725,0.8707508232223639,7.78726777162969e-07,9.827002006354003e-07,0.06770094832590473,5.52479406967851e-07,1.4782846054668687e-06,4.654106328924829e-07,7.476208180732759e-07,0.0023859212189810703
1-12C-rep1,5.168723553794202e-06,2.86850711447994e-06,1.001659816543457e-06,0.04052073704936291,0.9594359349757591,2.0760520699345475e-06,2.6198364374816736e-06,1.576420191653993e-05,1.4728863191406394e-06,3.941043129803152e-06,1.2407647150725633e-06,1.993124921865075e-06,5.181174883381006e-06
1-12C-rep2,1.91041725461956e-06,1.060231879199403e-06,3.7022452001306525e-07,0.061273624666210155,0.8841918212293977,7.673317511787222e-07,9.683204532716834e-07,0.05452436622978051,5.443950346529609e-07,1.4566530242943599e-06,4.5860032867451866e-07,7.366809622751414e-07,1.91501940341665e-06
1-1A-rep1,1.87220967186318e-06,1.0390276646920696e-06,3.62820177347799e-07,0.999981460993348,2.844792638836659e-06,7.519854223524588e-07,9.489544306064195e-07,5.710092828564005e-06,5.335073511961824e-07,1.4275205450736664e-06,4.4942850510164993e-07,7.219476369960089e-07,1.876719779520777e-06
1-1A-rep2,9.89328609498676e-07,5.490516421258949e-07,1.9172445637263684e-07,0.9999902034638811,1.5032689917104636e-06,3.973703925580408e-07,5.014543944616828e-07,3.0173747540624956e-06,2.8192039270418494e-07,7.543422818038574e-07,2.3749074940885008e-07,3.8149757613917124e-07,9.917118781061602e-07
1-1B-rep1,3.2156695581743608e-06,1.7846129531668482e-06,6.231726162527818e-07,0.12439061830091624,0.00016963872960770515,1.2915949891676488e-06,1.6299049836437074e-06,0.8754225944443715,9.163414622233483e-07,2.451880486170956e-06,7.719293325693285e-07,1.2400026950900385e-06,3.2234160280898757e-06
1-1B-rep2,1.0463429175895334e-06,5.806930999604354e-07,8.061574006875189e-05,0.1366224201091691,1.5899013205584526e-06,4.202705672522402e-07,5.303528565751359e-07,0.8632899970845234,2.98167265555539e-07,7.978144940170665e-07,2.5117717333869694e-07,4.0348301164874966e-07,1.048863532281368e-06
1-1C-rep1,2.7771197501018882e-06,1.5412292180111438e-06,5.381849561995409e-07,2.0960674512022824e-06,4.219789023093512e-06,1.1154485523651e-06,1.4076201671157535e-06,0.9999788743171766,7.913717272686635e-07,2.1174954701815085e-06,6.666543798667925e-07,1.0708923639122855e-06,2.7838097641741552e-06
1-1C-rep2,9.199436242966853e-07,5.105447803023615e-07,1.782781672018263e-07,6.943394816729087e-07,1.397839616937509e-06,4.7502166887813485e-05,4.662856897409854e-07,0.9999458692793964,2.6214835529607694e-07,7.014376881656336e-07,2.208347142198012e-07,3.5474185168031326e-07,9.221597461589172e-07
1-2A-rep1,0.00010815300750450074,7.709825373880874e-07,2.692209557578077e-07,0.061639340213660306,0.7425442332424514,5.579905605073311e-07,7.04146116255175e-07,0.1957022543105885,3.958747830476025e-07,1.0592532320500795e-06,3.3348633632435147e-07,5.357018296500081e-07,1.3925694442507024e-06
1-2A-rep2,1.943807482969793e-06,1.0787625873287715e-06,3.766952955644268e-07,0.017728417887221643,0.8770886584085921,7.807431576818235e-07,9.852447356360515e-07,0.10517255776613912,5.539099584089312e-07,1.4821123719790789e-06,4.666157345545202e-07,7.49556655002558e-07,1.9484900680165375e-06
1-2B-rep1,0.3720991919811635,2.841418808701055e-06,9.92200796114334e-07,3.86432167944352e-06,0.12591906238482795,2.0564471914946805e-06,2.5950964149971787e-06,0.4742814470575686,1.4589773437056418e-06,3.90382649511224e-06,1.229047744306873e-06,1.9743031531943756e-06,0.027679382936812953
1-2B-rep2,0.351839135407746,1.2611266977290271e-06,4.4037538910351794e-07,1.7151288024264019e-06,0.10187547642186645,9.12727278260469e-07,1.151799714322984e-06,0.5293339649559395,6.475480748894222e-07,1.7326624998792818e-06,5.454968195405192e-07,8.762687176841251e-07,0.01694214008045421
1-2C-rep2,0.23234720334230363,1.1874405321043537e-06,4.1464476749591476e-07,1.6149158220566894e-06,0.021598899899636734,8.593976853518674e-07,1.0845013971365447e-06,0.7457689547833135,6.097125942972155e-07,0.0002756878814148347,5.136240750614931e-07,8.250693560503854e-07,2.1447871017614935e-06
1-3A-rep1,4.734309399458751e-06,2.6274185595644248e-06,9.174736151328379e-07,3.573281935632209e-06,0.9999567403164626,1.9015667458635885e-06,2.3996478321827187e-06,1.4439272778219124e-05,1.3490950855599523e-06,3.6098114629100327e-06,1.1364825361520352e-06,1.8256093508724376e-06,4.745714235891779e-06
1-3A-rep2,3.538011299696317e-06,1.963504234394461e-06,6.856400255302943e-07,2.6703602993739303e-06,0.9999676714730149,1.421065685897352e-06,1.7932881924710803e-06,1.0790657293031403e-05,1.0081963924076373e-06,2.6976592926117363e-06,8.493082550272519e-07,1.3643017317280465e-06,3.5465342830433395e-06
1-3B-rep2,2.8957823325449917e-06,1.6070838644084615e-06,0.7179309272316745,0.012167982285128769,0.16669065061322272,1.163110165012955e-06,1.4677658789176374e-06,0.09266175887737445,8.251859741432225e-07,0.01053600751640936,6.951396226472296e-07,1.1166501507040754e-06,2.902758201898208e-06
1-3C-rep1,4.3089257050520586e-06,2.3913416749932555e-06,8.350374490532638e-07,0.0056327541581347,0.9939999781407534,1.7307085658703584e-06,2.1840364358836945e-06,1.3141885835226544e-05,1.2278771838176172e-06,0.00033443263827940206,1.03436814119671e-06,1.6615760390009524e-06,4.319305802490094e-06
1-3C-rep2,3.554117451446982e-06,1.972442729634695e-06,6.887612768102064e-07,2.6825166280477137e-06,5.400424597409176e-06,1.4275348284879058e-06,1.8014518101969747e-06,1.0839779794100266e-05,0.9999631366647119,2.7099398949778527e-06,8.531745760985655e-07,1.3705124667606885e-06,3.5626792341226466e-06
1-3C-rep3,2.087570568812956e-06,1.1585473601549332e-06,4.045555021884929e-07,0.016526155845941047,0.9176788893658459,8.384865538682543e-07,1.058112972201005e-06,0.053270062408419215,5.948768780230396e-07,1.591728704886957e-06,5.011264144908081e-07,0.012514564775363553,2.092599475644106e-06
1-4A-rep1,0.0010469408072514919,1.739476105334527e-06,6.074111888221689e-07,0.019272638959452106,0.9330071603942692,1.258927666887153e-06,1.588681045928071e-06,9.559485634555057e-06,0.002168798908778187,0.044484604014198174,7.524055155087956e-07,1.2086402571672233e-06,3.1418886366731695e-06
1-4A-rep3,0.006130466997630767,1.2180171116368787e-06,4.253218653111761e-07,0.04548580572824434,0.9131159029852837,8.815271654948949e-07,1.1124272951719722e-06,0.0005689205630687055,6.254126863249589e-07,0.03469106783953365,5.268498888654952e-07,8.463148821235233e-07,2.2000153440391294e-06
1-4B-rep3,2.5475683520807675e-05,5.311741591408306e-07,1.85481781834134e-07,0.10820116343059816,0.23466866962817523,3.844317509318752e-07,4.851267092004868e-07,0.581558835944256,2.7274087909013395e-07,0.07554243810342524,2.2975789423473999e-07,3.690757638668979e-07,9.59421086372468e-07
1-4C-rep1,3.894127147055238e-06,2.161139265770486e-06,7.546526029338403e-07,2.9391433925332973e-06,0.9999644174696197,1.5641019760667641e-06,1.9737902570844413e-06,1.1876782729034797e-05,1.1096756365856507e-06,2.9691901452567107e-06,9.347947340935898e-07,1.5016244890887364e-06,3.903508004834971e-06
1-4C-rep2,8.65331970666388e-07,4.802367331913825e-07,0.9944491114135171,6.531206218716347e-07,1.3148580830970405e-06,3.475663208112105e-07,4.3860504507064795e-07,2.6391947196341554e-06,0.00554208105104138,6.597974495057654e-07,2.077250533623354e-07,3.3368291000120043e-07,8.674165343805484e-07
1-4C-rep3,1.7210720220889576e-06,9.551502007242229e-07,3.3353083560412476e-07,1.2990016172486643e-06,0.9999842737293364,6.912799836898535e-07,8.723482980027146e-07,5.249134837014395e-06,4.904389660634331e-07,1.3122812620866603e-06,4.1314754307937413e-07,6.636670550956692e-07,1.7252180428166332e-06
1-5A-rep1,4.057235491893786e-06,2.2516601540963797e-06,7.862617755017475e-07,0.029728416578459975,0.9702375727425713,1.6296155237350458e-06,2.0564638960628067e-06,1.2374250402735395e-05,1.1561552068606015e-06,3.0935568317605095e-06,9.739492907076687e-07,1.5645211218218279e-06,4.067009273717301e-06
1-5A-rep2,1.126934429391801e-06,6.254192925233553e-07,2.183914310860126e-07,8.505684988919573e-07,1.712358833182906e-06,4.526406820697436e-07,5.712017386973624e-07,3.4370617245706924e-06,0.9999883114268772,8.592638287712197e-07,2.7052336261306904e-07,4.345601139530449e-07,1.1296491870794652e-06
1-5A-rep3,1.8591911351770956e-06,1.0318027154922352e-06,3.6029728268474917e-07,0.03357856230735996,0.9663582254334366,7.467564408150684e-07,9.423558117369968e-07,5.3297563281109786e-05,5.297975717156976e-07,1.4175941843324114e-06,4.463033735689113e-07,7.16927525232399e-07,1.8636698814957993e-06
1-5B-rep1,4.810147806415602e-06,2.6695069025842133e-06,9.321705289856951e-07,3.6305219651150772e-06,0.9722310361130229,1.9320277446197966e-06,2.4380875397504164e-06,0.02773968180507322,1.3707060985904653e-06,3.667636655068571e-06,1.1546877309975402e-06,1.8548535960650996e-06,4.821735335730253e-06
1-5B-rep2,1.245003271734971e-06,6.909444286106157e-07,0.01514962245867697,9.396825017820282e-07,1.8917625498828388e-06,5.000638150715813e-07,6.310465054144473e-07,3.7971624440962233e-06,0.9848377056294876,9.49288840772256e-07,2.9886607663214877e-07,4.8008894708191e-07,1.248002454398095e-06
1-5B-rep3,2.341794727136928e-06,1.2996351547013592e-06,4.538222352875725e-07,1.7675001968383819e-06,0.9734629759169052,9.405973718725219e-07,1.1869698759091447e-06,0.026522768258167666,6.673209313552313e-07,1.7855692850931107e-06,5.621535447067115e-07,9.030255505002918e-07,2.3474360537949993e-06
1-5C-rep1,3.945689787885261e-06,2.189755190093566e-06,7.646450555803712e-07,0.00950424637038059,0.3417484225839549,1.5848124524759507e-06,1.999925468970578e-06,0.6487262894681148,1.1243689951038393e-06,3.0085055757073293e-06,9.471724719803237e-07,1.5215076930182745e-06,3.955194858815236e-06
1-5C-rep2,1.2461558532320441e-06,6.915840813585257e-07,2.4149564787938423e-07,9.670943221274327e-05,0.05832514130294562,5.005267570683553e-07,6.316307067112999e-07,3.800677727368007e-06,0.941568058192442,9.501676599513632e-07,2.991427566360085e-07,4.805333970282822e-07,1.2491578124360194e-06
1-5C-rep3,2.0669009141692204e-06,1.1470762395228625e-06,4.005498783119243e-07,0.04341900881547592,0.20824805051390835,8.301844500971097e-07,1.0476362821977121e-06,0.7482160220832506,5.889868258217042e-07,1.5759685274309004e-06,4.961646134024414e-07,5.374513131945841e-05,5.501998831486444e-05
1-6A-rep1,2.5117627950817815e-06,1.3939630109041393e-06,6.483096205892505e-05,1.8957858190013707e-06,0.023296417449717485,1.0088661727877234e-06,1.2731204569908924e-06,0.9766239478326009,7.157552574245703e-07,1.9151663663624815e-06,6.029547946091602e-07,9.685673788871988e-07,2.517813570690099e-06
1-6A-rep2,1.7112638031348446e-06,9.497068943532336e-07,0.0022798920036645543,0.0034206321591179305,2.600237966627381e-06,6.873404475451683e-07,8.673768714724794e-07,0.028236697693436872,0.9644298764697549,0.001623299683908123,4.1079305616025155e-07,6.598848822955391e-07,1.715386196101123e-06
1-6A-rep3,2.1206860591016967e-06,1.1769255958071406e-06,0.9148490780312462,1.6006155379286119e-06,3.222348533330786e-06,8.517876100081927e-07,1.0748979999163735e-06,0.0851352007814635,6.043135120566235e-07,1.6169785705712425e-06,5.090758688280276e-07,8.17763262410245e-07,2.125794740345179e-06
1-6B-rep1,0.004103077471541605,2.4664844556160835e-06,8.6127670900604e-07,3.3544120017298246e-06,0.013441161728689496,1.7850923686732816e-06,2.2526650942180727e-06,0.9823192990946082,1.2664605894514621e-06,3.3887040298780512e-06,1.0668709404118852e-06,0.00011556470825307092,4.4550307186547145e-06
1-6B-rep2,1.6164511183178532e-06,8.970883207131637e-07,3.132560899754775e-07,1.2200376218711035e-06,2.45617160916257e-06,6.492583043386748e-07,8.193197982253174e-07,0.9999877035789962,4.6062605456665297e-07,1.2325100207444454e-06,3.8803303956469127e-07,6.233239165075808e-07,1.620345109827683e-06
1-6C-rep2,1.5314128455457598e-06,8.498942914889132e-07,0.0007064445297847215,4.0386284621875035e-05,0.035937401522966796,6.151021185077326e-07,7.762170160257751e-07,0.9633078977193318,4.3639343557169385e-07,1.1676701241644147e-06,3.676193944571142e-07,5.905320871496341e-07,1.5351019819205148e-06
1-7A-rep1,5.543033876983353e-06,3.0762396066352194e-06,0.0005690610930113301,4.183677311729224e-06,0.9969674194112785,2.226396291900969e-06,2.8095606147200994e-06,1.690581907845364e-05,0.0024155238526097317,4.226446888055248e-06,1.3306188225068024e-06,2.1374636983337866e-06,5.5563869110535294e-06
1-7A-rep2,1.5706633848781258e-06,8.716773197647082e-07,3.0438277102161106e-07,1.1854787312349264e-06,0.8552570522798166,6.308673577547009e-07,7.961116751352289e-07,0.14211805155894233,0.0026157822259185058,1.1975978358647896e-06,3.770415823037476e-07,6.056675896244292e-07,1.5744470748494508e-06
1-7B-rep2,2.1704446811142916e-06,1.20454033661584e-06,4.206158829111225e-07,1.6381715086473579e-06,0.9266985710303822,8.7177349030363e-07,1.100118820815526e-06,0.04637752373280577,0.0008902281627530229,1.654918474570801e-06,5.210205475908413e-07,8.369508139553776e-07,0.026023258519502428
1-7C-rep1,3.8019644358251884e-06,2.1099913585354217e-06,7.367921614801525e-07,2.8695823809072147e-06,0.6807028476151583,1.5270842123135702e-06,1.9270763582766123e-06,0.31927400768357966,1.0834128281586063e-06,2.8989180140163797e-06,9.126708501308415e-07,1.4660853865022918e-06,3.811123275870525e-06
1-7C-rep2,1.7360741957730674e-06,9.63476016856127e-07,3.36438144223706e-07,0.07315984113983988,0.534082149522959,6.973057061736089e-07,8.799523497284463e-07,0.3927487511993885,4.947140053737627e-07,1.3237201043684212e-06,4.1674885151905055e-07,6.694520822770896e-07,1.740256356373018e-06
1-8A-rep1,4.95904877139627e-07,2.752143064676194e-07,9.610264180100162e-08,0.9999950894475366,7.535195257516569e-07,1.9918348040119455e-07,2.513559978849269e-07,1.5124710256340532e-06,1.41313711505794e-07,3.7811705128867846e-07,1.1904317713714249e-07,1.9122716841295836e-07,4.970994999521464e-07
1-8A-rep2,8.092210425463544e-07,4.4909662774034953e-07,1.568209621938623e-07,0.9999919869261887,1.229598425659575e-06,3.250289946692401e-07,4.101644731383631e-07,2.4680607846495012e-06,2.3059670154971243e-07,6.170140455429034e-07,1.9425548800123107e-07,3.1204582918984163e-07,8.111704363965875e-07
1-8B-rep1,2.7771197501018882e-06,7.268311910983675e-05,5.381849561995409e-07,0.9997590747172765,0.00014650356880674474,1.1154485523651e-06,1.4076201671157535e-06,8.469997675708577e-06,7.913717272686635e-07,2.1174954701815085e-06,6.666543798667925e-07,1.0708923639122855e-06,2.7838097641741552e-06
1-8B-rep2,7.653823792925904e-07,4.2476731004248156e-07,1.4832535840788665e-07,0.9999336002827693,1.1629862783157166e-06,3.074209050424827e-07,3.8794426225507997e-07,6.115509920871669e-05,2.181043779259264e-07,5.835879857357049e-07,1.8373190979955107e-07,2.9514108832627043e-07,7.67226166867089e-07
1-8C-rep1,5.149631691377859e-06,2.8579116274897813e-06,9.979599569540638e-07,0.7934959579920362,7.824782954877445e-06,2.068383696867998e-06,2.6101594725023786e-06,0.19499181258885442,0.010818815715484995,3.92648598577562e-06,1.23618166686256e-06,0.0005296612882059293,0.00013708091836581794
1-8C-rep2,5.11830077789564e-05,1.067178083645146e-06,0.8796375186036314,0.12029455268747732,2.9218667219811274e-06,7.723589941111101e-07,9.7466449174985e-07,5.864796606766745e-06,5.479616876504186e-07,1.4661964175008526e-06,4.616048899448925e-07,7.415073938092639e-07,1.927565825151999e-06
1-9A-rep1,2.4921990510798317e-06,1.383105641909378e-06,4.829694639911468e-07,1.8810198273567407e-06,0.001025275399730813,1.0010082653550259e-06,0.05101184732790645,0.8807222543097095,0.06722742492646011,1.9002494225387953e-06,5.982584700718355e-07,9.610233527210766e-07,2.498202698103696e-06
1-9A-rep2,1.0345574082845591e-06,5.741524488814526e-07,2.0048945798722164e-07,7.808457340832695e-07,1.5719934277515716e-06,4.155368393340845e-07,0.04531964732069739,0.9046364550176386,0.05003684692202108,7.888282907515611e-07,2.4834803304079166e-07,3.989383707779154e-07,1.0370496319705337e-06
1-9B-rep2,1.6786639793212125e-06,9.316148401802934e-07,3.2531247532685193e-07,0.013074052819723923,0.4277492632442757,6.742465122624211e-07,8.508532161843683e-07,0.4349332640222301,0.1242349462875183,1.2799460203468436e-06,4.0296738882003463e-07,6.47313979515555e-07,1.6827078401031805e-06
1-9C-rep1,4.072898179433227e-06,2.2603525382355514e-06,7.892970867471742e-07,3.0740731672293957e-06,0.12270537025745099,1.635906545986202e-06,2.0644027380414217e-06,0.5594622617241839,0.3178087346091066,3.1054993019814703e-06,9.777091571117984e-07,1.5705608514675213e-06,4.082709692290862e-06
1-9C-rep2,1.2772247219696573e-06,7.088264952901561e-07,2.4751656136721933e-07,9.640020627462185e-07,0.10021979592164178,5.130057740987592e-07,6.473783770099725e-07,0.6184229881935706,0.2813498046573915,9.73857019696526e-07,3.0660091447046146e-07,4.925139442428136e-07,1.2803015253243238e-06
2-10A-rep1,0.08075789725149667,1.0713472807265779e-06,3.741059296140087e-07,1.4570293229730463e-06,0.9188307736045455,7.753764069622687e-07,9.784722614338925e-07,5.887708895981499e-06,5.50102436513144e-07,1.4719244791227431e-06,4.634082644607553e-07,0.00039636457233869235,1.935096341319499e-06
2-10A-rep2,0.05337658624303543,1.1471369782558068e-06,4.005710877932572e-07,0.0009017256060329363,0.7784344971776415,8.302284091208184e-07,1.047691755494233e-06,0.16727823502921196,5.890180132112504e-07,1.576051976401612e-06,4.96190885771192e-07,7.970652359944258e-07,2.0719897362409464e-06
2-10C-rep1,0.15998180368185558,2.6721410409084894e-06,9.330903490890949e-07,3.634104385912033e-06,7.316154729491889e-06,1.9339341747251994e-06,2.4404933248113874e-06,0.8309822821683555,1.3720586440594883e-06,3.6712556988190414e-06,0.009005257740379285,1.8566838745103758e-06,4.826493187386328e-06
2-10C-rep2,4.938346183289274e-07,2.5575335173747787e-05,0.9048241065416966,3.7272813666684346e-07,7.503738006153778e-07,1.983519472297023e-07,2.5030665960810864e-07,0.09514693126636604,1.4072376780932345e-07,3.765385224356829e-07,1.1854620645247537e-07,1.9042885053285292e-07,4.950242539382207e-07
2-11B-rep1,0.00012999437705823568,3.5031796572498186e-07,1.2232824088483407e-07,4.7643145934845753e-07,9.591486386861629e-07,2.535389695243841e-07,3.1994892628221917e-07,0.9007736667854817,1.7987702957433735e-07,4.813020002975875e-07,1.5152905451530016e-07,2.4341144720853347e-07,0.09909280100372803
2-11B-rep2,6.146174397302709e-05,1.2814922177666717e-06,4.4748686634606876e-07,1.742825853052525e-06,3.5086453919487415e-06,9.274666107222994e-07,1.17039974888227e-06,0.9063438042267121,6.580051156595894e-07,1.760642696415688e-06,5.543058681704697e-07,8.904192928487719e-07,0.09358179233965304
2-11C-rep2,0.09040239777923703,1.6320235134174099e-06,5.698896003403038e-07,2.2195474405068605e-06,4.46837811460404e-06,1.181159975552768e-06,0.02109469719049338,0.7106993672094127,8.379916833025351e-07,2.2422377907879037e-06,7.059271979474246e-07,1.133978968098804e-06,0.1777885466865724
2-12A-rep2,2.8501142553334275e-06,1.5817392695539296e-06,5.523307432508201e-07,7.516296200306346e-05,0.6673321917918097,1.1447672791460175e-06,0.29380093181986544,0.03877795895322391,8.121723382916795e-07,2.1731522470166644e-06,6.841768891561488e-07,1.099039964770024e-06,2.856980111397088e-06
2-12B-rep2,2.7765271679317007e-06,1.5409003503219733e-06,5.380701182242266e-07,0.027954892503285447,0.683318518267429,1.115210537809239e-06,0.2120301287154868,8.468190346512934e-06,7.91202864267508e-07,2.1170436387251812e-06,6.665121290692991e-07,1.0706638567616587e-06,0.07667737619278928
2-12C-rep2,3.005474300110804e-06,1.667960052908204e-06,5.824383534432158e-07,2.2684210342950068e-06,0.07507145709065174,1.207168670744613e-06,0.32690820675038595,0.293193492964375,8.564439427046683e-07,2.2916110174932424e-06,7.214714474132564e-07,1.1589487553805331e-06,0.30481308325701284
2-1A-rep1,5.3478730991088226e-06,2.967930451778295e-06,1.036377653321932e-06,0.02055362552388331,0.30469003442298576,0.013838871367464249,2.7106407727665403e-06,0.5871865711463041,1.5239370111786132e-06,4.0776408946906275e-06,1.2837700010458292e-06,2.0622072436010195e-06,0.07370988716223506
2-1A-rep2,3.4416257068279464e-06,1.9100127377031105e-06,6.669612213216434e-07,2.5976120126035045e-06,0.207985610225996,0.018427791666202804,1.7444338698096436e-06,0.7222552101041103,9.807302260281509e-07,2.6241673028327414e-06,8.261706580117112e-07,0.0010593027886497582,0.05025729350130614
2-1B-rep1,3.899573252392787e-06,2.16416171255921e-06,7.557080172574176e-07,2.943253911762235e-06,0.6131672559332774,1.5662894403684292e-06,1.976550688176795e-06,0.3321659214518098,1.1112275659857801e-06,0.013888510154771936,9.361020849834316e-07,1.5037245759210846e-06,0.040761455868891516
2-1B-rep2,2.037024635694125e-06,1.1304956821631862e-06,3.947600798626732e-07,1.537470984468348e-06,0.6118459939231464,0.01816041978329252,1.0324930921720146e-06,0.3399769151117995,5.804732418826867e-07,0.008663891882195908,4.889927397737253e-07,7.855023635138564e-07,0.02134479208674612
2-1C-rep1,3.084313164676546e-06,1.7117135718477771e-06,5.977167334524247e-07,2.3279256983988628e-06,0.8747388918841524,0.04740802441803976,1.5633252444875789e-06,0.03343119074969204,8.789099701149025e-07,2.3517239955476053e-06,7.403969094371927e-07,1.1893500148292374e-06,0.04440744757281309
2-1C-rep2,1.5996920345951478e-06,8.877874652136553e-07,3.1000830538177474e-07,1.207388484252228e-06,0.8427058741789939,0.026514410661839027,8.108252332251601e-07,0.08917637733045598,4.5585036384154443e-07,1.219731571465865e-06,3.8400998057852916e-07,6.168614026803851e-07,0.04159584567386981
2-2A-rep1,0.7128935894033825,2.3248757119785162e-06,8.118280646373572e-07,3.161824504117119e-06,0.031771420681129973,1.6826045192042726e-06,2.1233324024583173e-06,0.2553136772883678,1.1937490454843553e-06,3.194147717496699e-06,1.0056184751262606e-06,1.6153934910575576e-06,4.1992531882109305e-06
2-2A-rep2,0.6190847559099795,1.6227328825536019e-06,5.666453861078764e-07,0.006668665840431083,0.04771831189912779,1.1744359784818025e-06,1.4820582847968133e-06,0.32651559732729724,8.332212425996299e-07,2.229473389140608e-06,7.019085615987863e-07,1.1275235586556722e-06,2.9310238803599727e-06
2-2B-rep1,0.8303590606616035,2.764549384370131e-06,9.653586059435508e-07,3.759779476084161e-06,7.5691629834392725e-06,2.00081374833837e-06,2.52489079557451e-06,0.16794910533926097,1.419507361956002e-06,3.798215560726869e-06,1.1957980901936592e-06,1.920891967776708e-06,0.0016639150311612329
2-2B-rep2,0.8207300771896813,1.5269982243313522e-06,5.332156066565068e-07,2.0767133393661666e-06,0.0001451508230000917,1.1051490192954346e-06,1.394622857262245e-06,0.16860850885462197,7.840645688541228e-07,2.0979435019856118e-06,6.604988034245471e-07,1.0610042419610037e-06,0.010505022922533547
2-2C-rep1,0.19620834938257087,2.1478549996490417e-06,0.0002981797448064627,2.9210768275442167e-06,0.002484461783762401,1.5544876271813212e-06,1.9616576030448252e-06,0.800791782774566,1.1028545923806946e-06,0.00020123742619535486,9.290486620040632e-07,1.492394181887585e-06,3.879513605230683e-06
2-2C-rep2,2.5509926335376005e-06,1.415734550731958e-06,0.8700591826120497,1.9253950526327794e-06,3.876192487774227e-06,1.0246230973904362e-06,1.293004623585105e-06,0.12992190622814154,7.269342442212733e-07,1.945078294079355e-06,6.123720131598112e-07,9.83694898843192e-07,2.557137912874579e-06
2-3A-rep1,0.11010926299855026,2.7105895174831395e-06,9.465162505964446e-07,3.6863942071499374e-06,0.3285688973256741,1.9617608581507707e-06,2.4756087056962596e-06,0.37249300516702893,1.3918007025165643e-06,3.724080076939294e-06,1.1724579009623245e-06,0.18880586936066493,4.895939862323007e-06
2-3A-rep2,0.11879334071269561,8.105594288067139e-07,2.8304089073291376e-07,1.102358569466584e-06,0.3988436185316885,5.86633922392843e-07,7.402920897817463e-07,0.28731243810357365,4.1619624630295094e-07,1.1136279397985806e-06,3.5060520981663243e-07,0.19504373528345267,1.4640542924999499e-06
2-3B-rep1,5.354475034832554e-06,2.9715943543638685e-06,1.0376570588960625e-06,4.041360059599863e-06,0.534682699888787,2.1506603833197735e-06,2.7139870518985024e-06,0.3105610235348221,1.525818307538561e-06,4.0826747319923565e-06,1.2853548118432976e-06,0.1547257456207614,5.367373835228654e-06
2-3B-rep2,2.803043546093249e-06,1.5556162504112337e-06,5.432087932197575e-07,2.1156337752641476e-06,0.47571890073761336,1.1258610168291588e-06,1.4207599887040357e-06,0.38266263583476984,7.987590065569588e-07,2.137261820040783e-06,6.728774504202966e-07,0.14160248060995922,2.8097960099608416e-06
2-3C-rep1,3.884053205267078e-06,2.155548490139048e-06,7.527003486531892e-07,2.931539953219349e-06,0.21641485418310796,1.560055710584766e-06,1.9686841453934196e-06,0.6370004039586346,0.0014935823389280276,2.961508976267683e-06,9.323764597590556e-07,0.14507011964224498,3.893409795165558e-06
2-3C-rep2,2.077903017567534e-06,1.1531821207029732e-06,4.026820033437336e-07,0.01698192263175114,0.2404428451333445,8.346035178410087e-07,1.0532128449741609e-06,0.6122040016669694,5.921219997981207e-07,1.5843574001496742e-06,4.988056951987751e-07,0.13036095079069984,2.0829086355023825e-06
2-4A-rep1,3.538652742516848e-06,1.9638602184735235e-06,6.857643323327861e-07,0.03136763792677059,5.3769262196433915e-06,1.4213233256572364e-06,1.7936133163157393e-06,0.9337077895732929,1.0083791788045183e-06,0.03490302279201667,8.494622349432153e-07,1.3645490801610292e-06,3.5471772710840565e-06
2-4A-rep2,1.380380362242779e-06,7.660751921768312e-07,2.675073499315543e-07,0.038226725150353164,0.0076048004329381125,5.544389206552686e-07,6.996641884499929e-07,0.9040893577680622,0.0005308144922559368,0.04954238672897547,3.3136367790315705e-07,5.322920587655725e-07,1.383705665031089e-06
2-4B-rep2,0.03967075165011627,1.2788445715933143e-06,4.465623294094546e-07,0.045100985877871945,0.2574351959681689,9.255504044521785e-07,0.026328738671618335,0.40584121748121976,6.566456343436888e-07,0.22561605112425792,5.531606362366474e-07,8.885796287441367e-07,2.309883542083772e-06
2-4C-rep2,0.36489269129830726,1.8857394297482621e-06,6.584851756914186e-07,0.0014823160288106143,5.163036395283806e-06,8.840898589290186e-05,1.7222648131887555e-06,0.24347299536956737,9.682666616093938e-07,0.3900476585118341,8.156713066674401e-07,1.3102684091673638e-06,3.406073396399535e-06
2-5A-rep1,2.7735680463957333e-06,1.5392581148473556e-06,5.374966626884452e-07,2.093386756380061e-06,0.2795895270211245,1.1140219870334052e-06,0.6358359579713119,0.08455903655492511,7.903596290699512e-07,2.11478737071661e-06,6.658017847161475e-07,1.0695227822161195e-06,2.7802495044999782e-06
2-5A-rep2,1.8620289970235485e-06,1.0333776549935914e-06,3.6084723900315334e-07,1.4053907375483893e-06,0.3139633993249516,7.478962868329875e-07,0.5999222578190141,0.08610395142984255,5.306062525913044e-07,1.4197579943750444e-06,4.469846092373859e-07,7.180218405139395e-07,1.8665145796825602e-06
2-5B-rep1,1.8912579328534662e-06,1.049598954025003e-06,3.665115873081936e-07,1.4274516591287867e-06,0.5609411801560059,7.596362826172737e-07,0.10920418392198501,0.32984408137787985,5.389353689115848e-07,1.4420444439297695e-06,4.540010866828202e-07,7.292928864183852e-07,1.895813927309453e-06
2-5B-rep2,2.5024238402113653e-06,1.3887801338922835e-06,0.9533054029832861,1.8887371206759172e-06,0.04667221610608546,1.0051151196721971e-06,1.2683868832172374e-06,7.6321966704714e-06,7.130940164584887e-07,1.9080456094582786e-06,6.007129556796315e-07,9.64966160229889e-07,2.508452118504073e-06
2-5C-rep1,2.1097974716050953e-06,1.1708827129995061e-06,0.0018380067194862426,1.5923972341120922e-06,0.08188440441274668,8.474141366785175e-07,0.7050441293510123,0.21122209423181712,6.012106857221144e-07,1.6086762513428828e-06,5.064620368011927e-07,8.135644858888244e-07,2.1148799225055843e-06
2-5C-rep2,5.123945773985567e-06,2.84365661152406e-06,9.929822190202894e-07,3.867365085060734e-06,0.06301300881055041,2.058066777919742e-06,0.6808527887992375,0.25610560718336717,1.4601263836178316e-06,3.906901013350992e-06,1.230015699647844e-06,1.9758580458262385e-06,5.136289234987649e-06
2-6A-rep2,3.511594967523084e-06,1.9488438572261447e-06,6.805207386961265e-07,2.6504222271872954e-06,0.21527255845140025,1.4104553910116716e-06,0.24423517290540217,0.5404726714833366,1.0006687593557075e-06,2.6775173942605477e-06,8.429669499601385e-07,1.3541152612289448e-06,3.520054314567074e-06
2-6B-rep2,2.4462826871400075e-06,1.3576232543795303e-06,4.740712174121544e-07,1.8463638511683563e-06,0.0661171780256834,9.825656534782184e-07,0.2056736368972919,0.7281955331059607,6.970959590195523e-07,1.8652391596049713e-06,5.872361347451293e-07,9.433174242965026e-07,2.452175722757614e-06
2-6C-rep2,2.1772237586971895e-06,1.2083025483251275e-06,4.2192961724753035e-07,1.643288106111391e-06,0.11478674565051457,8.744963517416133e-07,0.28874447351988597,0.5964566303958374,6.204245699190151e-07,1.660087378818905e-06,5.22647881724319e-07,8.395649116793335e-07,2.1824686378867252e-06
2-7A-rep1,4.468233938687754e-06,2.4797536004567047e-06,8.659101886023263e-07,3.3724580018190295e-06,0.8386802216602888,1.7946957736896317e-06,2.264783937839621e-06,0.030231968982804627,0.00137483423838469,0.12969045466750223,1.0726104718337602e-06,1.7230073009775242e-06,4.478997805793919e-06
2-7A-rep2,0.010773445747571437,1.431544539628602e-06,4.998839409182162e-07,1.946896593573515e-06,0.8588979056156619,1.0360654117597595e-06,1.3074440456728268e-06,0.0006686565547908644,0.0038993921672643523,0.12575017849510517,6.192105795589051e-07,9.946801541089869e-07,2.585694341047383e-06
2-7B-rep1,4.080135166827086e-06,2.2643688779779715e-06,7.90699560566835e-07,3.0795353781119017e-06,0.7864254369076341,0.05330756797014053,2.0680709015782604e-06,1.2444092617300475e-05,1.1626807286013158e-06,3.1110173528410688e-06,9.79446413613964e-07,1.573351524983681e-06,0.1602354417237029
2-7B-rep2,2.3085569894050532e-06,1.2811890748983268e-06,4.473810112731076e-07,1.7424135795944459e-06,0.8117997278938385,9.272472142368814e-07,1.1701228854475431e-06,7.040917963218621e-06,6.578494615281158e-07,1.7602262083015017e-06,5.541747445721458e-07,8.902086600765071e-07,0.18818149181836902
2-7C-rep2,2.0468511879749564e-06,1.1359491630535856e-06,3.966643919142719e-07,1.5448877033162234e-06,0.42341162875456073,8.221313446961316e-07,1.0374738111932984e-06,0.49026873795327214,5.832734292535381e-07,0.0009978160189075304,4.913516276527107e-07,7.892916058757464e-07,0.08531296939899469
2-8A-rep2,2.3773058181306335e-06,1.319342886426267e-06,0.9225714839664589,0.033253083410934484,3.6122781509569184e-06,9.54860636911914e-07,1.2049691457775715e-06,0.04415960335016989,6.774402189429747e-07,1.812645745990274e-06,5.706780688450506e-07,9.167190745832767e-07,2.38303269014499e-06
2-8B-rep2,1.8180613005713648e-06,1.0089767272272377e-06,3.5232662955214026e-07,0.029342706737469366,0.02091428506241169,7.302363701669463e-07,9.215086067653573e-07,0.9488484154507651,5.180771594961606e-07,0.0008862836241948439,4.364300563012273e-07,7.010673428233991e-07,1.822440966116799e-06
2-8C-rep1,0.05129315703350198,2.542617523664266e-06,8.878617694331461e-07,0.008453749572594444,6.961527455422338e-06,1.840192881659303e-06,2.3221981920315886e-06,0.9402262811068737,1.3055524758882512e-06,3.4933032840571795e-06,1.0998020856782024e-06,1.7666870434466026e-06,4.5925443186645555e-06
2-8C-rep2,0.06973210005818602,1.1941823638745279e-06,4.169989614039552e-07,1.6240846945188782e-06,3.269596482963353e-06,8.642770156944584e-07,1.0906587799917988e-06,0.9302536830231568,6.131743084864924e-07,1.6406876514695523e-06,5.165402355036832e-07,8.297537833095423e-07,2.1569643800604665e-06
2-9A-rep1,3.060854479038293e-06,1.6986946115669005e-06,5.931706163099215e-07,2.3102199486152876e-06,0.311764260825698,1.229412486630522e-06,0.6841319831331913,0.004086674328928096,8.722251519422918e-07,2.3338372405477203e-06,7.347655946456408e-07,1.1803040500967109e-06,3.0682280031858112e-06
2-9A-rep2,1.187655362031038e-06,6.591178305590468e-07,3.065450283190701e-05,8.963984169237891e-07,0.2766807902323404,4.770296470786203e-07,0.6776724433529739,0.04560971412164938,3.384358471455578e-07,9.055622643370838e-07,2.850995708201723e-07,4.5797487058736203e-07,1.190516394971623e-06
2-9B-rep1,4.337171801270088e-06,2.4070175236074117e-06,8.405113304209471e-07,0.018557971434364433,0.06622575162091285,1.742053797610981e-06,2.1983533463004425e-06,0.4829909032392254,0.4322034803585931,3.307002387005976e-06,1.0411486855924629e-06,1.6724680895684907e-06,4.3476199428683284e-06
2-9B-rep2,1.6086574342084441e-06,8.927630287753818e-07,3.117457325121735e-07,1.214155236861928e-06,0.05328596174317211,6.461279194652417e-07,0.0015667656105558439,0.5567414262036257,0.38839732741242294,1.2265675003338317e-06,3.861621466560779e-07,6.203185737242152e-07,1.6125326509224213e-06
2-9C-rep1,3.2359284041127692e-06,1.7958560856541367e-06,6.270986284867215e-07,0.00041691865655988026,0.07079746851628453,1.2997320888997565e-06,1.6401734497782152e-06,0.10578422039313003,0.8229850579869815,2.467327430619106e-06,7.767925180244717e-07,1.2478147613202833e-06,3.2437236770964307e-06
2-9C-rep2,9.329150016387202e-07,5.177435572930399e-07,1.8079192273808456e-07,7.041297983644756e-07,0.12683140673656973,3.747114930925887e-07,4.728604052681955e-07,0.06319080299824828,0.8099484783078174,2.4609950511691492e-05,2.2394852503680153e-07,3.5974377820670824e-07,9.351623712341303e-07
3-10A-rep2,0.8048623260009867,1.7182300328678418e-06,5.9999222969119e-07,2.3367880672675326e-06,0.07558913938235963,1.2435510437999072e-06,0.018481289475591252,0.10105306303991908,8.822559636587974e-07,2.360676964080999e-06,7.432155863928913e-07,1.193877847720392e-06,3.1035134078026497e-06
3-10B-rep1,0.7256230255664863,2.790185253885478e-06,9.743104472083161e-07,0.009663246161360096,0.2291298293397254,2.0193674411994585e-06,2.5483042933914775e-06,0.035562115358560874,1.4326705579954425e-06,3.833436692625057e-06,1.2068868137231505e-06,1.938704540095875e-06,5.039707827265558e-06
3-10B-rep2,0.6928737596099226,1.858879847501397e-06,6.491060236962853e-07,0.0005173543823490804,0.2348516916634869,1.345344878415807e-06,1.697733686209616e-06,0.07174268167114482,9.544751283656587e-07,2.55391580350084e-06,8.040532696246623e-07,1.291605564478266e-06,3.357558894827244e-06
3-10C-rep1,0.8868651151925769,2.349076319295228e-06,8.202787237843165e-07,3.19473726277955e-06,0.06289667637325275,1.7001194560367166e-06,2.1454350608541992e-06,0.050216673954967476,1.2061752804592482e-06,3.227396942057149e-06,1.0160863800132063e-06,1.6322088000814481e-06,4.242964977580031e-06
3-10C-rep2,0.8737109453047897,1.7646973707688023e-06,6.162182536470612e-07,2.3999835176132685e-06,0.04847174571667958,1.2771812943740378e-06,1.61171588166216e-06,0.07780113162468398,9.061154499873221e-07,2.4245184591466383e-06,7.633149032047022e-07,1.2261647501148874e-06,3.187443966250535e-06
3-11A-rep2,0.5093768432366762,0.30591657843339126,7.852823574742261e-07,3.0584370123025833e-06,0.00010996256249790329,0.006229947834868856,2.0539022329176467e-06,0.0799424687022425,1.1547150258833572e-06,3.0897032992289874e-06,0.0004161940860303295,1.5625722541051282e-06,0.09799630053211103
3-11B-rep2,0.263613622152995,0.1750255912441226,7.069112748939694e-07,2.753205375075146e-06,5.542734711805303e-06,1.4651527307624843e-06,0.04438849827783569,0.06560992089341271,1.0394746084859269e-06,2.7813512904162666e-06,8.756571363740486e-07,1.4066277355526273e-06,0.45134579631677074
3-12A-rep2,4.354916981407021e-07,2.4168656369647524e-07,8.439502130958472e-08,0.016957533258657478,6.617226669447964e-07,1.7491812668151714e-07,0.9830383751474214,1.3282155625110507e-06,1.2409829189257203e-07,3.3205327140853656e-07,1.0454084594316635e-07,1.6793108545966073e-07,4.365407870713504e-07
3-12B-rep2,3.878650333920738e-06,2.152550037090767e-06,7.516533127524957e-07,0.04292643137975176,5.893547119419763e-06,1.5578856115021935e-06,0.5196545712453956,0.35045441827799423,1.1052653433880262e-06,2.9573894003648327e-06,9.31079487294414e-07,1.4956564349553757e-06,0.08694385541977778
