,6_1,6_2,6_3,6_4,6_5,6_6
1-10A-rep2,0.21336060122319558,8.882138148869045e-07,6.981216666929068e-07,0.7866301185521339,5.484950994211182e-06,2.2089381947284416e-06
1-10B-rep1,8.004244910514185e-06,1.196440260633373e-06,9.403826588288531e-07,0.9999794951226546,7.388329349404334e-06,2.975480166068372e-06
1-10B-rep2,2.765545466287742e-06,4.13381896165168e-07,2.7010475731228012e-05,0.999966229798625,2.552740572548678e-06,1.0280577087902816e-06
1-10C-rep1,1.1085749938125952e-05,0.00010862672276551326,1.3024147959581857e-06,0.9998646314036898,1.023271683259274e-05,4.12099197808885e-06
1-10C-rep2,2.4347100240951854e-06,3.639300306726874e-07,2.860431073177661e-07,0.9999937628806997,2.24736245947225e-06,9.050736787560013e-07
1-11A-rep2,0.7159882047251668,8.6873745615442e-07,6.828135643063634e-07,0.28400271854281484,5.364679420629593e-06,2.1605015773539463e-06
1-11B-rep1,0.8448494371696844,1.7449665951146394e-06,1.371515469909676e-06,0.15513233109177044,1.0775621928328167e-05,4.339634551805255e-06
1-11B-rep2,0.1462247180389183,8.200793683505876e-07,0.8537579034740784,9.45471291583141e-06,5.064203090940859e-06,2.0394916281380344e-06
1-11C-rep1,0.6733212965752078,1.527780344502217e-06,1.2008105960166327e-06,0.326662740888963,9.434440423087463e-06,3.799504465662956e-06
1-11C-rep2,0.5557106410949356,1.1554774164703182e-06,9.081865270413344e-07,0.4442772862601148,7.135373147809482e-06,2.8736078583875894e-06
1-12A-rep1,0.9704859169573087,1.1196491619669819e-06,8.80026099530137e-07,0.02950238473807027,6.914124370921287e-06,2.7845049886771606e-06
1-12A-rep2,0.9792124320498774,7.715929826962313e-07,6.064595822088536e-07,0.020779506201798636,4.764787066619699e-06,1.918908692586781e-06
1-12B-rep1,0.8561698081833545,1.8530949213067345e-06,1.456502582283684e-06,0.1438108303330508,1.1443342425701022e-05,4.6085436654156834e-06
1-12B-rep2,0.8053415117927748,7.693703043437268e-07,6.04712593038042e-07,0.1946504496818618,4.751061450517979e-06,1.9133810155509666e-06
1-12C-rep1,0.8107446502926183,2.0511033521735063e-06,1.6121340005965808e-06,0.18923391939453177,1.266609591314051e-05,5.1009795839850766e-06
1-12C-rep2,0.8008000790483673,7.58112206095685e-07,5.95863910231058e-07,0.19919200005299315,4.681539769878069e-06,1.885382753417123e-06
1-1A-rep1,4.970374395094368e-06,7.429502849045302e-07,5.839468858447809e-07,0.9999872671415642,4.587910968661815e-06,1.847675901459558e-06
1-1A-rep2,2.6264882533069163e-06,3.9259621931472764e-07,3.08574267109581e-07,0.9999932715927504,2.424383619532031e-06,9.76364890317213e-07
1-1B-rep1,8.537006529997078e-06,1.2760751866002526e-06,1.0029744203069642e-06,0.9999781303203797,7.880095700067983e-06,3.1735277832685288e-06
1-1B-rep2,2.7778507999476694e-06,4.152212447578035e-07,8.073926333382568e-05,0.9999124709335276,2.564099027824631e-06,1.0326320661033458e-06
1-1C-rep1,7.851448823747142e-05,1.1020456725363687e-06,8.66190042068595e-07,0.9999099711317034,6.805418251701195e-06,2.740726092749122e-06
1-1C-rep2,2.442283807702627e-06,3.6506212742067235e-07,2.8693291701821696e-07,0.9999937434785567,2.2543534509197243e-06,9.078891401965218e-07
1-2A-rep1,0.6833624031788026,5.512864712029035e-07,3.6021194903588155e-05,0.31659624898399086,3.4043371400438706e-06,1.3710186917462108e-06
1-2A-rep2,0.7644041518722982,7.71362455083271e-07,6.062783912403264e-07,0.23558778878797357,4.763363498736935e-06,1.9183353832769358e-06
1-2B-rep1,0.7329194857831525,2.031734144424522e-06,1.5969101171468917e-06,0.2670592862771161,1.2546486024711335e-05,5.0528094451274535e-06
1-2B-rep2,0.6348714460814152,9.017605609377289e-07,7.087691895897121e-07,0.3651191321549686,5.568605669441894e-06,2.242628196239804e-06
1-2C-rep2,0.2376122624234954,8.490718216292977e-07,6.673566942136594e-07,0.6804361119374146,0.08194799761633256,2.1115942416448703e-06
1-3A-rep1,0.9998374319809433,1.8787154723624106e-06,1.476639920281356e-06,0.00014293884713519102,1.1601555982650662e-05,4.67226054624812e-06
1-3A-rep2,0.9673410729327268,1.403989838285046e-06,1.1035132639186246e-06,0.03264425791789051,8.67000189627145e-06,3.491644384289762e-06
1-3B-rep2,0.15934961947556278,1.1491345001456614e-06,0.744709307494433,0.09592996985813254,7.096203992119696e-06,2.85783337942693e-06
1-3C-rep1,0.9505112629925127,1.709911031273681e-06,1.3439623647391314e-06,0.048808579242288215,0.0004520873405606904,0.00022501655124251886
1-3C-rep2,9.43552064604066e-06,0.04388564163767555,1.1085367941331848e-06,1.6260315945987844e-05,8.709470399197778e-06,0.9560788445185391
1-3C-rep3,0.8762347995156338,8.284119732836436e-07,6.511183881673532e-07,0.1155210061340057,5.115659090550316e-06,0.00823759916090864
1-4A-rep1,0.9070740983640815,1.243800467536412e-06,9.776070140729566e-07,0.09291290617515165,7.680790927444467e-06,3.0932623579065898e-06
1-4A-rep3,0.8569505835982175,8.709353763992459e-07,6.845410940056974e-07,0.1430403167054808,5.378252148986211e-06,2.165967682357482e-06
1-4B-rep3,0.24982205942202548,3.7981303671097813e-07,2.985268927100895e-07,0.7399987734607834,0.010177544203433248,9.445738284914004e-07
1-4C-rep1,0.9999660384648152,1.5453069762251542e-06,1.2145862445652738e-06,1.7815877817321603e-05,9.542671926001138e-06,3.843092220760713e-06
1-4C-rep2,2.297299842537923e-06,3.4339054502800235e-07,0.9999904258336076,3.9589570797038755e-06,2.12052580109203e-06,8.539931240740203e-07
1-4C-rep3,0.9998968123236742,6.8297429894611e-07,5.368067326777486e-07,9.605183264477567e-05,4.217543678378991e-06,1.6985189710790955e-06
1-5A-rep1,0.8407369587386767,1.6100330928287652e-06,1.2654599234526326e-06,0.1592462193333394,9.942372506724045e-06,4.004062460995457e-06
1-5A-rep2,2.991806483449369e-06,0.9670771682551909,0.03291081037323358,5.155806499194634e-06,2.761591117779426e-06,1.1121674751012213e-06
1-5A-rep3,0.8363846548293024,7.377841367137866e-07,5.798863770744195e-07,0.16360763666354292,4.556008661829682e-06,1.8348279791835308e-06
1-5B-rep1,0.9564607380660677,1.9088103148625635e-06,1.5002939788570407e-06,0.04351931832544698,1.1787399451334901e-05,4.747104740234664e-06
1-5B-rep2,0.009826474158719916,0.9085798306018578,0.08155182624274278,3.7589385029702113e-05,3.0509225694470757e-06,1.228689080344262e-06
1-5B-rep3,0.9419092537902467,9.292957398743411e-07,7.304113940789124e-07,0.058081036753418774,5.738642550824317e-06,2.3111066497746765e-06
1-5C-rep1,0.2712001617243639,1.5657685275563272e-06,1.2306686923712224e-06,0.7287834788321393,9.669027319754286e-06,3.893978957153774e-06
1-5C-rep2,0.27189091438753943,0.7211075901474105,0.0069915106388405025,5.701252644975757e-06,3.053747006805025e-06,1.2298265577009741e-06
1-5C-rep3,0.1777520225770931,5.37682392231648e-05,6.446714816945735e-07,0.8221864596891031,5.065007509666186e-06,2.0398155893272605e-06
1-6A-rep1,0.07110688227060143,9.967441435864277e-07,6.512750981680115e-05,0.9288183594744106,6.155153961475673e-06,2.4788470661428484e-06
1-6A-rep2,4.838073861129047e-05,0.9510145615831971,0.026785335176871178,0.022145840153684437,4.193508344348148e-06,1.6888392916398772e-06
1-6A-rep3,5.630032769957669e-06,8.41553194582332e-07,0.9182704617799449,0.08171577692870972,5.19680954511352e-06,2.0928958357232337e-06
1-6B-rep1,0.12615821589091167,1.7636411444652552e-06,1.3861933631138598e-06,0.8699524383207876,0.0038818098766792808,4.386077113988515e-06
1-6B-rep2,0.12530738283191198,6.414575556401123e-07,5.041752451387542e-07,0.8746859150991345,3.961167005717536e-06,1.5952691471377377e-06
1-6C-rep2,0.15139413116532066,6.077117888181249e-07,4.776516192023621e-07,0.8485995193478322,3.7527781311262904e-06,1.5113453080866875e-06
1-7A-rep1,0.9225637521131022,2.1996402376243546e-06,1.7288815858044548e-06,0.07741326563278589,1.3583349758865034e-05,5.47038252964874e-06
1-7A-rep2,0.7969158548304701,6.232875942570295e-07,4.898939499011671e-07,0.20307763294374376,3.848962775066599e-06,1.5500814670734022e-06
1-7B-rep2,0.8354591394939618,8.612989093132899e-07,6.769669870166776e-07,0.15769299782934115,5.318744461942942e-06,0.006841005666338774
1-7C-rep1,0.6245082597516881,1.5087341356724306e-06,1.1858405844838527e-06,0.3754759767108478,9.316825136873759e-06,3.7521376070938332e-06
1-7C-rep2,0.5002393368119559,6.889276153279004e-07,5.41485942891716e-07,0.49975346514299596,4.254306953234509e-06,1.7133245367217712e-06
1-8A-rep1,1.3165380887664815e-06,1.9679047701157175e-07,1.546741263173255e-07,0.9999966273580664,1.2152323060561163e-06,4.894069352941104e-07
1-8A-rep2,2.1483355655960507e-06,3.2112400267179815e-07,2.523982628989826e-07,0.9999944965005741,1.9830241189662477e-06,7.986174757213533e-07
1-8B-rep1,7.851448823747142e-05,1.1020456725363687e-06,8.66190042068595e-07,0.9999099711317034,6.805418251701195e-06,2.740726092749122e-06
1-8B-rep2,2.0319519044830966e-06,3.037274712822427e-07,2.3872487110435223e-07,0.9999947946464609,1.875596019400922e-06,7.553532728930352e-07
1-8C-rep1,0.00014558969128075728,2.0435271609563975e-06,1.60617923705764e-06,0.9920498739761683,1.2619310964683132e-05,0.007788267315188307
1-8C-rep2,5.105036765362019e-06,7.630790394818544e-07,0.8753016488460548,0.12463661308575476,5.3972217394710846e-05,1.897734990896067e-06
1-9A-rep1,0.27568034287047066,9.889806667357247e-07,7.773227795117305e-07,0.724309324073875,6.107212475588943e-06,2.459539732422092e-06
1-9A-rep2,0.23598003923703914,4.1054439348763906e-07,0.00047736572573163917,0.7635386282735812,2.535218256557487e-06,1.0210009979657196e-06
1-9B-rep2,0.6717900277793891,6.661455039016265e-07,0.002537673029241851,0.3256658627576701,4.1136214981972195e-06,1.6566666968609226e-06
1-9C-rep1,0.7580099141749499,1.6162485002052685e-06,0.0049050498035534155,0.2370694194989027,9.980754261542305e-06,4.0195198323171395e-06
1-9C-rep2,0.6244421795051369,5.068422043366643e-07,0.004711909272228108,0.37084101400990155,3.1298822490602107e-06,1.2604882800682072e-06
2-10A-rep1,0.9855925004981153,7.660601937397058e-07,6.021108997373008e-07,0.009058630706393223,0.005296143023083771,5.135760131430594e-05
2-10A-rep2,0.8201079926363021,8.202530638940708e-07,6.447056175866904e-07,0.17983048637247886,5.065275706034152e-06,5.4990756831601384e-05
2-10C-rep1,1.2782636840758041e-05,0.012459597605152296,1.5017743901571234e-06,0.8572589000515916,0.13026246614309142,4.751788933865484e-06
2-10C-rep2,1.3110419266280432e-06,1.9596893422584834e-07,0.9098714450873401,0.09012535037892877,1.2101590659828188e-06,4.873638042286257e-07
2-11B-rep1,0.5914173606163848,2.504929113491305e-07,1.9688336956128087e-07,0.3958054175222218,0.012776151523219625,6.229618928616575e-07
2-11B-rep2,0.5985707081466497,9.163227713103567e-07,7.202148509897951e-07,0.39461717554961495,0.006571590752376164,0.00023888901373691246
2-11C-rep2,0.6167567986394167,1.1669673905931222e-06,9.17217460528776e-07,0.29561905346953754,0.0667519976459544,0.020870066060240354
2-12A-rep2,0.9130912783963798,1.1310120553285078e-06,8.889571495983148e-07,0.0385631913790869,0.04834069749145794,2.812763870410605e-06
2-12B-rep2,0.990444825218857,1.1018105183582382e-06,8.660052146948088e-07,0.009543662858018918,6.803966113576893e-06,2.740141277429864e-06
2-12C-rep2,0.3885841601517036,1.1926635149058831e-06,9.374141978819964e-07,0.1897208456292955,0.06344837417813264,0.35824448996315544
2-1A-rep1,0.5040251824905314,2.1221949507131872e-06,1.6680108451452153e-06,0.4580045490615026,1.3105104998064431e-05,0.03795337313717202
2-1A-rep2,0.39454491491784593,1.3657412159449858e-06,1.0734504665051995e-06,0.5842813548397994,8.43380671937248e-06,0.021162857243952976
2-1B-rep1,0.6245580700050792,1.5474681488458897e-06,1.216284891227498e-06,0.3512510100613425,0.014894010574278442,0.009294145606259756
2-1B-rep2,0.628128408664341,8.08353827472354e-07,6.353530105636172e-07,0.35871310843527715,0.008876048546952304,0.004280990646591532
2-1C-rep1,0.8915698250761946,1.2239491022671644e-06,0.00015898427229374211,0.08961273696622624,0.017864074502407363,0.0007931552337757875
2-1C-rep2,0.8725807777567783,6.348070430502771e-07,4.989480500019965e-07,0.12741258966007207,3.920098363201234e-06,1.578729693429646e-06
2-2A-rep1,0.28782741104420045,1.662385183256921e-06,1.306607818263541e-06,0.25725095023211386,0.45491453547149563,4.134259188610368e-06
2-2A-rep2,0.32306817725764525,1.160324201710905e-06,9.119960217075391e-07,0.31550850061786373,0.3614183641427249,2.8856615428272325e-06
2-2B-rep1,0.06305202072109808,1.9767694647535485e-06,1.5537087695231468e-06,0.28293171898244523,0.6540078137028685,4.9161153538497955e-06
2-2B-rep2,0.06682695129338596,1.0918699155580178e-06,8.581920619623153e-07,0.289634875111631,0.6435335081134527,2.715419552957669e-06
2-2C-rep1,0.006652853471550098,1.5358081844045849e-06,1.2071203481040832e-06,0.8532420867048204,0.14009849742584146,3.819469255541577e-06
2-2C-rep2,6.772415755270397e-06,1.0123117123402412e-06,0.8771155839787319,0.12286786244331778,6.251287741746308e-06,2.5175627409533536e-06
2-3A-rep1,0.5353936282405225,1.938186018511828e-06,1.5233828059481984e-06,0.33020920357356887,1.1968802050839844e-05,0.13438173781503324
2-3A-rep2,0.6213876487698425,5.795856619607544e-07,4.555449392226281e-07,0.23994732062929178,3.5790919928519304e-06,0.1386604163782717
2-3B-rep1,0.7119050057231218,2.1248147848888245e-06,1.6700699923578578e-06,0.22086152456513714,1.3121283154523481e-05,0.06721655354380929
2-3B-rep2,0.5931236708415604,1.1123330033586876e-06,8.742757174083926e-07,0.3357051209487897,6.868945191359122e-06,0.07116235265573793
2-3C-rep1,0.3288515023015364,1.5413093437760853e-06,1.2114441702343034e-06,0.5827780889714773,9.517985507361272e-06,0.08835813798796502
2-3C-rep2,0.36947405293661195,8.245755984290582e-07,6.481030596927753e-07,0.5637670731702168,5.091968479438279e-06,0.06675230924603368
2-4A-rep1,0.08068786172113455,1.4042443815394198e-06,1.103713330792175e-06,0.8940967766977715,0.025118711382753123,9.414224062849598e-05
2-4A-rep2,0.09547937458999432,5.477775067219992e-07,4.3054424459536207e-07,0.8690474439570492,0.03547084083911225,1.3622920928846497e-06
2-4B-rep2,0.4544215959244562,9.144295920734746e-07,7.18726842784959e-07,0.3700126492942647,0.1755618474894746,2.2741353697344155e-06
2-4C-rep2,0.056935789560115226,1.3483847996940955e-06,1.0598086045595708e-06,0.2616697764580764,0.681388672430648,3.353357756110556e-06
2-5A-rep1,0.5704028939876861,0.2989116633611493,8.650822597172222e-07,0.1306750436332557,6.79671470875242e-06,2.7372209404753277e-06
2-5A-rep2,0.6294516365014176,0.276993535754028,5.80771512115232e-07,0.09354784638146713,4.5629629257549286e-06,1.8376286494569593e-06
2-5B-rep1,0.6032381661092185,0.036676318005000014,5.898880780764968e-07,0.36007842493388725,4.634589291070171e-06,1.8664745250648531e-06
2-5B-rep2,0.019879146521028478,9.930381679098941e-07,0.9800998097830065,1.1448758686534159e-05,6.132268599155437e-06,2.469630511431107e-06
2-5C-rep1,0.21489613033373295,0.4929627378628823,0.008864351911700458,0.2832154807011961,5.9217040535695886e-05,2.0821499524478253e-06
2-5C-rep2,0.20950519787872662,0.47201442355827805,0.008664784417723722,0.3097979809892586,1.2556367165185366e-05,5.056788847791871e-06
2-6A-rep2,0.6752252411364057,1.3935070655801426e-06,1.095273974425878e-06,0.3247601992401886,8.60526805222831e-06,3.4655743135180456e-06
2-6B-rep2,0.43052656804316825,9.707596838162677e-07,7.630013821732597e-07,0.5187659472755999,0.05070333669500121,2.4142251646438275e-06
2-6C-rep2,0.5364975953287147,0.04952833377766363,6.790813945300245e-07,0.4139659077628859,5.33535678347056e-06,2.148692557864235e-06
2-7A-rep1,0.934946021481455,1.7731291161194663e-06,1.3936507550996133e-06,0.049582941332091776,0.015463460733411977,4.409673170057692e-06
2-7A-rep2,0.9196917476891733,1.0236165203192345e-06,8.045459992205234e-07,0.06212588418732526,0.01817799428381442,2.545677167581641e-06
2-7B-rep1,0.9034914196741202,1.619120346047656e-06,1.272602357241101e-06,0.0001231879968211274,0.0599006019985722,0.036481898607783274
2-7B-rep2,0.9449218767274208,9.161060113111577e-07,7.200444811426066e-07,1.0561806175949984e-05,0.0252578179365254,0.029808107379385506
2-7C-rep2,0.4964544685124656,8.122532989447504e-07,6.384179319574344e-07,0.46856329058118207,5.01587507976961e-06,0.034975774360041643
2-8A-rep2,0.0001281106956139434,9.433876023173437e-07,0.925615172249954,0.07424760185104297,5.8256634613546005e-06,2.346152325335545e-06
2-8B-rep2,0.19319164649818002,7.214625766159685e-07,5.670578952972384e-07,0.8025160548145063,5.102870477703801e-05,0.004239981462064793
2-8C-rep1,1.216304131666907e-05,1.8180793423617515e-06,1.4289809045934971e-06,0.9999688413244304,1.1227112131454112e-05,4.521461874471067e-06
2-8C-rep2,0.015164373536079719,8.538925182200459e-07,6.711456836238077e-07,0.9809130141886508,0.00391896365402259,2.123583045068128e-06
2-9A-rep1,0.950261243823233,0.007058131927230927,9.54687362300957e-07,1.4003611086985946e-05,0.042662645209174316,3.0207419125107644e-06
2-9A-rep2,0.9516454006267892,4.712983471905317e-07,3.704328644023179e-07,3.585792707579315e-05,0.04825587898591979,6.202072900372957e-05
2-9B-rep1,0.775195487298111,1.7211198949639803e-06,1.3527723499814818e-06,0.22478653011814342,1.0628362361422344e-05,4.280329139191587e-06
2-9B-rep2,0.6698181068850487,6.383647854854741e-07,5.017443779096412e-07,0.33017522335984084,3.942068346757014e-06,1.5875776003416926e-06
2-9C-rep1,0.9999717787467598,1.2841144922527912e-06,1.0092931842882685e-06,1.4804583975484744e-05,7.929740500444427e-06,3.1935210878280284e-06
2-9C-rep2,0.999991863826752,3.7020956831407203e-07,2.909787221559821e-07,4.2681541838363455e-06,2.286140235332091e-06,9.20690538467934e-07
3-10A-rep2,0.17021161539777757,1.2286086428525016e-06,0.3144727573352121,0.13381338597868794,0.38149795719854196,3.055481137631176e-06
3-10B-rep1,0.334229161517183,0.011979671678321308,1.568116372984865e-06,0.16938477252410056,0.4843998644613342,4.9617026878339314e-06
3-10B-rep2,0.30710204707645733,1.3291790893906003e-06,1.0447132274528722e-06,0.19324633408566097,0.49964593935133866,3.3055942262766026e-06
3-10C-rep1,0.15788695728363122,0.403473901121643,1.3202088061865794e-06,0.23704980754573413,0.20158383654588838,4.177294297163237e-06
3-10C-rep2,0.15746445973381956,0.39824361671624425,9.917816437434605e-07,0.25717370385845617,0.18711408979730057,3.1381125357038652e-06
3-11A-rep2,0.06416226942087157,1.6080275383299323e-06,1.2638835901127298e-06,0.08389300727315031,0.8519378523200909,3.9990747588680755e-06
3-11B-rep2,0.08298913939766284,1.4475470089645384e-06,1.1377484943119579e-06,1.6688801023560514e-05,0.592919573520496,0.32407201298531446
3-12A-rep2,0.4304351159328948,0.007954437993645,1.3583109172703411e-07,0.051777230396345415,0.5098326500606419,4.297853810623705e-07
3-12B-rep2,0.1725980710609988,1.5391653276097385e-06,1.2097590082672412e-06,0.3577126133987555,0.45348711003721354,0.01619945657869632
3-12C-rep2,0.09905961194800121,4.008556401422578e-07,3.150660380518824e-07,0.44043015754156173,0.30296970078638824,0.15753981380237067
3-1A-rep1,0.05258424962687204,1.8635726412724812e-06,0.721209323977165,0.05439779082034153,0.17180213740181,4.634601170307063e-06
3-1A-rep2,0.11370977529990182,9.93993965398862e-07,7.812631510300282e-07,0.2988350800552797,0.5874508973801756,2.4720075264520634e-06
3-1B-rep1,0.05893006461480568,1.3808370625320127e-06,0.8392440260335984,0.0015312813566995078,0.08157063969419562,0.018722607463638345
3-1B-rep2,0.2562526623433084,8.948325337870007e-07,7.033238725046857e-07,0.3594257397308009,0.3843177743709052,2.2253985793042605e-06
3-1C-rep1,1.0285850683958428e-05,1.5374849234043025e-06,0.8769848857650642,0.004384778866323905,0.1186146883937927,3.823639211870773e-06
3-1C-rep2,0.07483757581152699,1.303894304396126e-06,1.0248397961388571e-06,0.4477255697213213,0.4774312830206743,3.242712376902415e-06
3-2A-rep1,0.049184782479717484,2.1158180271984564e-06,0.5819906741045665,0.03102920568508671,0.33778795999123246,5.261921369652138e-06
3-2A-rep2,0.16067126178255584,8.445354011742783e-07,6.637911412400421e-07,0.12703751932430063,0.7122876102541841,2.100312417108381e-06
3-2B-rep2,0.03525877217259391,1.2081037962000568e-06,9.495500087989525e-07,0.2877905780864276,0.6769454876004453,3.0044867281900186e-06
3-2C-rep2,0.16415505895572088,1.391004458723651e-06,1.0933069659866392e-06,0.154553696126246,0.6812853012561385,3.4593504699130038e-06
3-3A-rep2,0.017283297216936507,5.744062699232284e-07,4.514740210032869e-07,0.46888795500210395,3.547107901826218e-06,0.5138241747927668
3-3B-rep1,1.2231950120042191e-05,1.8283795352705632e-06,0.6379519445039242,2.1079427521671584e-05,1.1290718497836679e-05,0.36200162502040106
3-3B-rep2,0.15811647793451103,1.132334833505839e-06,8.899968318126036e-07,0.08648685578844639,6.992461687401948e-06,0.7553876514836898
3-3C-rep1,0.008113419848496744,1.9013132483622403e-06,0.5756421436571846,0.04887159584773208,0.367366210873384,4.7284599541894354e-06
3-3C-rep2,0.026757919260988906,6.630944267219233e-07,5.211814752248927e-07,0.15564870826543636,0.8175905391188346,1.649078838167046e-06
3-4A-rep1,1.2006625127948705e-05,1.7946989201367836e-06,0.8835152153972986,0.00013654659173937872,0.11632997337084498,4.463316069039988e-06
3-4A-rep2,0.01066647854663905,1.196440260633373e-06,7.817570368584721e-05,0.3980846383591005,0.591166535470148,2.975480166068372e-06
3-4A2-rep1,0.012790263115706293,1.005217194858135e-06,7.90084427534022e-07,0.35451143172134403,0.6326940099422556,2.4999190718539395e-06
3-4B-rep1,0.10311348288111431,1.8723572939886472e-06,1.4716424951017129e-06,0.2447805985853852,1.1562292579843776e-05,0.6520910122411315
3-4B-rep2,0.058331684677329576,1.8324890095678184e-06,1.440306669536334e-06,0.3144491841558925,0.0006027909965285908,0.6266130673745702
3-4B2-rep1,0.14139098260013558,1.4230786778894414e-06,1.118516782549497e-06,0.16427245238000623,8.78788043859045e-06,0.6943252355439592
3-4C-rep2,0.020058490427282423,1.5764444638860866e-06,0.5393621672692711,0.15551694812750905,0.2850568972020585,3.920529415081854e-06
3-4C2-rep1,0.10400570801430375,1.0855954361477723e-06,8.532604228118157e-07,0.2762671462295933,0.6197225070849712,2.699815272784327e-06
3-5A-rep1,0.3761801344284903,0.5613040942751074,8.181700528213249e-07,0.06250593620276092,6.4281383299770575e-06,2.5887852586231357e-06
3-5A-rep2,0.3877431869608204,0.537509086852145,6.257850529589554e-07,0.074586013163673,0.00015910718157767487,1.9800567309698746e-06
3-5B-rep1,0.24084620947332988,0.37469302615401373,1.2883576460440833e-06,0.30360251539245303,0.08085288410903743,4.076513519912098e-06
3-5B-rep2,0.28838497311332134,0.4046537885833277,8.931960412656011e-07,0.3068771415349297,8.037739616317339e-05,2.8261762169311487e-06
3-6A-rep2,0.5645554561785397,1.808738923962558e-06,1.4216394870753693e-06,2.0852990485726992e-05,0.2886463659383542,0.14677409451420936
3-6C-rep2,0.4261802385512373,0.060067516998243316,1.0692084899340502e-06,0.0903783664743821,0.42336942566756003,3.3831000873121035e-06
3-7A-rep2,0.2689679519190241,2.019549742886816e-06,1.587333374963207e-06,0.05908114178827508,0.5342709779546984,0.1376763214548846
3-7B-rep2,0.061682195299578774,1.8805400339172923e-06,1.4780739960999581e-06,2.1680787047693225e-05,0.36019615200502275,0.5780966132943208
3-7C-rep2,7.670696297461373e-06,1.1465828419766053e-06,9.011955356088653e-07,0.6745284270666935,0.31931560757205874,0.006146246886572779
3-8A-rep1,0.03875720193451896,1.2908558438621533e-06,1.0145917774225014e-06,0.7359043161553955,0.2253329661760111,3.210286453108808e-06
3-8A-rep2,0.01174356135026229,9.72282927329536e-07,7.641986268934372e-07,0.8072319933886611,0.1736767846843105,0.007345924095211837
3-8B-rep1,0.07315732862908078,1.0531222856122119e-06,8.277370526562392e-07,1.214146978938632e-05,6.5033036310408535e-06,0.9268221457381606
3-9A-rep2,0.49171951660987023,0.006713916689648016,2.4112656572106726e-07,0.08304237566464852,0.4015708268388084,0.016953123070459188
4-10A-rep1,0.00019612913399590627,9.78918645818007e-07,0.40627096554170106,0.047469509227131765,0.5137681689712106,0.03229424820731495
4-10A-rep2,5.500348749360106e-06,8.221685823998739e-07,0.43940433336155776,0.026918244276649836,0.5198696882457201,0.013801411598740584
4-10B-rep1,5.497431015988588e-06,8.217324521071972e-07,0.03750440404197404,0.2159610996902363,0.7465261335015664,2.0436027551975985e-06
4-10B-rep2,6.767550972866211e-06,1.0115845454940666e-06,0.040684001084028136,0.14883514004822007,0.8104705639779158,2.5157543175832892e-06
4-10C-rep1,8.18698670441199e-06,0.009876055070674645,0.2257791050372547,0.07142888877613325,0.681291919090655,0.01161584503857807
4-10C-rep2,6.524277013384915e-06,0.014039867540837268,0.23929148268601003,0.06441387492796592,0.6666330660761335,0.015615184492039906
4-11A-rep1,4.144809533039279e-06,6.195483838170865e-07,4.0481445222087605e-05,0.12383008454201641,0.8761231288725853,1.5407822593595827e-06
4-11A-rep2,4.173351324087542e-06,6.238146885469519e-07,4.903082374724899e-07,0.06959357639955938,0.9303995847338694,1.5513923211602428e-06
4-11B-rep1,0.006255653801757368,1.3823156800695706e-06,1.0864777267495926e-06,1.5936747610656658e-05,0.9935440341712334,0.00018190648599185948
4-11B-rep2,0.00038352983634322885,6.526185353380916e-07,5.129475943390097e-07,0.00042881714871025896,0.999184864422936,1.623025880856853e-06
4-11C-rep1,7.259126488416482e-06,0.00021122142365892493,8.528420537189097e-07,0.1115949171474827,0.888183050968812,2.6984915042882256e-06
4-11C-rep2,8.555330151942547e-06,1.2788141231597007e-06,1.0051271800634555e-06,0.11740497457830606,0.8825810058108732,3.1803393656574757e-06
4-12A-rep1,2.874548897480147e-06,0.006185863303701515,3.377177941663306e-07,0.142935624082314,0.8508742317688914,1.0685784013943217e-06
4-12C-rep1,0.07386991599155944,8.794897408626932e-07,6.912646858668315e-07,0.06989993488367544,0.856226391128429,2.187241909439102e-06
4-12C-rep2,0.08078614675035398,9.467663292326149e-08,7.441429942369875e-08,0.06210289219778433,0.8571105565054263,2.3545550306387156e-07
4-1A-rep1,5.716080789725904e-07,8.544152841797227e-08,6.7155656919769e-08,0.14740579656321895,0.8525932667432033,2.1248831348391716e-07
4-1A-rep2,4.398105515889107e-06,6.574099828968636e-07,5.167135944839496e-07,0.15673339524258542,0.8432593975863778,1.6349419435697004e-06
4-1B-rep1,7.602495361517707e-07,1.1363884580605544e-07,8.931829150313673e-08,0.24191636465305588,0.7580823895268024,2.8261346839985164e-07
4-1B-rep2,0.0031055723217495094,1.199590386084759e-06,9.428586063918771e-07,0.32355261449842776,0.673336687416478,2.9833143522869674e-06
4-1C-rep1,0.07800067003680348,9.439049540128712e-07,7.418939996773886e-07,0.03498647599024002,0.8275990579350327,0.059412110238970056
4-1C-rep2,0.07038311836857693,2.8736533514701043e-07,2.2586449721922072e-07,0.040332443205553764,0.8389923771050788,0.0502915480909582
4-2A-rep1,0.0002971471648478419,9.019180696268906e-07,7.088929888672657e-07,0.19849143803134836,0.8012075609728337,2.243019911560664e-06
4-2A-rep2,1.1104755891709932e-05,1.6598913678784379e-06,1.304647719783568e-06,0.1122083974242528,0.887773405223559,4.128057208920563e-06
4-2B-rep1,5.1504510794324e-06,7.698673767166981e-07,6.051032838690892e-07,0.33273847382145877,0.6672530861395944,1.914617206805592e-06
4-2B-rep2,1.4305378333648145e-05,2.1383067076678827e-06,1.6806744250513613e-06,0.3442884735832969,0.6556880842077736,5.317849463096941e-06
4-2C-rep1,0.3278796733804947,7.607929628546048e-07,5.979709416070265e-07,0.01842593250244947,0.6536911433035055,1.8920496458886257e-06
4-2C-rep2,0.29289171601331554,6.502898530249041e-07,5.11117287772693e-07,4.9476189057095234e-05,0.7070560291559087,1.6172345778859083e-06
4-3A-rep1,4.084047280310689e-06,4.001864322717661e-05,4.798163078688953e-07,0.19460461770434173,0.09147014935625619,0.7138806504325867
4-3B-rep1,8.795671991128027e-06,1.3147393923051333e-06,1.0333638595114036e-06,0.34824511505448696,0.03870976657163802,0.6130339745986322
4-3B-rep2,4.183797151431513e-06,6.253760860965866e-07,4.915354706470381e-07,0.2873658046369632,0.05030574566832324,0.6623231489860054
4-3C-rep1,5.9219157294318585e-05,8.312123977687423e-07,6.533194764371112e-07,0.18539902673678507,5.132952439073285e-06,0.8145351366216074
4-4B-rep1,0.024244138502642416,1.4449679773796208e-07,1.135721417274493e-07,0.030391913603182708,0.9453633304697624,3.5935547296117683e-07
4-4C-rep1,0.03337812575744221,1.3288370300814756e-06,1.0444443743783179e-06,0.17441032359357286,0.4873362995338117,0.3048728778337688
4-4C-rep2,0.04462785374597883,1.781284767324963e-06,1.4000609648003847e-06,0.1386979072333237,0.5394268757223245,0.27724418195264094
4-5A-rep1,9.848901319270614e-06,0.8185375398853113,1.1571030262945484e-06,0.1814387018597122,9.09104200209682e-06,3.6612086287564383e-06
4-5A-rep2,5.481351582551304e-07,0.8718741414892812,6.439792925881641e-08,0.12807693419720492,4.810801788406484e-05,2.0376254224436485e-07
4-5B-rep1,0.00010560178803901407,0.6670039803062238,6.112088586027194e-07,0.30602623966521836,0.026861633095704524,1.9339359557763463e-06
4-5B-rep2,3.000275091777288e-05,0.7133998119899397,3.3099730588623173e-07,0.26291490427941466,0.02365390266842753,1.0473139944042641e-06
4-5C-rep1,4.857842596486259e-06,0.7809341721078938,5.707260320152235e-07,0.2190541094415601,4.484038336115875e-06,1.8058435814151532e-06
4-5C-rep2,1.6616135962415038e-05,0.8056980336416008,1.833130652876468e-07,0.19428314664488391,1.4402406166025296e-06,5.800238709461984e-07
4-6A-rep1,0.033383733754383055,1.254883838366404e-06,9.863183639604778e-07,0.22635110792818697,0.740259796289145,3.120826082701645e-06
4-6A-rep2,0.04650402459218855,6.814720312139286e-07,5.356259745816331e-07,0.19665176477720078,0.7450074707248177,0.011835522807787264
4-6B-rep1,6.909223623808661e-06,1.0327611668135305e-06,8.117335431935118e-07,0.31782368525376575,0.5786278220497473,0.10353973897815326
4-6B-rep2,2.7102887202609423e-06,0.0009418906443640965,3.184196062772782e-07,0.2258042816931283,0.6628083092306252,0.11044248972355586
4-6C-rep1,0.05938673815550367,7.119790041819429e-07,5.596039610272699e-07,0.09170096390608495,0.8489092557033917,1.7706520545196286e-06
4-7A-rep1,0.00010672215949254078,5.326710505507662e-07,4.1867081481603876e-07,0.34520908131817674,0.6301989546856833,0.024484290494782086
4-7B-rep1,0.018416648799418574,1.3140702254243914e-06,1.0328379051857114e-06,0.06117674133883371,0.09654333110080858,0.8238609318528085
4-7B-rep2,0.025227245847275086,5.550195950026758e-07,4.3623640863976715e-07,0.024835813872522493,0.0734168060567582,0.8765191429674406
4-7C-rep1,0.0006919431396343582,8.180007451998345e-07,6.429353315875427e-07,0.021606854258782525,0.32676509215457694,0.6509346495109294
4-7C-rep2,1.6957727541258316e-06,2.534768511713304e-07,1.992286979124851e-07,0.028016398356291945,0.3239891967805689,0.6479922563848359
4-8A-rep1,0.00010473455469850646,1.4700759740216559e-06,1.1554558958080084e-06,0.31840535226483174,0.6814836316516838,3.655996916218342e-06
4-8A-rep2,0.00012380295433731195,1.7377239938442e-06,1.3658229026636291e-06,0.32062331297537433,0.6792454589007852,4.321622606587425e-06
4-8B-rep1,5.764696745565408e-06,8.616821891190196e-07,6.77268238733664e-07,0.14986438462988463,0.01797228007178816,0.8321560316511538
4-8B-rep2,6.632717353675197e-07,9.914301933608463e-08,7.792480677491762e-08,0.13423053873143226,0.048545406324191215,0.8172232146048152
4-8C-rep1,1.2908418162811778e-05,1.929495082139731e-06,1.5165518707797526e-06,0.250132973992762,0.712105060830692,0.03774561071143019
4-8C-rep2,1.1050288565716411e-05,1.651749825180002e-06,1.2982485991407444e-06,0.2067697560197014,0.7464026655435788,0.046813578149729855
4-9A-rep1,0.010600331157266758,0.005825786691504556,1.2893126475716919e-06,0.04057614902188885,0.9429923642814364,4.079535255880202e-06
4-9B-rep1,0.0337965714078495,2.0766753129933437e-06,1.6322331474561957e-06,0.22309686572053847,0.7421592816556776,0.0009435723074740194
4-9C-rep1,0.07467050373920875,0.012880110600491277,2.9984284920432963e-07,0.17268634949792486,0.7076240313816791,0.03213870493784688
5-10A-rep1,7.230259022402755e-06,1.0807481637458597e-06,0.0791862841348603,0.1994760350902479,0.578444065061534,0.14288530470617172
5-10B-rep1,6.487925388069657e-06,9.697873102402718e-07,7.622371122979835e-07,0.2517414888189189,0.6565331563714673,0.09171713485980329
5-10B-rep2,1.1497770714679372e-05,1.7186375410007355e-06,1.3508212599881755e-06,0.2358896971450809,0.6767774455383372,0.08731829008706635
5-10C-rep1,6.9267720968237284e-06,1.0353842374295088e-06,8.137952341958221e-07,0.28654844888904074,0.44702206713527987,0.266420708024111
5-11A-rep1,1.0095472984297569e-05,1.5090280799234366e-06,1.1860716199023383e-06,0.19153371047016354,0.7923764034533912,0.01607709550376121
5-11B-rep1,0.13979361193879072,0.007812255235489703,8.270061562353703e-07,0.0782600081894188,0.6793094682934593,0.0948238293366853
5-11C-rep1,8.880083111754752e-06,1.327356805226911e-06,1.0432809416268463e-06,0.2324828923104187,0.7189182864379954,0.048587570530727334
5-11C-rep2,7.926494828184607e-06,1.184818511198336e-06,9.312481520811637e-07,0.11864203057328788,0.8292586356728241,0.05208929119239662
5-12A-rep1,0.026736359542305757,6.810825235005454e-07,5.353198278301423e-07,0.5854255460112804,0.374996884072983,0.012839993971079593
5-12A-rep2,0.043064881223766845,1.132417609883803e-06,8.900618927044503e-07,0.5381197182581821,0.39607571976504646,0.022737658273502166
5-12B-rep1,0.0206721705358822,0.028444981092235564,1.0185810723252607e-06,0.3467769260909692,0.6041016807907944,3.2229090464204935e-06
5-12B-rep2,0.014439514158877965,0.013519904364594743,1.0097954266429115e-06,0.2659086430749269,0.7061277334959327,3.1951102410847053e-06
5-12C-rep1,0.00793496042787993,1.2658561108300953e-06,9.94942392332223e-07,0.09758398783781018,0.8676726602832019,0.02680613065260485
5-12C-rep2,0.024918127208586993,1.0290564263759625e-06,8.088216772378254e-07,0.06969691378886521,0.8577502657425593,0.047632855381884935
5-1A-rep1,0.020398832446976344,6.231371594543241e-07,4.897757105837493e-07,0.00012786264490405465,0.9794706422879055,1.5497073441134316e-06
5-1A-rep2,0.026534610656137055,3.298630115215948e-07,2.592669822559776e-07,0.00011027331830111091,0.9658369019208873,0.007517624974680786
5-1B-rep1,4.115347702247304e-06,6.151445554852993e-07,4.834936533689755e-07,0.31768872667197373,0.6823045295119312,1.529830184034847e-06
5-1B-rep2,3.7513778655358166e-05,5.265511927248866e-07,4.138607057255033e-07,0.2820644255445165,0.7177258551366915,0.00017126512823818557
5-1C-rep1,0.04006388123831431,8.789408221503886e-07,6.908332446531393e-07,0.17051196512218572,0.7818740606746306,0.0075485231908025315
5-1C-rep2,0.023531022587418952,1.1042452948647606e-06,8.67918909578033e-07,0.126897793092098,0.8495664659598479,2.7461964307395093e-06
5-2A-rep1,3.0108418456414467e-06,4.5004774876306363e-07,3.5373023836368254e-07,5.1886103067428035e-06,0.987148671905156,0.01284232486470456
5-2A-rep2,1.157999451753904e-05,1.7309280030272614e-06,1.3604813639975649e-06,1.9955906681949136e-05,0.9999610679680769,4.304721356646304e-06
5-2B-rep1,4.7210795337153445e-06,7.056867563321992e-07,5.546583561712283e-07,8.13587799805845e-06,0.9999841276937705,1.7550035852287448e-06
5-2C-rep1,4.9431108154032284e-06,7.388750417359188e-07,5.807438107457833e-07,0.03339679291306117,0.9333499250142744,0.03324701934299657
5-3A-rep1,6.68953113303527e-07,9.99922473862639e-08,7.859228626224017e-08,0.10409974416249716,6.174780976408621e-07,0.8958987908217582
5-3B-rep1,3.113976277855694e-06,4.654638421407914e-07,3.6584703797023125e-07,0.0009668919739635081,0.0001230650640132111,0.9989060976748654
5-3B-rep2,4.617379384055892e-06,6.901861019327696e-07,5.424750929717716e-07,7.95717061556584e-06,4.262078434874272e-06,0.9999819307103707
5-3C-rep1,2.7227498361327573e-06,4.0698498859062077e-07,3.198836066179124e-07,0.005968576105971773,2.5132380068681863e-06,0.99402546103759
5-3C-rep2,3.6012410655203473e-06,5.382980964731607e-07,4.2309358173551045e-07,0.006817095838163631,3.3241305527412834e-06,0.99317501739854
5-4B-rep1,0.025793522350695756,6.506449273867947e-07,5.113963704678373e-07,7.5012995522090195e-06,0.8796919105500923,0.09450590375836186
5-4C-rep1,0.07503308585665731,8.609159703248527e-07,6.766660031765608e-07,0.007401506553087905,0.9175617289583028,2.141049978539692e-06
5-4C-rep2,0.06312447877734008,1.0732603586332765e-06,8.435652517517905e-07,0.00042807484039569056,0.9364428604180306,2.669138623310939e-06
5-5A-rep1,0.03833377478964771,0.7408310965913747,8.129801589718429e-07,0.03914003825866708,0.14990845944370135,0.03178581793645022
5-5A-rep2,0.05754269434512708,0.7740792562393067,7.289682773776009e-07,0.031024117894857255,0.08783718436367986,0.04951601818875164
5-5B-rep1,3.6476327317189402e-06,0.5834626161258303,4.285439295066072e-07,6.2859976569035525e-06,0.3911133706784756,0.025413651021375987
5-5B-rep2,0.00582481942764596,0.625532967904871,8.965503496988247e-07,1.3150841744489074e-05,0.3686253284857497,2.836789639159035e-06
5-5C-rep1,8.87491034722736e-05,0.355999790787924,9.79100690788308e-07,0.14492273719166446,0.4989846458277237,3.0979885248550333e-06
5-6A-rep1,2.2089281933726668e-05,3.100497514658863e-07,2.4369408088822253e-07,0.16512760226574968,0.8094098758501308,0.025439878858353443
5-6B-rep1,3.2898337332863883e-06,4.91750261679684e-07,3.8650773780658467e-07,5.669399487292994e-06,0.994655850709099,0.00533431179968099
5-6B-rep2,0.00044514891923558357,1.1297747545211737e-06,8.879846512118465e-07,1.302519777449776e-05,0.9994640666584985,7.574146508568147e-05
5-6C-rep1,6.6859060841525424e-06,9.993806170755782e-07,7.854969719675262e-07,0.022720548679298062,0.9772684951332002,2.4854038285934697e-06
5-6C-rep2,1.1701594053470197e-05,1.7491041810539062e-06,1.374767545416263e-06,2.0165460234667587e-05,0.9999606591494883,4.349924497156286e-06
5-7A-rep1,6.258332881278005e-06,9.3546880527993e-07,7.352633234649722e-07,0.07761000840730371,0.8969561772848975,0.02542588524278881
5-7A-rep2,1.2842831842437434e-05,1.919691519765023e-06,1.5088464296012338e-06,0.1342321210146775,0.8480256622536736,0.017725945361857075
5-7B-rep1,3.1896921176714547e-06,4.7678152171406966e-07,3.747425507334496e-07,5.496824557903827e-06,0.9999892762302122,1.185729039791007e-06
5-7B-rep2,4.876357419950034e-06,7.288970299750253e-07,5.729012551763415e-07,8.403469748881517e-06,0.9999836056483055,1.8127262406304345e-06
5-7C-rep1,4.106704564146486e-06,6.13852616205874e-07,4.824782100287555e-07,7.0771201945144266e-06,0.2588857021601879,0.7411020176842272
5-7C-rep2,5.127516518432523e-06,7.664392167282199e-07,6.024088056649295e-07,8.836294438396499e-06,0.2952829909803305,0.7047016763606903
5-8A-rep1,4.155112793356682e-06,6.210884710579622e-07,4.881654746992909e-07,0.00926885362087248,0.9866347586381494,0.004091123374239058
5-8A-rep2,0.0002054646322835432,1.0255139330941983e-06,8.060373349176955e-07,0.0014020504235902629,0.9983881029969309,2.5503959272761373e-06
5-8B-rep1,0.00017086821819667844,1.2582474703170446e-06,9.889621241724506e-07,1.4506362515674227e-05,0.8939727613139512,0.10583961689574206
5-8C-rep1,0.11933913916972887,1.3632172834705643e-06,1.0714666964758088e-06,0.1242738191279038,0.7228526494375951,0.033531957580792374
5-9A-rep1,0.025502983593996033,5.939867169755064e-07,4.668639351226356e-07,0.23942912951330206,0.7350653488302296,1.477211820281826e-06
5-9A-rep2,0.04068754413001786,9.892964646086428e-07,7.775709915229429e-07,0.14191567073422476,0.8173925579431972,2.460325104110317e-06
5-9B-rep1,2.977280832876176e-06,4.4503119225974434e-07,3.4978730623578907e-07,0.23535032406037193,0.7646447970725546,1.1067677421266592e-06
5-9B-rep2,5.018269568951994e-06,7.501094504390612e-07,5.895738739543203e-07,0.19224702054183695,0.807744756024923,1.8654803466579507e-06
5-9C-rep1,0.05334657672617156,6.69080262804968e-07,5.258862453971263e-07,0.027823351696451067,0.9188272126455908,1.6639652784921212e-06
5-9C-rep2,0.05522781743533384,1.2767062070318056e-06,1.0034703921416844e-06,0.03792646104732506,0.9068402662436461,3.1750970958704602e-06
