,16_1,16_2,16_3,16_4,16_5,16_6,16_7,16_8,16_9,16_10,16_11,16_12,16_13,16_14,16_15,16_16
1-10A-rep2,7.571622197588686e-07,3.671466002997241e-07,7.340220688458368e-07,0.04111406891888126,0.15974556792635586,9.348552921396798e-07,9.635766861941322e-07,1.4056542883842427e-06,5.242223951944744e-07,1.1627732644020502e-06,0.777511441859933,0.00825866593361072,3.69142134506973e-07,4.2822803019088286e-07,0.01336197941506678,6.291631723310318e-07
1-10B-rep1,1.0199107700309697e-06,4.945529003615586e-07,9.887405815027317e-07,3.7708857491713904e-06,2.959712172018792e-06,1.2592664504276993e-06,0.006566285398771883,1.8934409433686166e-06,0.002008819943177713,1.5662759505425372e-06,0.9914032825781066,2.706563006985135e-06,4.972409198860754e-07,5.768306561306251e-07,3.031166031818654e-06,8.474938115264489e-07
1-10B-rep2,3.523897396299709e-07,1.7087315176244749e-07,3.41620116499754e-07,1.30288010125094e-06,1.022611224750267e-06,4.3508960747370086e-07,0.004857217357874056,6.542034662680665e-07,2.4397756323553916e-07,5.411645710767523e-07,0.9951083859235794,9.351455650327544e-07,2.6857345302919298e-05,1.9930096896445555e-07,1.0472992737348514e-06,2.928178938366819e-07
1-10C-rep1,1.412558716113075e-06,6.849471841183795e-07,1.3693885459548431e-06,5.222611319514635e-06,4.099149992939241e-06,1.744062179484983e-06,1.7976446938416227e-06,2.6223828462165257e-06,9.779871395979733e-07,2.1692650090458124e-06,0.983921891408118,3.7485427927287943e-06,6.886700445097087e-07,0.004386541732317374,0.011663855884879623,1.1737642208516202e-06
1-10C-rep2,3.10234245685746e-07,1.50432028471184e-07,3.007529653521274e-07,1.1470198475556764e-06,0.002820086594526056,3.8304093734978546e-07,3.948090364268416e-07,5.759427589911941e-07,2.1479114395925052e-07,4.7642642114420855e-07,0.9877528492302349,7.130293435695707e-05,1.5124966441942653e-07,1.754590977479966e-07,0.009351223293905666,2.577888292465644e-07
1-11A-rep2,7.40559529557503e-07,3.590959856438553e-07,7.179267847812226e-07,0.5515555909680877,2.1490537389553172e-06,9.14356233426152e-07,9.424478385196743e-07,1.374831774963411e-06,5.127274978040533e-07,1.13727652964758e-06,0.32292158195493836,0.12545430199606694,3.610477627335875e-07,4.188380512203732e-07,5.828155199586267e-05,6.153671838840024e-07
1-11B-rep1,1.4875029180025084e-06,7.212874929951805e-07,1.442042326985282e-06,0.21594531991914512,4.316633005249872e-06,0.00022712592181053768,1.8930198774173195e-06,2.761515037477951e-06,1.0298748698560001e-06,2.2843567450105767e-06,0.27363276544814186,0.510171629099237,7.252078721144687e-07,8.4128661977121e-07,4.420845871784862e-06,1.2360390287832541e-06
1-11B-rep2,6.990807668837128e-07,3.3898300813003924e-07,6.777156828582065e-07,0.03727201972542577,2.028685171063669e-06,8.631431118716353e-07,8.896613052753554e-07,1.2978274037629387e-06,4.840096144349092e-07,1.0735776352509198e-06,8.871818047180941e-06,0.10868672750731272,0.8540209743241243,3.953789187240251e-07,2.0776620233271e-06,5.809004484511134e-07
1-11C-rep1,1.3023622684804662e-06,6.315131246029646e-07,9.988701158341385e-05,0.1744714702360472,3.7793673443438546e-06,1.6080045031297822e-06,1.6574069415221656e-06,2.4178056695729044e-06,9.016924642795379e-07,2.000036434513812e-06,0.39826206382692014,0.4271459564084183,6.34945557428008e-07,7.365766730991036e-07,3.870609454609841e-06,1.0821965953641488e-06
1-11C-rep2,9.849918893460418e-07,4.776207978408783e-07,9.548888805418803e-07,0.15582388957369525,0.003135673318801406,1.2161527033969838e-06,1.2535163481432267e-06,1.8286148425682117e-06,6.819606076549288e-07,1.5126510603621873e-06,0.501188299613945,0.3398384439326249,4.802167871252865e-07,5.570815943021846e-07,2.927387418913068e-06,8.184780033249058e-07
1-12A-rep1,9.544499982429206e-07,4.6281108970619824e-07,9.252804009995216e-07,0.9885493957288659,0.0029661667328098806,1.178443150827391e-06,0.008457737747155346,1.7719145224992322e-06,6.60814883673949e-07,1.4657479087095626e-06,1.2112630071758082e-05,2.5328481011950433e-06,4.6532658449833007e-07,5.398080252781527e-07,2.8366171813789804e-06,7.93099250141013e-07
1-12A-rep2,6.577483647396275e-07,3.1894100057417536e-07,6.376464684409426e-07,0.9855838958776273,0.007274102289853713,8.121106991694417e-07,0.007073792430143372,1.2210947475277159e-06,4.553930639973901e-07,1.0101035065734986e-06,5.815682615318152e-05,1.745483471907238e-06,3.2067452521043885e-07,3.720025633125575e-07,1.9548224798356482e-06,5.465553311507332e-07
1-12B-rep1,1.5796769676012681e-06,7.659825240769216e-07,1.5313993826000315e-06,0.8371399162757753,4.584115871945581e-06,1.9504002372219653e-06,2.010322039289252e-06,2.9326340456840137e-06,1.0936917109430056e-06,2.425908340888193e-06,0.16270972182300417,4.192028723616892e-06,7.701458319427782e-07,8.934174718717862e-07,0.00012431954711180477,1.3126309610519063e-06
1-12B-rep2,6.558536340215852e-07,3.1802224905242847e-07,6.358096438804064e-07,0.8093109036016628,1.9032429509666823e-06,8.097713074344637e-07,8.346497683153796e-07,1.2175772234230428e-06,4.540812443511628e-07,1.0071937705028287e-06,0.18804403360622654,0.0025843756744101357,3.197507800428619e-07,3.709309609769473e-07,5.161525326092839e-05,5.449809065978861e-07
1-12C-rep1,1.7484692629393656e-06,8.47829604891262e-07,1.6950331014994837e-06,0.8012009496812417,5.073939713142973e-06,2.1588052083779184e-06,2.2251297995718267e-06,3.245993069148995e-06,1.2105553090510705e-06,2.685122500198333e-06,0.19876502884067643,4.639957107010993e-06,8.524377722475651e-07,9.888812843254115e-07,5.1964356032242626e-06,1.4528887462776065e-06
1-12C-rep2,6.462566245862435e-07,3.133686764159699e-07,6.265059351946958e-07,0.7927702032358406,1.8753930777469912e-06,7.979220433993394e-07,8.224364614337641e-07,1.199760595603514e-06,4.4743674051617094e-07,9.924556527013576e-07,0.20721722199029602,1.7149875504021732e-06,3.1507191406751804e-07,3.655031829671986e-07,1.92066912699051e-06,5.370062814202678e-07
1-1A-rep1,6.333317855247656e-07,3.0710144517145026e-07,6.139761009533271e-07,2.341598769919933e-06,0.10282923962548574,7.819639648246791e-07,0.35020868262114224,1.1757659284379648e-06,4.384882088627179e-07,9.726069902678676e-07,0.5449357139867247,1.680688578077398e-06,0.0020146515285738606,3.581932852631194e-07,1.882256616522869e-06,5.262663996174262e-07
1-1A-rep2,3.3467088477177084e-07,1.6228131086940323e-07,3.2444277964750437e-07,1.2373687062939145e-06,0.10426512321034392,4.132124392756911e-07,0.35625739842027243,6.213088187714986e-07,2.3170988757572214e-07,5.139537433739427e-07,0.5394711261197304,8.881245917334069e-07,1.6316335065071325e-07,1.8927972105329905e-07,9.946389895736495e-07,2.780944295093036e-07
1-1B-rep1,1.0877957497308913e-06,5.274702050788745e-07,1.0545508820467327e-06,4.021874865136359e-06,0.16294267989709216,1.3430828782329288e-06,0.03377550189258203,2.0194678506045075e-06,7.531370141366826e-07,1.6705268460437456e-06,0.8021079086587177,2.886711094626337e-06,0.0011537928875035147,6.152243455908619e-07,3.2329196073111974e-06,9.039027659975692e-07
1-1B-rep2,3.5395770152929215e-07,1.7163345367095874e-07,3.431401588462643e-07,1.3086772801367111e-06,0.1566452454548696,4.3702554331571985e-07,0.026000603043700807,6.571143515582833e-07,2.450631440014385e-07,5.435724885989874e-07,0.8172670203336175,9.39306505183368e-07,8.058540939119438e-05,2.001877607483543e-07,1.051959243006736e-06,2.9412079017372487e-07
1-1C-rep1,9.394438552151702e-07,4.555346379069992e-07,9.107328709416514e-07,0.00014575657714423093,0.8313634598611314,1.1599153217070143e-06,1.195551195306547e-06,1.744055962274473e-06,6.504253581068342e-07,1.442702989854501e-06,0.1684752301930604,2.4930259198926497e-06,4.580105833516474e-07,5.313210050573304e-07,2.7920190534339757e-06,7.806299109354734e-07
1-1C-rep2,3.1119930739750256e-07,1.5089998516171154e-07,3.016885331548277e-07,1.1505879415133698e-06,0.8274372929152732,3.842324826024849e-07,3.960371893139249e-07,5.777343739163526e-07,2.1545930587864559e-07,4.779084654507589e-07,0.17255640430218722,8.258374731898359e-07,1.5172016457238217e-07,1.7600490743719344e-07,9.248816635990205e-07,2.585907462891994e-07
1-2A-rep1,4.699471535255602e-07,2.278765305965611e-07,4.555847781059383e-07,0.6764556966661557,0.009360969776312865,5.80235743457012e-07,3.618591781846409e-05,8.724461078862942e-07,3.25368614554555e-07,7.216973741444615e-07,0.31410437743318503,3.683496624238608e-05,2.2911509691166087e-07,2.6578788348968716e-07,1.3966788962070568e-06,3.9050210671399083e-07
1-2A-rep2,6.575518505892574e-07,3.1884571121565166e-07,6.374559600935266e-07,0.743586139038825,0.012948520643564705,8.118680664962051e-07,8.368109457355085e-07,1.2207299235164439e-06,4.5525700713149224e-07,1.0098017199891126e-06,0.24345445393383003,1.744961977335978e-06,3.2057871793026106e-07,3.718914208581117e-07,1.9542384414718256e-06,5.463920379184135e-07
1-2B-rep1,1.7319579865414736e-06,8.398233166244945e-07,1.6790264374787591e-06,0.008793895700355986,0.044598269941959354,0.01797059258551426,2.2041172865579275e-06,3.215340263356881e-06,1.1991237021441945e-06,2.6597661495305254e-06,0.3698835910541447,0.04958179084827774,8.443879677883654e-07,9.795430062348086e-07,0.5091550676149137,1.4391687180371053e-06
1-2B-rep2,7.687101901455307e-07,3.727461903970418e-07,7.452171138348587e-07,2.8421293180133705e-06,0.0344057535628736,0.012109126348748904,9.78272817019296e-07,1.4270928304463592e-06,5.322176497617966e-07,1.1805074709872567e-06,0.4260080295427323,0.03719975751011827,3.747721597862498e-07,4.3475921265394587e-07,0.4902670378516273,6.387589465163456e-07
1-2C-rep2,7.237954893039166e-07,3.5096713263749145e-07,7.016750817933592e-07,2.6760675307387875e-06,0.0002761560006035793,8.936579585522432e-07,9.211136542019197e-07,1.3437097188727038e-06,5.011208894636762e-07,1.1115320097791192e-06,0.5915307816638122,1.9207543968902304e-06,3.5287472736457437e-07,4.093568175448205e-07,0.4081805542730553,6.01437121776056e-07
1-3A-rep1,1.6015172145563198e-06,7.765728205946313e-07,1.5525721548748507e-06,0.9972803829064402,4.647494793565167e-06,1.9773660180213165e-06,2.0381162850102183e-06,2.973179963045707e-06,1.108812838584665e-06,2.4594483863164503e-06,0.00268845498853018,4.249986739365827e-06,7.807936893883264e-07,9.057696543874732e-07,4.7596953800071525e-06,1.3307790919281532e-06
1-3A-rep2,1.196836852258839e-06,5.803440398283411e-07,1.1602595050843229e-06,0.9055216343160146,3.4731397134315787e-06,1.4777140696722762e-06,1.5231136180855128e-06,2.2219001555699724e-06,8.286317845440746e-07,1.8379811582528242e-06,0.09445507779462992,3.176076226376103e-06,5.834983557950559e-07,6.768946922178447e-07,3.5569888256848147e-06,9.945103586516312e-07
1-3B-rep2,9.795848537101979e-07,4.749989359735077e-07,9.496470930092043e-07,0.15400414873932136,2.8426890863828054e-06,1.2094767286229568e-06,1.2466352685751268e-06,1.8185768049712082e-06,6.782170384461711e-07,1.5043474811383975e-06,0.06047024926952216,2.599549102883245e-06,0.7673325829585252,5.540235386318334e-07,0.018177347301666338,8.139850325918469e-07
1-3C-rep1,1.457619775737369e-06,7.067972109887526e-07,1.4130724638084614e-06,0.9268804593364953,4.22991414464051e-06,1.7996983020487953e-06,1.8549901151741888e-06,2.706037669512118e-06,1.009185231618163e-06,0.0003333835420901179,0.07264965172620577,0.00011424981475199018,7.106388317771917e-07,8.243856191478693e-07,4.332033430128476e-06,1.2112076622727298e-06
1-3C-rep2,1.2022852054969952e-06,5.829859365268557e-07,1.1655413474838922e-06,4.445173324045348e-06,3.4889504665584815e-06,1.4844410585859052e-06,1.530047279091617e-06,2.232014898347663e-06,0.04142670793047505,1.8463481888772046e-06,1.5257830123884928e-05,3.1905346591691337e-06,5.861546118672638e-07,6.799761158732706e-07,0.9585346007486468,9.990376622040853e-07
1-3C-rep3,7.061839265928327e-07,3.424273175138591e-07,6.846017580597545e-07,0.8713105719740208,2.049298060807188e-06,8.719132621402247e-07,8.987008993219274e-07,1.311014256785508e-06,4.889274976823718e-07,0.0002684716954948627,0.12840829998524633,1.8740181474754202e-06,3.4428849619571953e-07,3.993962508240556e-07,2.09877255285726e-06,5.868028117486206e-07
1-4A-rep1,1.0602830921151534e-06,5.141293668209311e-07,1.027879057521491e-06,0.8637899426096115,3.0768699240460535e-06,1.309113468637861e-06,0.003935678678767979,1.968391233001049e-06,7.340885844909445e-07,1.6282756852311847e-06,0.08608694671544306,2.8137000592351297e-06,5.169237893693214e-07,5.996640193243773e-07,0.04617130163674638,8.810411512827095e-07
1-4A-rep3,7.424331544277822e-07,3.6000450297793344e-07,7.197431485242014e-07,0.8218070290131806,2.154490871788216e-06,9.166695661305001e-07,0.0011816173344517556,0.00022626831053719726,5.140247047850178e-07,1.140153853488927e-06,0.12898383723104828,1.9702136402309983e-06,3.619612180881091e-07,4.1989771672741847e-07,0.04779133159433445,6.169240705542309e-07
1-4B-rep3,3.237737957243447e-07,1.5699733196432792e-07,3.1387872396926894e-07,0.33396814364054417,9.395696881963221e-07,3.9975798909439715e-07,4.120396832001413e-07,6.010786229816219e-07,0.03410550444328339,0.003531166061678139,0.5538042279926225,8.592067109087042e-07,1.5785065198996855e-07,1.8311665737180682e-07,0.07458634155251172,2.690395045073195e-07
1-4C-rep1,1.3173028699056447e-06,6.387577953968065e-07,1.2770438786190823e-06,0.99995765061542,3.822723960623179e-06,1.626451409150167e-06,1.6764205885786784e-06,2.4455425533162984e-06,9.120366120200938e-07,2.022980701195287e-06,1.671748377076461e-05,3.4957599443466093e-06,6.42229604831568e-07,7.450266249736291e-07,3.915012793476012e-06,1.0946114728420458e-06
1-4C-rep2,2.9272525449579686e-07,1.4194195009390458e-07,2.8377907838145563e-07,1.0822843752961356e-06,0.07612339091361778,3.6142288424728946e-07,3.725268156964063e-07,5.434377185795478e-07,2.0266876772400046e-07,4.495378808670569e-07,3.714885773897193e-06,7.768124117412498e-07,1.4271344032866305e-07,0.9238671311333425,8.699769373512814e-07,2.432397509197394e-07
1-4C-rep3,5.822050142956095e-07,2.823101656394836e-07,5.644118498434598e-07,0.9998490164098309,1.6895196305935335e-06,7.188386114904718e-07,7.409233632116914e-07,1.0808502507217803e-06,4.030905123415633e-07,8.940916587720684e-07,0.0001396551238626549,1.5450121721196255e-06,2.838445924655193e-07,3.2927753119861534e-07,1.7303082923947927e-06,4.8378266134028e-07
1-5A-rep1,1.3724787288469075e-06,6.655124702871531e-07,1.3305334705103813e-06,0.8027927261739334,0.09271327664692706,1.6945761020937993e-06,1.7466382644334888e-06,2.5479752694663064e-06,0.00322291000002879,2.10771421264512e-06,0.1012493147521893,3.642181516779379e-06,6.691296981158313e-07,7.76232420471497e-07,4.078994971440556e-06,1.1404597964134859e-06
1-5A-rep2,3.81220216118843e-07,1.848529980248264e-07,3.6956948513691687e-07,1.409474164308444e-06,1.1062753203717157e-06,4.7068610557831333e-07,4.851469116816075e-07,7.077265843729956e-07,0.9999865987849014,5.85439505016151e-07,4.8379479933195786e-06,1.0116537296991268e-06,1.8585772060858424e-07,2.1560661369171898e-07,1.132983201762753e-06,3.167745487967388e-07
1-5A-rep3,6.289278821106606e-07,3.049660003165128e-07,6.097067882345174e-07,0.8226166619730262,0.0741571355609877,7.765265403133779e-07,8.003836280847211e-07,1.167590182794398e-06,4.354391597478762e-07,9.658439201947712e-07,0.10321578997868401,1.6690018281996703e-06,3.0662356730796164e-07,3.557025708099158e-07,1.8691682534733832e-06,5.226069805783459e-07
1-5B-rep1,1.6271715699854936e-06,7.890125714603065e-07,1.577442470053843e-06,0.8880626562761297,0.028715308477682354,2.0090410135685494e-06,2.070764425852166e-06,3.0208066852773524e-06,1.1265746699324239e-06,2.4988457543177363e-06,0.08319509590418572,4.3180663512426e-06,7.933010534318488e-07,9.202789811929634e-07,4.8359399035773395e-06,1.3520965523411503e-06
1-5B-rep2,4.2116055878774075e-07,2.042199984416747e-07,4.0828918375787094e-07,1.5571444050909736e-06,1.222179497310791e-06,5.199997661645248e-07,5.359756271537171e-07,7.818749141324383e-07,0.9998257278643571,6.467758493483349e-07,0.00016481169727534822,1.1176444272487427e-06,2.053299855486287e-07,2.3819566240534586e-07,1.25168555647314e-06,3.499629356995546e-07
1-5B-rep3,7.92182646562203e-07,3.841279423508163e-07,7.679722125049251e-07,0.9195880696507946,0.017699318660756608,9.780944164326404e-07,1.0081442384671549e-06,6.146056653508329e-05,5.484688400651963e-07,1.2165540988549824e-06,0.06245953677584242,2.1022351258196177e-06,3.8621577442741843e-07,4.4803452342982435e-07,0.0001823240528921343,6.582633601758368e-07
1-5C-rep1,1.3347453463532871e-06,6.472156208950192e-07,1.293953283649844e-06,0.34184645801578667,3.873340849246357e-06,1.647987337633621e-06,1.6986181615899032e-06,2.47792411063499e-06,9.241129366740343e-07,2.049767094849133e-06,0.65812757069006,3.542047485267434e-06,6.50733400740747e-07,7.548915616224803e-07,3.966851683379376e-06,1.1091052808117606e-06
1-5C-rep2,4.2155045413160136e-07,2.044090579935587e-07,4.08667163244255e-07,0.11463669783672417,0.0063219578059772255,5.204811633025182e-07,5.364718141709714e-07,7.825987458924187e-07,0.8774331622166099,6.473746112383568e-07,3.727266807486634e-05,1.1186791023843497e-06,2.0552007268677574e-07,2.3841617540866924e-07,0.0015654750173345446,3.502869188368783e-07
1-5C-rep3,6.991918115589876e-07,3.390368534936147e-07,6.77823333821438e-07,0.24149817374689372,2.029007415211595e-06,5.381122773839443e-05,8.898026224956666e-07,1.298033555654738e-06,4.840864963819043e-07,1.0737481664477946e-06,0.7584352735260234,1.855462994958877e-06,3.4087960414992537e-07,3.9544172223074427e-07,2.077992047146436e-06,5.809927209104929e-07
1-6A-rep1,8.496792561168098e-07,4.1200794504489847e-07,8.23711628967535e-07,0.08326423074508649,2.4657118157154397e-06,0.005084222230442438,6.542527921115347e-05,1.5774100436391165e-06,5.882767036771399e-07,1.3048515847030633e-06,0.9115717192012255,2.2548153328536522e-06,4.142473119553485e-07,4.805528652193351e-07,2.5252394373715753e-06,7.060401090965312e-07
1-6A-rep2,5.788870939366386e-07,2.807013120172713e-07,5.611953307110959e-07,2.1403020313616512e-06,1.6798912497971068e-06,7.147420317542697e-07,7.367009249796685e-07,1.0746906077028906e-06,0.9669699453713524,8.889963317917348e-07,0.031263547641665154,1.5362073229430247e-06,0.0017537857986291128,3.274010158858138e-07,1.7204474616398762e-06,4.810256388104757e-07
1-6A-rep3,7.17386208546615e-07,3.4785928391102024e-07,6.954616794358215e-07,2.65237068766161e-06,2.081806326458691e-06,8.857445288030931e-07,9.129571015480177e-07,1.3318110362035809e-06,4.966834143462088e-07,1.101689283723651e-06,0.03494056851863493,1.90374592643495e-06,0.9650431700569906,4.0573192237438576e-07,2.132065638424078e-06,5.961113364840901e-07
1-6B-rep1,1.5034220502934963e-06,7.290066516481559e-07,0.005124715460458324,0.09461505602345646,0.00023206318416376967,1.8562495900600574e-06,1.9132788184206374e-06,2.7910685413219614e-06,1.0408965049049027e-06,2.3088037405650233e-06,0.9000047322535065,3.98966912084531e-06,7.32968986338136e-07,8.502899990807176e-07,4.468157395963594e-06,1.2492670154835744e-06
1-6B-rep2,5.468138921594284e-07,2.651490740873599e-07,5.301023399243723e-07,0.09909320954504905,0.010395188214562515,6.751417959859854e-07,6.958840581608749e-07,1.0151474445023994e-06,3.785874160027662e-07,8.39741547866846e-07,0.8897157825870697,1.4510938561608955e-06,2.665902260602496e-07,0.000787075901041209,1.6251261819598968e-06,4.543744445876719e-07
1-6C-rep2,5.180471674615216e-07,2.5120014095390516e-07,5.022147747162181e-07,0.03648613387977858,0.13314928576244595,6.396240111314692e-07,6.592750666743536e-07,9.617426801346537e-07,3.586707311372174e-07,7.955645174891382e-07,0.8303560036040545,1.3747548712346788e-06,2.525654769633631e-07,2.92991795257116e-07,1.539631723706136e-06,4.3047076411313314e-07
1-7A-rep1,1.875089454356639e-06,9.092275082665218e-07,1.8177835669035312e-06,0.20746245673347014,0.026700608060540965,0.4893190405184185,2.3862686695090758e-06,3.481060549296652e-06,0.002983205137101046,2.879573001651461e-06,0.2735072590588003,4.97597231157341e-06,9.141693886855052e-07,1.0604938314626414e-06,5.572749722502324e-06,1.5581036648701175e-06
1-7A-rep2,5.313248305461302e-07,2.576384559334767e-07,5.150866500851531e-07,0.20862471613717798,0.02478680995717946,0.42328153311191785,6.76172431943772e-07,9.863923570038255e-07,0.0028571114256787083,8.15955011422443e-07,0.34044205667149324,1.4099901415935968e-06,2.590387858057902e-07,3.0050123954776066e-07,1.5790928241343389e-06,4.415038246772423e-07
1-7B-rep2,7.342185139328981e-07,3.5602123855760663e-07,7.117795612591105e-07,0.1834841240228015,0.09646887166501043,0.39921197308013767,9.343781611596391e-07,1.3630598249468398e-06,0.0004453117540583518,1.1275386382881902e-06,0.30269804285382107,0.017682884230935867,3.579563036228118e-07,4.1525176474242534e-07,2.182091105183832e-06,6.100981234342514e-07
1-7C-rep1,1.2861263003291487e-06,6.236403328104354e-07,1.246820117444966e-06,0.2524524519465763,3.732251661311598e-06,0.29150465759274724,1.6367447901626032e-06,2.3876639672237864e-06,8.904514674489043e-07,1.975102874445208e-06,0.456019453147565,3.41302589311399e-06,6.27029975029994e-07,7.273941010184539e-07,3.8223562969807006e-06,1.0687053342296435e-06
1-7C-rep2,5.872799433845744e-07,2.8477098963882295e-07,5.693316805639022e-07,0.2237466271800951,1.7042467320597586e-06,0.22218862043623666,7.473817987049103e-07,1.0902717401344736e-06,4.0660414708592033e-07,9.018852223036243e-07,0.554054050274619,1.5584796398029486e-06,2.863187916628441e-07,3.3214775745979615e-07,1.745390937975535e-06,4.879996684777796e-07
1-8A-rep1,1.6775522581637843e-07,8.134420766610686e-08,1.626283439665722e-07,6.202364059365717e-07,4.868143354868386e-07,2.071245190871682e-07,2.1348796911099568e-07,3.114337276927999e-07,0.1744340685451868,2.576215326817734e-07,0.8255621632055279,4.4517628577376485e-07,8.178633391438687e-08,9.487727732698069e-08,4.985670875298567e-07,1.393960333670029e-07
1-8A-rep2,2.737440233088639e-07,1.3273798518661576e-07,2.6537794554428005e-07,1.0121056338927484e-06,7.943866675513569e-07,3.3798708150467226e-07,3.483709989246525e-07,5.081994983930967e-07,0.41165476656588224,4.2038842309745386e-07,0.5883390843814418,7.264414384491203e-07,1.3345944955486798e-07,1.5482133262725944e-07,8.135648816043056e-07,2.2746731627274563e-07
1-8B-rep1,9.394438552151702e-07,4.555346379069992e-07,9.107328709416514e-07,3.473377818796782e-06,2.7262026197881698e-06,1.1599153217070143e-06,1.195551195306547e-06,1.744055962274473e-06,0.2272269197480764,1.442702989854501e-06,0.772751977728179,2.4930259198926497e-06,4.580105833516474e-07,5.313210050573304e-07,2.7920190534339757e-06,7.806299109354734e-07
1-8B-rep2,2.589142574824733e-07,1.2554705837553653e-07,2.510014023038459e-07,9.572759818668295e-07,7.513516886941147e-07,3.196770223096843e-07,3.2949840301438755e-07,4.806683783958013e-07,0.21330356014770055,3.97614366534302e-07,0.7866906239174396,6.870873137870754e-07,1.262294382461477e-07,1.4643406601212152e-07,7.694909451839509e-07,2.151445375223352e-07
1-8C-rep1,1.7420109407373258e-06,8.446979760563284e-07,1.6887721564862418e-06,6.440685228892683e-06,0.017682051573824766,2.1508312279925224e-06,2.2169108359951743e-06,3.2340033421629394e-06,0.14365978110750782,2.6752044612451777e-06,0.8142192836733189,4.622818494033407e-06,8.492891222214795e-07,9.852286527984472e-07,0.024409985670699824,1.4475222100472788e-06
1-8C-rep2,6.504906209848655e-07,3.154217336642969e-07,6.306105335421834e-07,2.405039621816126e-06,1.8876798493406517e-06,8.031496866135143e-07,8.278247126072592e-07,5.046755601752345e-05,0.022709280451445026,9.989577967405305e-07,0.04049992183162274,1.7262234137354628e-06,0.9366779831529934,3.6789780315598004e-07,1.9332525278520927e-06,4.980045962115077e-05
1-9A-rep1,8.430612559513719e-07,4.0879888865233665e-07,8.172958860180204e-07,0.23673222022381818,0.0517151146812594,1.0409133685712188e-06,1.0728931661790974e-06,1.5651238781777203e-06,0.0005113260964441622,1.2946883284610518e-06,0.7110279650283031,2.2372529784258704e-06,4.110208135333654e-07,4.7680992467014746e-07,2.505570797830259e-06,7.005408886257842e-07
1-9A-rep2,3.4997089627166334e-07,1.6970025896287937e-07,3.392751970627483e-07,0.1797668750695353,0.057537662597472956,4.3210310279166477e-07,4.453785301137113e-07,6.497129390721671e-07,2.423028734190081e-07,5.374499557480686e-07,0.7619741042270168,9.287266192331252e-07,1.7062262259490802e-07,0.0007157619445290671,1.0401104920890125e-06,2.9080795842129725e-07
1-9B-rep2,5.678592379747702e-07,2.7535392447027447e-07,5.505045045752615e-07,0.6115403521347781,0.0720308000665397,7.011261258917321e-07,0.003870945768768391,1.0542176461367144e-06,3.93158192651564e-07,8.720608644090372e-07,0.3098830695651006,1.5069424226499852e-06,2.7685054237421826e-07,0.0026664748565303673,1.6876727686200258e-06,4.718620531746414e-07
1-9C-rep1,1.3777770599177143e-06,6.680816215061992e-07,1.3356698756723587e-06,0.6933139232802615,0.043094524399107347,1.701117861193493e-06,1.7533810048427941e-06,2.557811499532475e-06,9.539060079147661e-07,2.1158508543769895e-06,0.2587693128707977,3.656241831952412e-06,6.71712813318575e-07,0.004800208295398198,4.0947415657888755e-06,1.1448624391993747e-06
1-9C-rep2,4.3206043257321006e-07,2.0950532766122504e-07,4.188559390678713e-07,0.5925062447537108,0.03186935952997394,5.334576546144341e-07,5.498469799339465e-07,8.021102797245981e-07,2.991376866431878e-07,6.635147746306037e-07,0.36897532729531873,1.146569698003225e-06,2.1064404186314757e-07,0.006642159618119478,1.284079887566067e-06,3.5902017467676836e-07
2-10A-rep1,6.530319174650426e-07,3.166540037627018e-07,6.330741637276995e-07,0.09460481884673477,0.8426210109789013,8.062873820787557e-07,0.023639069066427935,1.2123387713782853e-06,4.521276246733324e-07,1.0028604632061263e-06,0.009503144533988634,0.00010063772885464497,3.1837509799550943e-07,3.693350835133965e-07,0.02927775022053542,0.0002478045400495183
2-10A-rep2,6.992288342906112e-07,3.390548057496765e-07,6.778592250761143e-07,0.049405636065720696,0.7229386346360829,8.633259281761472e-07,0.012285464117732459,1.2981022875065346e-06,4.841121291255118e-07,0.016468757414273127,0.19560894846424015,1.8555612431182007e-06,3.408976539810186e-07,3.954626611669745e-07,0.0032850246736975375,5.810234849114808e-07
2-10C-rep1,1.6287771716312776e-06,7.897911248142667e-07,1.5789990018128576e-06,6.022029382917064e-06,0.004568417209473437,2.011023422564217e-06,2.072807740049334e-06,3.023787447893258e-06,1.1276863106330776e-06,2.5013114751610086e-06,0.7457523842735028,4.322327176940423e-06,7.940838384193003e-07,9.211870608780069e-07,0.2496510512751447,1.353430725387031e-06
2-10C-rep2,1.6705489698649055e-07,8.100461947446794e-08,1.6194941836361438e-07,6.176471009875927e-07,4.847820285212283e-07,2.062598350131699e-07,2.1259671950088636e-07,3.101335832887057e-07,1.156607077610313e-07,2.5654603839741386e-07,0.051452214870561674,4.43317805444508e-07,0.9485439983956799,9.448119254160369e-08,4.964857162740212e-07,1.388140958418746e-07
2-11B-rep1,2.1353416731546388e-07,1.0354233416806287e-07,2.070082040174773e-07,7.89493524484119e-07,6.196617319045323e-07,2.636469981704513e-07,2.717469783378584e-07,3.96421282217607e-07,1.4784070008355565e-07,3.2792420740412583e-07,0.37830870312800013,0.6216869191205924,1.0410511282258967e-07,1.2076846078911936e-07,6.346217077202362e-07,1.7743599799795605e-07
2-11B-rep2,7.811237959357259e-07,3.7876552554662526e-07,7.572513389535625e-07,2.888025773414716e-06,2.26676850036037e-06,9.644402419858e-07,9.940705692299728e-07,1.4501384047736893e-06,5.408122282953221e-07,1.1995710329968117e-06,0.4276229025187179,0.5723610833424676,3.8082421153782835e-07,4.4177997229617204e-07,2.321493199658753e-06,6.49074019555137e-07
2-11C-rep2,9.947865475542518e-07,4.823702100122718e-07,9.643841975215332e-07,3.6779947088173496e-06,0.02282865110498404,1.2282460010044112e-06,1.2659811859974936e-06,1.846798400799647e-06,6.887419539134019e-07,1.5276927071866809e-06,0.38345533177360575,0.49674551053315474,4.849920135475667e-07,5.62621156474516e-07,0.09695595536230814,8.266168645482485e-07
2-12A-rep2,9.641363274409204e-07,4.675079733351281e-07,9.346706996857161e-07,0.550510239294179,0.038771901867005014,1.1904026964516313e-06,1.226975228281682e-06,1.7898969704087519e-06,6.67521228180196e-07,1.4806231947813084e-06,0.0943430874940988,2.558552957983633e-06,4.700489968722935e-07,5.452863198417152e-07,0.31636167457402853,8.011480954840852e-07
2-12B-rep2,9.392433973818829e-07,4.5543743626371293e-07,9.105385394369011e-07,0.6213638735714996,0.20954115752955876,1.1596678198356727e-06,1.1952960894789187e-06,1.743683816906351e-06,6.502865708261709e-07,1.4423951469601996e-06,1.1919647797969291e-05,0.10235341018457536,4.579128533929579e-07,5.312076321752124e-07,0.066719372933925,7.80463340703866e-07
2-12C-rep2,1.0166912737566602e-06,4.929917724012032e-07,9.856194784494616e-07,0.11033235272660571,2.9503694112686986e-06,1.2552913932318705e-06,1.2938574890344154e-06,1.8874640224046235e-06,7.039077238583982e-07,1.5613317733306827e-06,0.19457002490957073,0.39781696450665033,4.956713068022183e-07,0.06444232864825662,0.23282484119469768,8.44818574389158e-07
2-1A-rep1,1.8090712683290036e-06,8.772154084476478e-07,1.753783007677416e-06,0.10576774323716087,0.2771485315120004,2.233629471890198e-06,0.008359069521422922,3.3584993016809857e-06,1.2525131981135514e-06,2.778188939327667e-06,0.44347960833651723,0.09549114153518809,8.819832950445932e-07,1.0231559439906634e-06,0.06973643457195529,1.503245920692238e-06
2-1A-rep2,1.1642317426134468e-06,5.645338807285938e-07,1.128650862428489e-06,0.06753807565186071,0.26044040207735086,1.4374570963218406e-06,1.4816198368518046e-06,2.1613695176164833e-06,8.060575881197874e-07,1.7879095239461978e-06,0.5538622298733652,0.07591245897615591,5.676022645001587e-07,6.584542292453913e-07,0.042234108117548776,9.674171761296228e-07
2-1B-rep1,1.3191451644232987e-06,6.396511206991742e-07,1.278829869517707e-06,4.877236173769515e-06,0.8180470624549762,1.628726058801938e-06,1.6787651218900208e-06,2.448962730818065e-06,9.133121273845632e-07,2.0258099110454092e-06,0.13697330141346983,0.0449564198665165,6.43127785581862e-07,7.460685709816822e-07,3.920488076928847e-06,1.0961423255877946e-06
2-1B-rep2,6.890852860754827e-07,3.341362174406259e-07,6.68025680754955e-07,0.017483721100993284,0.8113893569182276,8.50801862021596e-07,8.769408973855129e-07,1.2792710229823108e-06,4.770892283489796e-07,1.0582275853602172e-06,0.14445020132184141,0.02666714085279382,3.359523319061805e-07,3.89725777368554e-07,2.0479555403798886e-06,5.725947138936196e-07
2-1C-rep1,1.0433607490088638e-06,5.059237530456449e-07,1.011473889682354e-06,3.857586658843542e-06,0.9391271951203456,0.007033262886983302,1.3277974875122037e-06,1.9369752912964553e-06,7.223723749337548e-07,1.6022880598299884e-06,1.3240968942744235e-05,0.05373021568860138,5.08673576017281e-07,5.900932543475822e-07,8.21118104848864e-05,8.669795475811698e-07
2-1C-rep2,5.41144634264501e-07,2.6240006111757927e-07,0.004057490413251031,2.0007579579992158e-06,0.950929767832612,6.681420598564339e-07,6.886692703742974e-07,1.0046225972979271e-06,3.746622968207756e-07,8.310352741817679e-07,4.7846951973959835e-05,0.04495589554593965,2.6382627151287334e-07,3.060550232594179e-07,1.6082771962822555e-06,4.4966358053654257e-07
2-2A-rep1,1.417106323846103e-06,6.871523109394319e-07,1.373797171146892e-06,5.239425054301234e-06,4.1123468434447035e-06,1.7496770332704114e-06,1.8034320517883747e-06,0.010948629824158044,9.811356826129326e-07,0.00010948996444003529,0.29298442784951373,3.7606108943923537e-06,6.908871567502071e-07,8.014724372076043e-07,0.6959336577758777,1.1775430508475757e-06
2-2A-rep2,9.891235440328778e-07,4.796242297769929e-07,9.588942649124237e-07,3.6570570543639044e-06,2.8703697214763013e-06,1.221253987043324e-06,1.2587743576261985e-06,1.8362851646961748e-06,6.848211649562948e-07,1.5189960383368205e-06,0.3555055658493271,2.6248621666541757e-06,4.822311082183676e-07,5.594183331169345e-07,0.6444744705283401,8.219111975624286e-07
2-2B-rep1,1.6851033522470188e-06,8.171035886182893e-07,1.6336037596135275e-06,6.230282494885578e-06,4.890056119913047e-06,2.0805683980800454e-06,2.144489333566999e-06,3.128355709838547e-06,1.1666838260188081e-06,2.5878115344570502e-06,0.24796454939110674,0.04173242584908011,8.21544752340417e-07,9.530434434916775e-07,0.7102734858785925,1.4002349075777064e-06
2-2B-rep2,9.307695027096256e-07,4.513284599584662e-07,9.023236212381393e-07,3.4413063933274208e-06,2.701030234664457e-06,1.1492052464628005e-06,1.184512076311896e-06,1.7279522258753455e-06,6.444196571770309e-07,1.4293817953782919e-06,0.2522766030804298,0.055896848112456564,4.537815437669962e-07,0.00014149584281146802,0.6916692635315786,7.734219665902788e-07
2-2C-rep1,1.3092056118185028e-06,6.348314494951444e-07,1.269194086357927e-06,4.840486961611058e-06,3.7992262645259367e-06,1.6164538625517696e-06,1.6661158891216036e-06,2.4305101794638768e-06,9.064304632739227e-07,2.010545750040843e-06,0.7661912457360877,0.00020175963203854133,6.382819182514145e-07,7.404470609249788e-07,0.2335840450193118,1.0878830645137595e-06
2-2C-rep2,8.62949878291267e-07,4.1844284589978497e-07,8.365766786083751e-07,3.1905589135007506e-06,2.504222264996028e-06,1.0654695117101878e-06,1.0982037433673595e-06,1.6020466492201415e-06,5.974646387859866e-07,1.3252312659176834e-06,0.06091613835380355,2.290031918571216e-06,0.9390643006426289,4.880583273843452e-07,2.5646796122753983e-06,7.170673190235492e-07
2-3A-rep1,1.652212892521159e-06,8.011550637770869e-07,1.6017184876556176e-06,0.24473635843056413,0.016144979793322946,2.0399591078470765e-06,2.102632411281391e-06,3.0672953260078436e-06,1.1439120670395651e-06,2.5373016883169437e-06,0.3533533937471455,4.384519142224461e-06,8.055095432514241e-07,9.344415951520139e-07,0.2210879120565319,0.16465628531511042
2-3A-rep2,4.940709263230861e-07,2.3957410469347686e-07,4.78971287832805e-07,0.29071393021747394,0.010889107134923926,6.100209547071513e-07,6.287625207751106e-07,9.172313385805151e-07,3.420707447282894e-07,7.587442279275328e-07,0.28192592259835997,1.3111285136957008e-06,2.408762502688317e-07,2.794315590935054e-07,0.24974449165477783,0.1667202475120357
2-3B-rep1,1.8113045446370025e-06,8.782983201178483e-07,1.7559480313052773e-06,0.6479755969524628,5.2562834568678065e-06,2.236386860096926e-06,2.3050949786764655e-06,3.3626453279057035e-06,1.2540594103052837e-06,2.781618579522592e-06,0.2786057208389879,0.023460073832536676,8.830720926123603e-07,1.024419017463282e-06,5.383181519708554e-06,0.04992967606387347
2-3B-rep2,9.482133188170482e-07,4.5978693505529994e-07,9.19234324986425e-07,0.5669812179214468,2.75165101088984e-06,1.1707428290013598e-06,1.2067113541954689e-06,1.7603362702416813e-06,6.564969093464237e-07,1.456170246346324e-06,0.34805420301729373,0.02269311369256267,4.622859928055282e-07,5.362807481956751e-07,0.01867229695104154,0.04358684050771533
2-3C-rep1,1.3138950826888495e-06,6.371053654966596e-07,1.273740239111217e-06,0.3772010222821554,3.812834792274763e-06,1.622243872335769e-06,1.67208378435374e-06,2.439216074537795e-06,9.096772254441625e-07,2.0177473657711785e-06,0.5385982722860513,3.486716613216402e-06,6.4056819355889e-07,7.430992836865498e-07,0.006670257567183554,0.07750987893671729
2-3C-rep2,7.029135947718041e-07,3.408415394882135e-07,6.814313730795738e-07,0.40880737320088784,2.0398077787338405e-06,8.678754391610024e-07,8.945390230203529e-07,1.3049429607954198e-06,4.866632785552654e-07,1.079463705209279e-06,0.5199574928221611,1.8653395852056114e-06,3.4269409906726135e-07,3.975466501476832e-07,0.011978791426378399,0.05924533849154545
2-4A-rep1,1.1970538381162822e-06,5.804492558808518e-07,1.1604698594890124e-06,0.0635498814132883,3.473769391735114e-06,9.212770463425258e-05,1.5233897577396183e-06,2.222302984835715e-06,8.2878201502698e-07,1.8383143832173089e-06,0.8814930945458362,3.1766520472342125e-06,5.836041437233018e-07,6.770174128500782e-07,0.054846639840488466,9.946906628280115e-07
2-4A-rep2,4.669559207477591e-07,2.2642608719564163e-07,4.526849624328051e-07,0.07037078797582969,1.3550745447971088e-06,5.765425193111485e-07,5.942555333203883e-07,8.668929528662105e-07,0.0032889276799237107,7.171037409561364e-07,0.8479707979008784,1.2391727375819263e-06,2.276567699856867e-07,2.6409613278309735e-07,0.07836211156492129,3.8801654489573047e-07
2-4B-rep2,7.795099488910241e-07,3.7798297401354066e-07,7.55686813788889e-07,0.24710341535548216,2.262085225232453e-06,9.62447652536575e-07,9.920167618069703e-07,1.4471423347638786e-06,0.009327315676926877,1.1970926497026596e-06,0.3411455785975149,2.0686052674796787e-06,3.8003740664014247e-07,4.408672292631109e-07,0.402411379162817,6.477329950034564e-07
2-4C-rep2,1.1494362315661481e-06,5.573595639983656e-07,8.815807471971878e-05,4.249776384911044e-06,3.3355863135188162e-06,1.419189330918961e-06,1.4627908341183544e-06,2.133901990830618e-06,7.958138939193406e-07,0.12543183371265987,0.26706486488712733,3.050288000342294e-06,5.603889535522606e-07,6.500863360963247e-07,0.607394823584798,9.55122861352874e-07
2-5A-rep1,9.382423900541733e-07,4.5495204960857745e-07,9.095681245767285e-07,0.04583111617972294,0.861491440288223,1.1584318931434007e-06,1.194022191629132e-06,1.7418254697699245e-06,7.170020940414697e-05,1.4408579010071434e-06,0.09259085943888344,2.4898375614063116e-06,4.574248285391484e-07,5.306414927338015e-07,2.78844830931455e-06,7.796315546884083e-07
2-5A-rep2,6.298878724661526e-07,3.054314979154972e-07,6.106374396701301e-07,0.042884398204223254,0.9276187382662641,7.777118240489037e-07,8.016053270831444e-07,1.1693723828630103e-06,0.004722710702825559,9.67318176424573e-07,0.024764160549660456,1.6715493788870292e-06,3.0709159500359247e-07,3.5624551229353276e-07,1.8720213365488298e-06,5.234046835826783e-07
2-5B-rep1,6.397754204492637e-07,3.1022595217188593e-07,6.202228075569312e-07,0.013374151779954463,0.6377779276279015,4.92384211057339e-05,8.141883779426892e-07,1.1877283888302538e-06,4.4294946913922094e-07,9.825024739835762e-07,0.34878888001243913,1.697788215055086e-06,3.119121083259399e-07,3.6183761011052893e-07,1.90140704406859e-06,5.316207314694978e-07
2-5B-rep2,8.465200855642333e-07,4.1047606891865057e-07,8.206490079804795e-07,0.0009005960088650735,0.11135236949395143,1.045183926562375e-06,1.0772949277692789e-06,1.5715451159933858e-06,5.860894472204892e-07,1.3000000496418023e-06,1.074292489248125e-05,2.2464317620535312e-06,0.8877226893503561,4.787661339912533e-07,2.5158504096751614e-06,7.03414999556033e-07
2-5C-rep1,7.137028258707402e-07,3.4607321826780704e-07,6.918908671296322e-07,2.638752226469383e-06,0.8253511856956224,8.811967189709889e-07,9.082695701575389e-07,1.3249729207786556e-06,4.941332188420275e-07,1.0960327166283818e-06,0.17463435953663767,1.8939712406643602e-06,3.4795421333817496e-07,4.036487126386551e-07,2.121118656808263e-06,5.930506334157295e-07
2-5C-rep2,1.733322006265212e-06,8.40484727338399e-07,1.6803487704655843e-06,6.408559889952118e-06,0.842037245908602,2.140103148642634e-06,2.2058531597578894e-06,3.2178725346774496e-06,1.2000680832398311e-06,2.661860873257477e-06,0.15792764877009202,4.599760448855958e-06,8.450529734360201e-07,9.80314454498067e-07,5.1514180867364825e-06,1.440302148831873e-06
2-6A-rep2,1.1879007935308037e-06,5.76010961002615e-07,1.151596547340645e-06,0.2218373350049471,0.0683704531653595,1.4666808702141265e-06,1.5117414475887613e-06,2.2053105675734703e-06,8.224448909197452e-07,1.8242580617922067e-06,0.41831320383766,3.1523623813102126e-06,5.791417255949948e-07,6.718407279194208e-07,0.2914628716181088,9.870849497884451e-07
2-6B-rep2,8.275287212100921e-07,4.0126719045678434e-07,8.022380516627287e-07,0.14031349285761377,0.015731708600093607,1.0217356125708556e-06,1.0531262153677322e-06,1.5362880838145118e-06,5.729407477081054e-07,0.0067692595764825385,0.5658895605716601,0.00012752915873982598,4.0344817866190313e-07,0.028701753613944066,0.24245938941451983,6.876341447641085e-07
2-6C-rep2,7.365117344848398e-07,3.5713321708401936e-07,7.140026971339988e-07,0.05722693596183469,0.024486961336395847,9.093584898166236e-07,9.372965501157811e-07,1.3673171362850553e-06,5.09925000831973e-07,1.1310603347986478e-06,0.4950043656541184,1.9544998183582226e-06,3.5907432603247267e-07,4.165487408647469e-07,0.4232717323159325,6.120036727071322e-07
