,14_1,14_2,14_3,14_4,14_5,14_6,14_7,14_8,14_9,14_10,14_11,14_12,14_13,14_14
1-10A-rep2,1.314850038816477e-06,4.854979024062378e-07,6.744590242779967e-07,9.622034266925964e-07,4.2517864675855984e-07,0.30412341566698725,1.8422901811617149e-06,1.0296987349429062e-06,0.006194926705027479,2.9829778325470267e-07,2.4030820847519176e-06,0.6896698257434212,1.963795362397328e-06,4.3253137867271965e-07
1-10B-rep1,1.7711276748834582e-06,6.539747847013415e-07,9.085089616370969e-07,1.2961060710899971e-06,5.727236154789293e-07,3.2533940509847265e-06,2.481599443810796e-06,1.3870235178237068e-06,3.256615698033989e-06,4.0181271147418896e-07,3.2369966609666127e-06,0.9999775522197228,2.645269202927837e-06,5.826278833381669e-07
1-10B-rep2,0.001841916731896181,2.2595453131046268e-07,3.13898519362354e-07,4.4781702088946727e-07,1.978814766766185e-07,1.124078703270214e-06,8.574162985238764e-07,4.792298666829653e-07,1.1251918130813153e-06,1.388301277352755e-07,0.0005081443700187849,0.9976172277537969,9.139657627786432e-07,2.6886880167894748e-05
1-10C-rep1,2.4529844986536316e-06,9.057449850351946e-07,1.2582708922609697e-06,1.7950869076696166e-06,7.932133694851328e-07,4.505900556041282e-06,3.4369769350117057e-06,1.921006168408192e-06,0.0029996667724707204,5.565044048408458e-07,0.01369662677891867,0.9832816101722398,3.663657025727861e-06,8.069306276330085e-07
1-10C-rep2,5.38736422055586e-07,1.9892413213392757e-07,2.763475916156137e-07,3.9424574368389016e-07,1.742093897607694e-07,9.896078613755336e-07,7.548456411657233e-07,4.2190074600266486e-07,9.90587812527028e-07,1.2222221220178386e-07,0.01581193855595891,0.9841822179642192,8.046302285084829e-07,1.7722204091248092e-07
1-11A-rep2,1.2860185619354165e-06,4.748521092467165e-07,6.596697713657808e-07,9.411046359312289e-07,4.158555087865869e-07,0.7034794450404578,1.8018932193802942e-06,1.0071199355402866e-06,0.030846783918667887,2.9175683532324055e-07,2.35038831472155e-06,0.2384069481054632,0.02725717122950581,4.230470130976456e-07
1-11B-rep1,2.583129837454027e-06,9.538001146166756e-07,0.09856592427997782,1.8903268873364446e-06,8.352980311571928e-07,0.5472354000032967,3.6193288935755516e-06,2.022926909759129e-06,4.7496638994511256e-06,5.860302556367545e-07,4.721050197147484e-06,0.19545484027575508,0.15872102414287317,8.49743070997145e-07
1-11B-rep2,1.2139884435080794e-06,4.4825556182749694e-07,0.018370687967795382,8.883932051750321e-07,3.9256337099545076e-07,0.08894087440180609,1.7009688736305347e-06,9.507109766226764e-07,2.2321901907045766e-06,2.7541548534405297e-07,2.218742665373508e-06,7.20020128829667e-06,0.04425937668617173,0.8484115395141653
1-11C-rep1,2.2616215344873155e-06,8.350857349623776e-07,0.018444017530104276,1.6550480481593555e-06,7.313329696357493e-07,0.5154179130799399,3.1688504570759107e-06,1.771144057673233e-06,4.158498733134951e-06,5.130902159047121e-07,4.133446424740298e-06,0.32014985858221495,0.14596823870945216,7.439801129170806e-07
1-11C-rep2,1.71048902566871e-06,6.31584446541556e-07,0.00015005958752932353,1.2517308843067498e-06,5.531150988775982e-07,0.4501603806322883,2.3966361516107243e-06,1.3395355621316068e-06,3.145117933225295e-06,3.88055724664803e-07,3.1261705992336087e-06,0.42771546497411334,0.12195898969037154,5.626802712368546e-07
1-12A-rep1,1.6574512834547531e-06,6.120006827410724e-07,8.501980776708461e-07,1.2129180191162499e-06,5.359644620780149e-07,3.0445812698079574e-06,2.3223228011698557e-06,1.2980001060341971e-06,0.9994662626562011,3.76023142648455e-07,3.029236314435037e-06,0.0005157779268614503,2.475487734538716e-06,5.452330437323855e-07
1-12A-rep2,1.1422125090919774e-06,4.2175286982953214e-07,5.859037241187809e-07,8.358677855375188e-07,3.693534278354393e-07,2.0981363651746327e-06,1.6004006754978288e-06,8.945010768730968e-07,0.9999808489888908,2.5913180165748575e-07,2.0875615747398425e-06,6.774496102868292e-06,1.7059524371661997e-06,3.757407588012677e-07
1-12B-rep1,2.743195989361138e-06,1.0129032660810742e-06,1.4071363545406327e-06,2.0074628308400495e-06,8.870580858026448e-07,5.03899162044314e-06,3.843604127472373e-06,2.1482795425766998e-06,0.8264971337356235,6.223441902136437e-07,5.0135946628033464e-06,0.17347314219284218,4.09710263757787e-06,9.023982265809242e-07
1-12B-rep2,1.1389222080229011e-06,4.2053795237114317e-07,5.842159474270545e-07,8.334599528037072e-07,3.682894542151188e-07,2.0920923932600807e-06,1.595790500060574e-06,8.919243428362184e-07,0.798038228014808,2.5838533667199623e-07,2.081548064971341e-06,0.1992674575583497,0.0026836746023041025,3.7465838559090756e-07
1-12C-rep1,3.036314912112468e-06,1.1211350932477994e-06,1.5574931988954693e-06,2.221966404307365e-06,9.818429686680075e-07,5.577423362566406e-06,4.254305041915475e-06,2.377829814497101e-06,0.7927309252123658,6.88843579729905e-07,5.549312661944555e-06,0.20723617460769875,4.5348906469603665e-06,9.988222506367893e-07
1-12C-rep2,1.1222564893427143e-06,4.143842685117988e-07,5.756671821472906e-07,8.212640284404963e-07,3.6290031666595846e-07,2.061479044048498e-06,1.5724394798072312e-06,8.788729157264398e-07,0.7826901693867191,2.546044135310416e-07,2.051089009712141e-06,0.2172976703329734,1.6761471073730105e-06,3.6917605219583735e-07
1-1A-rep1,1.0998118188358912e-06,4.060967527270557e-07,5.641540740943761e-07,8.04839083971475e-07,3.5564245884848253e-07,2.020250306821514e-06,0.10129443228741968,8.612958170879603e-07,2.0222508432882764e-06,2.4951242945649733e-07,2.0100680689197937e-06,0.5607624344907122,1.6426248511836209e-06,0.3379310966753629
1-1A-rep2,5.811718503631114e-07,2.145930759851658e-07,2.9811506070043394e-07,4.25299866454744e-07,1.87931591874901e-07,1.067557730244121e-06,0.10416371465182901,4.5513321020394406e-07,1.0686148706204973e-06,1.318494653651885e-07,1.0621771460925126e-06,0.5529791945621881,8.68009697536505e-07,0.34285073033241753
1-1B-rep1,1.889013898238454e-06,6.975033335638116e-07,9.68979300331688e-07,1.3823748657991846e-06,6.108440881091548e-07,3.469939895304751e-06,0.1790885346769053,1.4793437760069892e-06,3.4733759751185205e-06,4.285573576809282e-07,3.452451095328153e-06,0.7901638426004916,2.8213382692705345e-06,0.03072694900074836
1-1B-rep2,6.146643635307404e-07,2.2695991966251297e-07,3.152952159156934e-07,4.4980958998751084e-07,1.9876195351673034e-07,1.129080309692981e-06,0.16664328496507627,4.813622077478837e-07,1.1301983723042413e-06,1.3944785464045944e-07,1.12338964637041e-06,0.8091454897695604,9.180324682646592e-07,0.02420449826346178
1-1C-rep1,1.6313922612865302e-06,6.023785963981934e-07,8.368309695244003e-07,1.1938481026342971e-06,5.27537843487115e-07,2.9967133103723653e-06,0.8391202419463387,1.277592499563256e-06,2.9996807814018658e-06,3.701111767838435e-07,2.9816096136935764e-06,0.16086136713054436,2.4365672604376326e-06,5.366607012959583e-07
1-1C-rep2,5.404122991489006e-07,1.9954293640017474e-07,2.772072413062995e-07,3.954721456569656e-07,1.747513125151776e-07,9.926862891156062e-07,0.835969068065936,4.232131759163142e-07,9.936692886551807e-07,1.2260241557645394e-07,9.876830635630986e-07,0.16402483978732482,8.071332361265695e-07,1.7777333528694042e-07
1-2A-rep1,3.640400063837796e-05,3.013332144055885e-07,4.186154147386783e-07,5.972092774043401e-07,2.6389495750523546e-07,0.7428280435776882,0.006442556020458376,6.391014835118418e-07,1.5005570540772997e-06,1.8514401284269314e-07,1.4915171527823976e-06,0.25068611170432353,1.2188657583340598e-06,2.6845856598093683e-07
1-2A-rep2,1.1418712517741022e-06,4.2162686328344846e-07,5.857286744394661e-07,8.356180544267837e-07,3.6924307660120935e-07,0.8572690155563097,0.011404604350541572,8.942338279716004e-07,2.0995865495162297e-06,2.59054381192462e-07,2.0869378767342395e-06,0.1313156051213415,1.705442752016986e-06,3.756284992326285e-07
1-2B-rep1,3.0076419792158754e-06,1.1105478411915415e-06,1.5427852719275912e-06,2.200983635571805e-06,9.725710985325008e-07,0.16644426939347992,0.00918523235305227,2.355375175672053e-06,0.04276284366248862,6.823386004014919e-07,0.5067977028088523,0.24292134910878324,0.03187574103970162,9.89390039487055e-07
1-2B-rep2,1.334903721101562e-06,4.929025648373189e-07,6.84745662744657e-07,9.768786529487266e-07,4.316633387346678e-07,0.13237778811704326,0.004600661745289856,1.0454033785678824e-06,0.02334568659837625,3.0284732791389395e-07,0.47856780361296014,0.34340374286450387,0.01769860858896761,4.3912821222039936e-07
1-2C-rep2,1.256906895325808e-06,4.6410285826199076e-07,6.447367937052284e-07,9.19800803143034e-07,4.0644176680191074e-07,0.03880868041050416,0.011402503040128104,9.843217111078063e-07,2.311105395919315e-06,2.8515232122647494e-07,0.4044545796300881,0.5453246736259251,1.8772543325380431e-06,4.134704766696218e-07
1-3A-rep1,2.7811229949743514e-06,1.0269075107676691e-06,1.4265912052418573e-06,2.035217703021574e-06,8.993224143923488e-07,0.9999533649866521,3.896745206667216e-06,2.177981324945168e-06,5.113718752202739e-06,6.309486252183335e-07,5.082911851096118e-06,1.6494922565704432e-05,4.153748548163908e-06,9.148746455964169e-07
1-3A-rep2,2.078370245815656e-06,7.674216564463116e-07,1.066110603261657e-06,1.5209452891371795e-06,6.720756150827457e-07,0.9999651490335628,2.9120895795321023e-06,1.6276344447505973e-06,3.8215501145593e-06,4.7151630893770367e-07,3.79852770715715e-06,1.23268752692865e-05,3.1041515987262052e-06,6.836980045452007e-07
1-3B-rep2,1.7010993979367091e-06,6.281174013016554e-07,8.72587600305361e-07,1.244859582095563e-06,5.500788064527585e-07,0.11357519780226863,7.656510833598107e-05,1.3321822613658946e-06,0.05608443890519425,3.8592551585364166e-07,0.014839434684856602,0.06491901409966946,2.540678412005028e-06,0.7504960938706977
1-3C-rep1,2.5312358657217174e-06,9.346386789549762e-07,1.2984103295527437e-06,0.0003329991350754696,8.185172515818043e-07,0.9276571740134828,3.546618126749266e-06,1.9822871748339047e-06,0.07197388864439089,5.742571588766374e-07,4.626206321347939e-06,1.501283462689812e-05,3.780529419699024e-06,8.326720967601264e-07
1-3C-rep2,2.0878316384770654e-06,7.709152003146988e-07,1.0709638728166164e-06,1.5278691087145714e-06,6.751351138920931e-07,3.835149282801384e-06,2.9253463238646493e-06,1.6350439467977055e-06,3.838947008246502e-06,0.04716244019380607,3.815819795631286e-06,1.2382991068406381e-05,0.9528023069834218,6.868104121135093e-07
1-3C-rep3,1.2263234636453429e-06,4.528101697493027e-07,6.290488666555048e-07,8.974199369649787e-07,3.9655210508289244e-07,0.875376685640333,1.718251974982357e-06,9.603709030446039e-07,0.0521963685374641,2.782139103010616e-07,2.241286731260743e-06,0.07241591055792804,1.8315764228698395e-06,4.0340979029568244e-07
1-4A-rep1,1.8412365581222786e-06,6.798619313322449e-07,9.444716703768993e-07,1.347411547534068e-06,5.953944898913962e-07,0.18869131348837961,2.579831868338351e-06,1.4419278995007642e-06,0.7408644673164191,4.177181941065867e-07,0.002572732706267973,0.06785828296357913,2.749980383444803e-06,6.056908114510847e-07
1-4A-rep3,1.2892722135221136e-06,4.7605349417569597e-07,6.613387485188557e-07,9.434856486806386e-07,4.1690763118672076e-07,0.16293560141821603,1.806452043728422e-06,1.0096679682617845e-06,0.7141424421947017,2.9249498570324013e-07,2.3563348421636105e-06,0.1229103546685958,1.92559358028498e-06,4.241173301413912e-07
1-4B-rep3,5.622485171850454e-07,2.0760578595720568e-07,2.884082405653758e-07,4.114518263810865e-07,1.8181241709809252e-07,1.0327973566926364e-06,7.877893995539673e-07,4.403137770677541e-07,0.427187934427656,1.2755636107788271e-07,0.04011339454335402,0.5326936063420213,8.397467376253996e-07,1.8495654950403343e-07
1-4C-rep1,2.2875668065294566e-06,8.446658199773631e-07,1.1734190445713175e-06,1.6740347226305302e-06,7.397228052299208e-07,0.8927235877649635,3.2052034391801136e-06,1.791462582988553e-06,0.10724225957963322,5.18976375472443e-07,4.180865230374289e-06,1.3567626245141003e-05,3.416597294912988e-06,7.525150362582452e-07
1-4C-rep2,5.083312003090868e-07,1.8769724621969116e-07,2.607510782591865e-07,3.719952910161747e-07,1.643773551903427e-07,9.337563443156803e-07,7.122436410699248e-07,3.980894995154153e-07,9.346809889557859e-07,0.9999906576614097,9.290501308291835e-07,3.0149273520020297e-06,7.592184844344717e-07,1.672199782493496e-07
1-4C-rep3,1.0110274812595222e-06,3.733138433553879e-07,5.186116959332692e-07,7.398669644668731e-07,3.2693256540842565e-07,0.875519976352621,1.4165919660964887e-06,7.917661236733249e-07,0.12437675144915136,2.2937007838609923e-07,1.8478016166722166e-06,9.417430866134825e-05,1.5100209304027142e-06,3.325863006695516e-07
1-5A-rep1,2.3833830983014787e-06,8.800452224174567e-07,1.2225684994526234e-06,1.7441528057231114e-06,7.707065981115195e-07,4.378049365493543e-06,0.08512585089869315,1.8664992118906437e-06,0.8039392126808987,5.407140539844404e-07,4.355983614514861e-06,0.11091245057950103,3.5597037966957895e-06,7.840346404381748e-07
1-5A-rep2,6.620070790592992e-07,2.444408402274312e-07,3.395799029746101e-07,4.844548512459852e-07,2.1407100863941695e-07,1.2160444011259774e-06,9.275652018144129e-07,5.184377166267507e-07,1.2172485792228403e-06,0.996841129983707,1.2099154311911578e-06,0.0031506297370630524,9.88741220178273e-07,2.1777299778943472e-07
1-5A-rep3,1.0921642067809007e-06,4.032729328985552e-07,5.602311925395271e-07,7.992425837561719e-07,3.5316947619001737e-07,0.04591458057184402,0.06348852367274962,8.553067413562166e-07,0.7696567818515999,2.477774287675602e-07,1.9960909316205296e-06,0.12093181616862497,1.6312027538769784e-06,3.59276933604651e-07
1-5B-rep1,2.8256734548575967e-06,1.0433574131793675e-06,1.4494435905458392e-06,2.0678195997359513e-06,9.137285471728443e-07,0.25926451117977395,3.959166678611666e-06,2.2128701341847327e-06,0.703973113444914,6.410557119839936e-07,5.164334377507762e-06,0.036736948108972295,4.220286924350241e-06,9.295299076148511e-07
1-5B-rep2,7.31365491479912e-07,2.7005088148715113e-07,3.7515765388587326e-07,5.352111353323007e-07,2.3649920582064266e-07,1.343449245821781e-06,1.024746110976096e-06,5.72754381964068e-07,1.3447795855318833e-06,0.9960317741537349,1.3366781443480407e-06,0.003959122233842078,1.0923315343843265e-06,2.405890519866434e-07
1-5B-rep3,1.375664930731721e-06,5.079533167791875e-07,7.056543328316988e-07,1.006707587370463e-06,4.448441543707937e-07,0.18501188961578705,0.0049811029543377575,1.0773247116110763e-06,0.768295301015668,3.12094753944623e-07,2.5142302559754535e-06,0.04170125477770166,2.0546254944900722e-06,4.5253696734624617e-07
1-5C-rep1,2.3178567416851255e-06,8.558501372363374e-07,1.1889564210837942e-06,1.6962008089070422e-06,7.49517559962167e-07,0.039727602683946095,3.247643906517015e-06,1.8151835450682814e-06,0.35316804671161944,5.258482013424089e-07,4.236224547689596e-06,0.607083493006538,3.4618368526039628e-06,7.624791743926454e-07
1-5C-rep2,7.320425644369957e-07,2.7030088528282045e-07,3.7550496190771485e-07,5.357066153491801e-07,2.3671814863172458e-07,6.519059113665744e-05,1.0256947855959699e-06,5.732846182243192e-07,0.11818010354061438,0.881743942779461,1.337915594890083e-06,4.341766055297853e-06,1.0933427772590824e-06,2.4081178103630224e-07
1-5C-rep3,1.2141812785741441e-06,4.4832676463946864e-07,6.228204709799835e-07,8.885343213144218e-07,3.9262572742395333e-07,0.0015906726899533215,1.7012390627306658e-06,9.508619915808221e-07,0.2804682041410918,2.754592335062333e-07,2.2190950998556864e-06,0.7179301971680393,1.8134414523193934e-06,3.9941551270211586e-07
1-6A-rep1,1.4755109794211382e-06,5.448206748589702e-07,7.568708720483639e-07,1.0797746348317458e-06,4.771310362300877e-07,0.10803655037842465,2.06739879783605e-06,1.1555171647345393e-06,0.004185083278597855,3.3474665652782815e-07,2.69671361434747e-06,0.8877007445684695,6.654790788205226e-05,4.853821951819089e-07
1-6A-rep2,1.0052657384896354e-06,3.7118636573710197e-07,5.156561806334281e-07,7.356505378986413e-07,3.25069409975068e-07,4.56842571437949e-05,1.4085189525831782e-06,7.872539290761682e-07,1.8484066570053986e-06,0.9626318222287942,1.8372711832246678e-06,0.035339131571648176,1.5014154747257954e-06,0.001973026247984433
1-6A-rep3,1.2457768320177468e-06,4.5999317105037823e-07,6.390275710431032e-07,9.116558552492334e-07,4.0284267556264046e-07,2.288374232765477e-06,1.7455088852648869e-06,9.756054227328514e-07,2.290640276773385e-06,2.826272627678939e-07,2.276840626871441e-06,0.0355365266508676,1.860631017283603e-06,0.9644480938253029
1-6B-rep1,2.610774424747034e-06,9.640076582508698e-07,0.006035430700751842,1.910557115756088e-06,8.442373686241633e-07,0.19651124693386465,3.6580628557983593e-06,2.0445762201164154e-06,4.8004946770516174e-06,5.923019359539395e-07,4.7715747516616875e-06,0.7974263676170764,3.899324300281968e-06,8.588369988989501e-07
1-6B-rep2,9.495689479335905e-07,3.506207695189514e-07,4.870862282397246e-07,6.948917888803539e-07,3.070589256321311e-07,0.18953005343231621,0.0031898119755582677,7.436360919975291e-07,1.745995608368342e-06,2.1542708586832696e-07,1.735477095981162e-06,0.8072711742311153,1.4182294871489695e-06,3.12368980544896e-07
1-6C-rep2,8.996140383226228e-07,3.3217531709849993e-07,3.96918759770359e-05,6.583349316047836e-07,2.909051740708841e-07,1.652505915844691e-06,0.00015818214352962374,7.045148951217991e-07,0.3627260654453566,2.0409390082081096e-07,1.644177141775302e-06,0.6370680346586537,1.3436192906041994e-06,2.959358776908611e-07
1-7A-rep1,3.2561994323823984e-06,1.2023257007019726e-06,1.6702840834959542e-06,2.382877255457224e-06,1.0529462884471028e-06,0.9973894615451463,4.562394238952253e-06,2.550028016323429e-06,5.98725339669465e-06,0.0017046968381116303,5.951184005273231e-06,0.0008712916697905692,4.863299353977426e-06,1.0711551797872118e-06
1-7A-rep2,9.22671387738155e-07,3.406890596895294e-07,4.732889877413317e-07,6.7520823271374e-07,2.9836115181201075e-07,0.8599233588673315,1.2927926287311869e-06,7.225718010984538e-07,1.6965384077308817e-06,0.001488937640822238,1.6863178435029337e-06,0.13857791347493795,1.3780566138841637e-06,3.035207937168861e-07
1-7B-rep2,1.2750070434206318e-06,4.7078619375566356e-07,6.540213568591456e-07,9.330464387716867e-07,4.122947509794933e-07,0.9226938257989445,0.02313162420073616,9.984964831694897e-07,2.3443865801378508e-06,2.8925867091949977e-07,2.330263142962334e-06,0.029698267275400318,0.02446615573957989,4.194246781211283e-07
1-7C-rep1,2.2334267816714207e-06,8.246750470916144e-07,1.145647643071413e-06,1.6344152102133459e-06,7.222157269890176e-07,0.6839145156196917,3.1293456354311854e-06,1.7490638960962615e-06,0.014808205599664727,5.066937204747343e-07,4.081916361709785e-06,0.30125718093900145,3.3357364160313263e-06,7.347052032720441e-07
1-7C-rep2,1.0198403621277913e-06,3.7656792941036644e-07,5.23132308060901e-07,7.46316205003927e-07,3.2978235713447517e-07,0.5468894282160404,1.4289400540244278e-06,7.986677565693679e-07,0.01903642619199896,2.3136944162105697e-07,1.8639084543376384e-06,0.43406496839830194,1.5231834159087e-06,3.3548537463198e-07
1-8A-rep1,2.9131472702124467e-07,1.0756564226606895e-07,1.4943137296585934e-07,2.1318326828979464e-07,9.420146614379056e-08,5.351176051819757e-07,4.0817298199430137e-07,2.2813735181087224e-07,5.356475010466409e-07,0.0010163594752365744,5.324205657394058e-07,0.9989800144084114,4.350933513583852e-07,9.583051814759313e-08
1-8A-rep2,4.753693658713033e-07,1.7552635143581895e-07,2.4384313740128354e-07,3.47873916631414e-07,1.5371859734937144e-07,8.732085715095866e-07,0.0021773088451432065,3.7227609249560486e-07,8.740732592091731e-07,1.0784623636186067e-07,8.688075240834781e-07,0.9978173322465995,7.099883093619646e-07,1.563768955615402e-07
1-8B-rep1,1.6313922612865302e-06,6.023785963981934e-07,8.368309695244003e-07,1.1938481026342971e-06,5.27537843487115e-07,0.00014528038539785005,2.2858104391103723e-06,1.277592499563256e-06,2.9996807814018658e-06,0.0006406466355704334,7.412344565743242e-05,0.9991256212339191,2.4365672604376326e-06,5.366607012959583e-07
1-8B-rep2,4.4961675674644213e-07,1.6601740566823783e-07,2.3063320538607005e-07,3.290282323216499e-07,1.4539106251652736e-07,2.043281367792813e-05,6.299764321301135e-07,3.521084473235231e-07,8.267213080592513e-07,1.0200378590120922e-07,8.217408383044085e-07,0.9999746945180187,6.715254787150909e-07,1.4790535036599672e-07
1-8C-rep1,0.00039878118815242123,1.1169939302149143e-06,1.5517402496763422e-06,2.213759074798863e-06,9.782163122280887e-07,5.556821902861046e-06,0.02546454695407217,2.369046768648664e-06,5.562324500642342e-06,6.862991820163753e-07,5.52881503539449e-06,0.9619690745191204,0.012141038188821158,9.951328774241663e-07
1-8C-rep2,1.1296090497428382e-06,4.170991428671957e-07,5.794387154530024e-07,8.266446107146024e-07,3.65277889460457e-07,2.0749850022041367e-06,1.5827414529841419e-06,8.846309276054324e-07,2.077039739258688e-06,2.5627247635482765e-07,5.132457533341891e-05,0.09256633075728406,1.6871285300366222e-06,0.9073704637998458
1-9A-rep1,1.4640184533266168e-06,5.405771511509271e-07,7.509757222538084e-07,1.0713644377270963e-06,4.7341473661533897e-07,2.6892634529569344e-06,0.02700763631200001,1.1465170208158616e-06,0.30702363363149976,0.0002557041016915846,2.675709330397988e-06,0.6656995459269036,2.186585971199266e-06,4.816016285702442e-07
1-9A-rep2,6.077410782373514e-07,2.2440355172056438e-07,3.117438814623892e-07,4.447431499855273e-07,1.9652319397361453e-07,1.1163628893137505e-06,0.030664132500679724,4.7594037415637514e-07,0.25294005746463544,0.00047718114205216297,1.110736322900043e-06,0.7159130330842772,9.076921897915728e-07,1.9992172391207347e-07
1-9B-rep2,9.861152890341757e-07,3.6411521483297973e-07,5.058328600471197e-07,7.216362947950454e-07,3.188767933694362e-07,0.020901058126444334,0.017159405233055626,7.722566343309632e-07,0.6576830465812591,0.0023653648086727447,1.8022709165457497e-06,0.30188385694204223,1.4728133051108425e-06,3.2439121793700815e-07
1-9C-rep1,2.3925839798846727e-06,8.834425746455098e-07,1.227288138523163e-06,1.7508859840526425e-06,7.736818563273153e-07,4.394950514874853e-06,0.02473096607816848,1.8737046998526796e-06,0.7118884013520949,0.0074083933284121795,4.372799580627924e-06,0.2559502093968641,3.573445780990293e-06,7.870613506170523e-07
1-9C-rep2,7.502936735326244e-07,2.7703996192344714e-07,3.8486696127587796e-07,5.49062723798294e-07,2.426199485617814e-07,1.3782185262974545e-06,0.016295035764537294,5.875776124002862e-07,0.6071649745989742,0.008016287089043691,9.95278053013383e-05,0.3684186376453569,1.1206017363361686e-06,2.468156424245897e-07
2-10A-rep1,1.134022146626662e-06,4.1872864373570576e-07,5.817024359765894e-07,8.298741021536139e-07,3.6670493779729055e-07,0.945385429783469,1.5889248235720927e-06,8.880869569200332e-07,0.03501445160595035,2.572736681096819e-07,0.019585260607862306,6.725918821354831e-06,1.6937197145355511e-06,3.7304646769249535e-07
2-10A-rep2,0.005614007748835467,4.483505039371282e-07,6.228534498733158e-07,8.885813699905171e-07,3.926465173025581e-07,0.8387442030176494,1.701329144839711e-06,9.509123405620376e-07,0.015093234063264228,2.7547381931563174e-07,0.004503044191636092,0.1360380178573313,1.8135374756439417e-06,3.9943666210584036e-07
2-10C-rep1,2.828461687008003e-06,1.044386945689145e-06,1.4508738284285687e-06,2.0698600198982003e-06,0.007771567727645694,5.1956166438173734e-06,0.003950961472103346,2.2150536829037826e-06,5.200761561023018e-06,6.416882734511661e-07,0.25989034524591015,0.7283613239532869,4.224451290783377e-06,9.304471208790803e-07
2-10C-rep2,2.900985728212567e-07,1.0711658701591423e-07,1.4880754047479158e-07,2.1229329019033905e-07,9.380820243938664e-08,5.328836449229666e-07,4.064689785906637e-07,2.2718494476500846e-07,5.334113286266196e-07,6.581416788474706e-08,5.30197864835113e-07,0.0560819775623789,4.332769632476573e-07,0.9439144410755352
2-11B-rep1,3.7081204135619526e-07,1.3691939228861047e-07,0.44164588760249396,2.7135917125040944e-07,1.1990824602896952e-07,0.05703364741436003,5.195599214203632e-07,2.9039409713198847e-07,6.818211538476892e-07,8.412549467638806e-08,4.918888424278637e-05,0.4441704775623591,0.057098201655173667,1.219818524860896e-07
2-11B-rep2,1.356460628444658e-06,5.00862281146001e-07,0.42211367457074217,9.926539349216367e-07,4.3863412355564046e-07,0.0598057738555102,1.9005924806188828e-06,1.0622852430886815e-06,2.49415727561741e-06,3.077379066753021e-07,2.4791315653158393e-06,0.4663080188099072,0.05176055402885633,4.4621954475093046e-07
2-11C-rep2,1.7274980127507257e-06,6.378648795237131e-07,0.035181313303666494,1.2641780114860723e-06,5.58615237978461e-07,0.3071350824400073,2.4204681392653086e-06,1.352855813083401e-06,3.176392773048796e-06,3.91914524521964e-07,0.11887834801029325,0.32130472528572723,0.21748843289738828,5.682755257641564e-07
2-12A-rep2,1.6742721473421019e-06,6.182116527322353e-07,8.588264254748178e-07,0.18778743151151917,5.414037684124243e-07,3.075479606093694e-06,2.3458912017200915e-06,1.3111730320364966e-06,0.7204829710643109,3.798392633176544e-07,0.020738395353985573,0.07097734559612394,2.500610549702661e-06,5.507664134953815e-07
2-12B-rep2,1.631044154858995e-06,6.022500608729295e-07,8.366524065594011e-07,1.1935933593650725e-06,5.274252774792678e-07,2.9960738717838813e-06,0.08165568618233603,1.2773198869173447e-06,0.8018849165421172,3.700322024730058e-07,2.9809733979313973e-06,0.020423023985932136,0.09602342137880761,5.365461886530092e-07
2-12C-rep2,1.7655368333878333e-06,6.519104110171342e-07,0.015707195980827007,0.20680078148763678,5.709157238173896e-07,3.243124203858623e-06,2.473765887064589e-06,1.3826451611705839e-06,0.2178895289895845,4.005443268102052e-07,3.226778574766519e-06,0.21443213123591537,0.3451560662961871,5.807887273061832e-07
2-1A-rep1,3.141554365803697e-06,1.1599939231592775e-06,1.6114763126778027e-06,2.2989803298316056e-06,1.0158738978120818e-06,0.36592492145533134,0.16864778421361498,2.4602460057986446e-06,0.0008277588204794382,7.12719074896857e-07,0.021925271460348394,0.3779935247626056,0.05918742255025262,0.005480915893457586
2-1A-rep2,2.021749522063146e-06,7.465149052556508e-07,1.037066714628999e-06,1.4795104084982288e-06,6.537663615611412e-07,0.31378136560402337,0.14723763988578914,1.5832930477103763e-06,3.717440207395999e-06,4.5867086201749554e-07,3.6950449959288653e-06,0.4962902720942703,0.04267466428676809,6.650721240393412e-07
2-1B-rep1,2.2907660643049173e-06,8.458471204248582e-07,1.175060120141877e-06,1.6763759301473904e-06,7.407573384857638e-07,0.17402276488520724,0.6896841036489805,1.7939680182753888e-06,4.212087491676633e-06,5.197021856213625e-07,4.186712345115703e-06,0.10650255429587725,0.02977238232586089,7.535674599837637e-07
2-1B-rep2,1.1966307527558137e-06,4.4184637279296146e-07,6.138178393721601e-07,8.756908976660071e-07,3.8695047275836747e-07,0.20727201851230653,0.670080167067767,9.371176453061818e-07,2.2002741809289587e-06,2.7147757568061933e-07,2.18701892924541e-06,0.10588586503216516,0.01675244492098049,3.93642114288205e-07
2-1C-rep1,1.8118499235637795e-06,6.690111506228553e-07,9.293976465064814e-07,1.3259064940021817e-06,5.858918324433897e-07,0.13985322810430592,0.8143714190779011,0.008534633145973374,3.331492690919499e-06,4.110512985007526e-07,3.3114225676217755e-06,1.0746135371886945e-05,0.037217001489021614,5.960238219200351e-07
2-1C-rep2,9.397239867219004e-07,3.469855960189767e-07,4.820362052432861e-07,6.876872749556552e-07,3.0387539354725196e-07,0.17273044946584581,0.7938567917542918,7.359262058462809e-07,1.727893437822881e-06,2.1319357632809138e-07,1.7174839794929993e-06,5.573530700412536e-06,0.033399721313111204,3.091303947593225e-07
2-2A-rep1,2.4608817046664266e-06,9.086609654442861e-07,1.2623218043077204e-06,1.8008660600158786e-06,7.957670625045407e-07,0.034774338555032744,3.448042033438504e-06,1.927190708698641e-06,4.524883272996492e-06,5.582960304848187e-07,0.7913398032526365,0.17386368630230156,3.6754519042965096e-06,8.095284823719804e-07
2-2A-rep2,1.7176638814211321e-06,6.34233704871429e-07,8.81084436475841e-07,1.2569814228375315e-06,5.554352079162294e-07,0.06337191651965553,2.406689135535672e-06,1.3451544081395646e-06,3.1583105156719585e-06,3.8968347193858813e-07,0.6919660437745058,0.24314848454669155,2.5654183100062458e-06,0.0014986445046523806
2-2B-rep1,2.9262757994274664e-06,1.0805040274881637e-06,1.5010480755863907e-06,2.141440102318565e-06,9.46259989894219e-07,0.00013298447462813505,4.100124739326898e-06,2.2916548654299235e-06,5.380614757668171e-06,6.638791941222532e-07,0.8516690336042138,0.14293964046294627,0.0052363470327350895,9.626239255712115e-07
2-2B-rep2,1.6163287553019068e-06,5.968165168130557e-07,8.291040674073042e-07,1.182824672852559e-06,5.226668080831486e-07,2.9690430743683056e-06,0.003526512000080456,1.265795813554764e-06,2.971983145171219e-06,3.6669374490142007e-07,0.8393376900312866,0.1396402643506064,0.017482680655998405,5.31705429729751e-07
2-2C-rep1,2.273505420178758e-06,8.394737650839147e-07,1.1662061848244944e-06,1.6637446410765386e-06,7.35175821890649e-07,4.176214461432209e-06,3.1855014554993506e-06,1.7804506870997331e-06,4.180349923901838e-06,5.157862927602906e-07,0.27453150726515946,0.7254438328408664,3.395595899705034e-06,7.478894206786983e-07
2-2C-rep2,1.4985561559920368e-06,5.533299227240905e-07,7.686920127453767e-07,1.0966390278884732e-06,4.845830776792756e-07,2.7527059466742493e-06,2.099688337529808e-06,1.1735645377893018e-06,2.7554317913926003e-06,3.399748763877902e-07,6.80879445300846e-05,0.06039146789537823,2.2381697855658536e-06,0.9395246828246193
2-3A-rep1,0.00012798760509452202,0.04416787076170699,1.471749902442611e-06,2.0996424517867836e-06,9.27790435538259e-07,0.6234704855145126,0.015643825814490434,2.246925251418779e-06,5.275593349390787e-06,6.509212829851643e-07,0.07307441612548994,0.2404946697878942,0.003007127933165635,9.438349721043396e-07
2-3A-rep2,8.579780596691835e-07,0.05174491676548127,4.401042156087091e-07,6.278658437610474e-07,2.774414873098659e-07,0.6968887191394767,1.2021481601076626e-06,6.719085040643469e-07,1.5775852059176142e-06,1.9464801743540187e-07,0.07939566867665537,0.17196328206569284,1.2814338402679039e-06,2.822393596715361e-07
2-3B-rep1,3.1454326010092348e-06,1.1614259306139234e-06,1.6134656731793258e-06,2.301818411053132e-06,1.0171279897220507e-06,0.8892541459518112,4.407194299938024e-06,2.4632831687959913e-06,5.783583719467646e-06,7.135989234960126e-07,5.748741308235946e-06,0.10138446531242132,0.009331998346276618,1.0347174653173792e-06
2-3B-rep2,1.6466209340335063e-06,6.080016624945696e-07,8.446425947734815e-07,1.2049924009713986e-06,5.32462288313018e-07,0.7347930938237848,2.307147955515766e-06,1.289518532646493e-06,3.0276821137910102e-06,3.735660797676265e-07,3.0094422558751506e-06,0.2552080370175498,0.00998348341154134,5.416703059080053e-07
2-3C-rep1,0.00010177991257635663,0.05353090829851928,1.1703834624785996e-06,0.013931426608333632,7.378091757285764e-07,0.4157079365020568,3.1969117225861944e-06,1.7868281501643604e-06,0.034928085847936025,5.176338070189855e-07,4.17004952077412e-06,0.4817841248877134,3.4077587119579494e-06,7.505683138327532e-07
2-3C-rep2,1.220644355886724e-06,0.0346531290630993,6.261357394055748e-07,0.02358174811652227,3.947156710559527e-07,0.4498483017089595,1.7102947447640118e-06,9.55923422417902e-07,0.02560583626621282,2.769255008207033e-07,2.230907325465998e-06,0.46630134466246126,1.8230943867823104e-06,4.0154159830728096e-07
2-4A-rep1,2.0787470547837087e-06,7.675607901560098e-07,1.066303889341004e-06,0.017768942085296606,6.721974625348456e-07,3.818461761645924e-06,2.912617541992857e-06,1.6279295352219548e-06,0.11322580519939324,4.716017949449002e-07,0.023754127106360923,0.8452339216527774,3.10471438207193e-06,6.838219591389844e-07
2-4A-rep2,8.108914632841205e-07,2.9941521305192345e-07,4.1595090616892883e-07,0.006436367451844784,0.00028315338201455526,1.4895309356037532e-06,1.1361732035547396e-06,6.350335698139673e-07,0.11924011779610598,0.00028307513232369165,0.05304357579144085,0.8207074455935498,1.2111076153127795e-06,2.6674981344939093e-07
2-4B-rep2,1.353658094424695e-06,4.998274677848218e-07,6.943658140615716e-07,9.906030486929241e-07,4.3772787752991484e-07,0.01664905665779674,1.8966657355491587e-06,1.0600904941440888e-06,0.31481156144399025,3.07102100567403e-07,0.3584940354059064,0.31003563939688117,2.021757165931726e-06,4.4529762676207535e-07
2-4C-rep2,1.996056236180907e-06,7.370278641228242e-07,0.04404534914378761,1.4607081367645371e-06,6.454580098862809e-07,3.666566547580618e-06,2.7967560530877875e-06,8.860729292078398e-05,0.024550112336375073,4.5284187011960585e-07,0.7845323112043389,0.14676822677632456,2.9812114415912127e-06,6.566200937414372e-07
2-5A-rep1,1.6293058487145517e-06,6.016082051768787e-07,8.357607335689718e-07,0.00021434487624907815,5.268631672519967e-07,2.992880767780527e-06,0.846573180404399,1.2759585669302471e-06,0.056559473765029906,3.696378359261012e-07,2.9777963874509585e-06,0.09663882171735431,2.4334510972160176e-06,5.359743576981362e-07
2-5A-rep2,1.0938312809729448e-06,4.038884867636344e-07,5.610863267371708e-07,8.00462543791751e-07,3.5370855237976865e-07,2.009264624320517e-06,0.9074434731340643,8.566122774522941e-07,0.057146431184145814,2.4815563504304956e-07,1.9991377552175836e-06,0.035399776016361156,1.6336926139145956e-06,3.5982533218802376e-07
2-5B-rep1,1.1110015333649028e-06,4.102284656768075e-07,5.698938951541068e-07,8.130276844549325e-07,3.592608393029883e-07,0.02282133654981179,0.6386026972548459,8.700588201337423e-07,0.0029574080919896224,2.5205102088572343e-07,2.0305189201380514e-06,0.3356101172512787,1.6593372585684222e-06,3.6547363634439514e-07
2-5B-rep2,1.4700249036355412e-06,5.427949850786007e-07,7.540567615321567e-07,1.0757599405592733e-06,4.753570223047928e-07,2.700296734170767e-06,0.12269887691615004,1.1512208532697618e-06,0.0012206964538985588,3.335020398815953e-07,2.6866870029113652e-06,8.718761090013926e-06,2.1955569100234022e-06,0.876058322611708
2-5C-rep1,1.239380438653299e-06,4.5763135375583734e-07,6.357465084883446e-07,9.069749932253897e-07,4.007742952952761e-07,2.276624663033853e-06,0.8277310009729849,9.705962141074346e-07,2.278879072125712e-06,2.811761239268765e-07,2.2651502759969295e-06,0.17225502731040174,1.851077678686543e-06,4.0770499601098215e-07
2-5C-rep2,3.0100106903300612e-06,1.1114224689007048e-06,1.5440003143580633e-06,2.2027170514623087e-06,9.733370607003218e-07,5.52910499462701e-06,0.8525424513297524,2.357230184810523e-06,5.534580145964922e-06,6.828759858474917e-07,5.501237822797468e-06,0.14742361638032536,4.495603954772823e-06,9.901692476504576e-07
2-6A-rep2,2.062852243866401e-06,7.616917578468631e-07,0.20285401362536098,1.509589260533008e-06,6.670576108431749e-07,0.18846363038187952,0.015295574351423941,1.615481829239879e-06,0.24513652191648344,4.679957663318171e-07,3.770166273248712e-06,0.3482356453222135,3.080974674086913e-06,6.78593222570673e-07
2-6B-rep2,1.4370453432660357e-06,5.306175451356494e-07,0.143758252089186,0.019615743072490786,4.6469253248873726e-07,0.10490677224708601,2.013503021353075e-06,1.1253935645380218e-06,0.21783225085883068,3.2602002333178914e-07,2.626411999414929e-06,0.5138758390195277,2.146300260370919e-06,4.7272858895570726e-07
2-6C-rep2,1.2789893455784578e-06,4.7225662710341834e-07,0.0744034814383004,9.359606758856277e-07,4.1358249467076044e-07,2.3493824794147632e-06,0.014056898486799578,1.0016151441369146e-06,0.5054284413198904,2.90162129010431e-07,2.337541386631973e-06,0.4060997682944416,1.910235594367383e-06,4.2073469112015163e-07
2-7A-rep1,2.624819800837028e-06,9.691938014830947e-07,1.3464146857170269e-06,1.9208354810479524e-06,8.487791747791328e-07,0.9146808465797717,3.677742406847854e-06,2.0555755778870414e-06,4.8263202529872856e-06,5.954883864455826e-07,0.08516547333350821,1.5567883708118345e-05,0.00011838357609620569,8.634573477637151e-07
2-7A-rep2,1.5152910301380077e-06,5.595091416882659e-07,7.77276251673541e-07,1.1088855600200133e-06,4.89994577799444e-07,0.9019796005214122,2.123136254335477e-06,1.1866701226307838e-06,0.013813273731455016,0.0023131048409120044,0.08187451127510004,8.987235822291796e-06,2.2631641706804805e-06,4.984681895328129e-07
2-7B-rep1,2.3968352722281294e-06,8.85012330476465e-07,1.2294688605836565e-06,0.00010627531055348627,7.75056582472658e-07,0.7785836669175895,3.3583039567482376e-06,0.10285084950432351,0.05299671305697944,5.437659257141539e-07,0.014323800517037223,1.4215700740166907e-05,0.05111450208999811,7.88459850281783e-07
2-7B-rep2,1.3561397516564312e-06,5.007437999481335e-07,6.956387927783049e-07,9.92419118223106e-07,4.3853036270492225e-07,0.8152282398156342,1.9001428870235213e-06,0.05878484108530508,0.04879184740767806,3.076651099062408e-07,0.017507507316946395,8.043304892401125e-06,0.059672883675732084,4.461139895351275e-07
2-7C-rep2,1.2024032642349827e-06,4.439778266713635e-07,6.167788785362752e-07,8.799152047443096e-07,3.888171104331251e-07,0.5009086262432666,0.029102811265862515,9.416382732044736e-07,0.0034104509322292432,2.727871755035758e-07,2.1975690440950865e-06,0.42629930929913945,0.04027146283169265,3.9554103224445836e-07
2-8A-rep2,1.3965255682219225e-06,5.156559409913494e-07,7.163549030808526e-07,1.0219733410940826e-06,4.515897887448767e-07,2.565285405525737e-06,1.9567291068359145e-06,1.093661306203337e-06,2.567825658574619e-06,3.1682737115335675e-07,2.5523561431483593e-06,0.036609037057088276,2.085781916858044e-06,0.9633737223764612
2-8B-rep2,1.0680028873348433e-06,3.9435155816825777e-07,5.478375206699008e-07,0.0006528108945735731,3.4535651136307576e-07,0.005218196485691501,1.4964225384671194e-06,8.36385283141445e-07,0.29038788464394943,2.422959914792782e-07,0.00018824602775435888,0.6340582873435681,0.06948929262331538,3.5132885701641745e-07
2-8C-rep1,2.691361196046361e-06,9.937636815786186e-07,1.380547433301976e-06,1.9695302801483566e-06,8.702964425536366e-07,0.00012230879083946922,3.770976277947938e-06,2.107686152055682e-06,4.948671540972245e-06,6.105845191600675e-07,0.052584445503929475,0.8844787143208309,0.06279430262015676,8.853467196000698e-07
2-8C-rep2,1.2640431262698116e-06,4.667378546890501e-07,6.48397359714602e-07,9.250230761515747e-07,4.0874938586579965e-07,5.7444384116898724e-05,1.771102537433069e-06,9.899103088629656e-07,2.3242269579877115e-06,2.867713057559244e-07,0.05655795052107808,0.8670837367045596,0.07629136761033063,4.158180020281145e-07
2-9A-rep1,1.7980693571774023e-06,6.639227862641501e-07,9.223288347906449e-07,1.3158219156797197e-06,5.814356569140493e-07,0.07559083136154042,0.8576543725582764,1.4081223620693054e-06,3.3061540270512218e-06,4.0792492493441746e-07,0.06673045089933312,1.0664402425927488e-05,2.685507974789344e-06,5.91490584514988e-07
2-9A-rep2,6.97677010861822e-07,2.576116783898473e-07,3.578769761687876e-07,5.105580033903715e-07,2.2560547484167532e-07,0.06985555310035674,0.8616789733523535,5.463719163972569e-07,0.012901200575419894,1.5828079219982955e-07,0.05552568518977427,3.456227723443854e-05,1.0420160763085396e-06,2.2950693270538485e-07
2-9B-rep1,2.5478287364718804e-06,9.407654642964841e-07,1.3069217271157685e-06,1.8644936445115693e-06,8.238828325401805e-07,4.680120451909814e-06,0.01089194258822568,1.9952815525318306e-06,0.7430805700512685,5.780215551320922e-07,4.656532236286659e-06,0.2460034500701233,3.8053117155244536e-06,8.38130466193774e-07
2-9B-rep2,9.449906237939565e-07,3.4893025980247534e-07,4.847377535537252e-07,8.310993899035691e-05,3.0557844831179446e-07,1.735858412290861e-06,0.010097577771726603,7.400506682339317e-07,0.6482224347464759,2.1438840928806566e-07,1.7271095343632266e-06,0.34158865364426916,1.41139152734554e-06,3.1086290092085844e-07
2-9C-rep1,1.900914750330263e-06,7.018976283935253e-07,9.750839030262607e-07,1.3910838746787125e-06,6.146924267320321e-07,3.4918006351860182e-06,2.6634494249330287e-06,1.4886636923334996e-06,0.9999681281379678,4.3125728367478843e-07,3.4742016551721115e-06,1.1274381488112587e-05,2.839112796750115e-06,6.253224728500148e-07
2-9C-rep2,5.480322118098548e-07,2.023565284480876e-07,2.8111591431589736e-07,4.0104837553643384e-07,1.7721533811350297e-07,1.006683348092059e-06,7.678703524901022e-07,4.2918055941688627e-07,0.9999908113675057,1.2433113215116158e-07,1.0016095761404534e-06,3.250395222955126e-06,8.185139629803511e-07,1.8027997196132106e-07
