,7_1,7_2,7_3,7_4,7_5,7_6,7_7
1-10A-rep2,0.8399533569987339,0.16003547454783112,3.910650543711e-07,2.5498718409665377e-06,2.838187609646017e-06,3.95221221024805e-06,1.4371167198236283e-06
1-10B-rep1,0.9999780087588227,6.94713042646868e-06,5.26771770411555e-07,3.434723939086329e-06,3.823090545120973e-06,5.3237020279978906e-06,1.9358224682258507e-06
1-10B-rep2,0.999965716245695,2.4003021522785734e-06,2.6867568203525245e-05,1.1867310324361338e-06,1.3209155292157529e-06,1.8393916122845302e-06,6.688457754022099e-07
1-10C-rep1,0.9998625728294434,9.621663086621572e-06,7.295703675192835e-07,4.7570370079032755e-06,0.0001122645762825936,7.373241056739017e-06,2.6810827552361196e-06
1-10C-rep2,0.999993310762029,2.1131598832507482e-06,1.6023205331247856e-07,1.0447653048897224e-06,1.1628976388876346e-06,1.6193496976944244e-06,5.888333930459505e-07
1-11A-rep2,0.46026334138546415,0.5225089590755112,3.8248995385204343e-07,0.000114655366437635,0.017107390528509986,3.865549859325334e-06,1.4056042637952507e-06
1-11B-rep1,0.5759720749793815,0.2381417023388997,7.682783099094083e-07,5.009425430798953e-06,0.18586985721393307,7.764434288754725e-06,2.823329756283752e-06
1-11B-rep2,8.50303417812614e-06,0.06850862604756369,0.9079677303585462,2.354272434552355e-06,0.023507810371101296,3.649039968440644e-06,1.326876207798974e-06
1-11C-rep1,0.6163217417840865,0.21520801904844963,6.72655009637109e-07,4.385930291104765e-06,0.16845591061783657,6.798038619552926e-06,2.4719257070341077e-06
1-11C-rep2,0.6844588837244117,0.18976618197846484,5.087365465813167e-07,3.3171283910407263e-06,0.12576409745394163,5.141433039655138e-06,1.8695452045775337e-06
1-12A-rep1,0.005793858859124471,0.9866751379688762,4.929619926732961e-07,3.214273149018254e-06,7.585583474157183e-05,4.982011010328697e-06,0.007446458091105699
1-12A-rep2,8.000300681509177e-06,0.9928097131788527,3.3971893878867755e-07,2.215078402373095e-06,2.465538845915792e-06,3.433294084771446e-06,0.007173832890193929
1-12B-rep1,0.16103468131682305,0.8389420177590549,8.158853158728646e-07,5.319838653821812e-06,5.921356481535872e-06,8.245563932426687e-06,2.9982797383547714e-06
1-12B-rep2,0.20368878043160346,0.7963015454602506,3.3874033232054815e-07,2.2086975686765542e-06,2.4584365269498824e-06,3.423404015615079e-06,1.2448297024119052e-06
1-12C-rep1,0.18552409888961413,0.8144501104170698,9.03064953668509e-07,5.888278357231947e-06,6.55407005448076e-06,9.126625600120438e-06,3.318654350465721e-06
1-12C-rep2,0.1971356542667003,0.8028548131851445,3.3378358823559656e-07,2.17637797881849e-06,2.4224625387633905e-06,3.3733097812245253e-06,1.2266142681235452e-06
1-1A-rep1,0.6254619697537973,4.313941022403139e-06,3.271080590576242e-07,2.132851348954218e-06,2.374014322823409e-06,3.3058450266212837e-06,0.3745255764864228
1-1A-rep2,0.6235365822752394,2.2796101148666034e-06,1.7285327643787581e-07,1.1270598006169388e-06,1.2544972300367012e-06,1.7469032890647361e-06,0.3764568368010496
1-1B-rep1,0.8686690631498332,7.409530579331915e-06,5.618336351254084e-07,3.66333874505361e-06,4.077554984962002e-06,5.67804698489772e-06,0.13130954654523744
1-1B-rep2,0.8779791891958582,2.9215283473724228e-05,1.8281468067970843e-07,1.192011408767101e-06,1.3267929613423569e-06,1.8475760109961312e-06,0.12198704632560638
1-1C-rep1,0.35863694503100674,6.399028295935801e-06,4.852114840856924e-07,3.163737302412165e-06,3.5214632624349828e-06,4.903682214817115e-06,0.6413445818464336
1-1C-rep2,0.35180175673162917,2.1197334033196833e-06,1.60730495776054e-07,1.0480153124984486e-06,1.1665151270994521e-06,2.5190703519130258e-05,0.6481685575705131
1-2A-rep1,0.3089797862582943,0.6857462739551204,2.427218268475956e-07,1.5826255620358435e-06,1.7615741264771044e-06,3.8040905356619814e-05,0.005232311959713244
1-2A-rep2,0.22388511656270035,0.7663952113844504,3.3961744150598053e-07,2.2144166069500807e-06,2.464802220827604e-06,3.4322683250020718e-06,0.009711220948254905
1-2B-rep1,0.5350108016281261,0.35413591734936983,8.945370314792247e-07,5.83267352010995e-06,0.09522653335655999,0.015616733140123342,3.2873152690863208e-06
1-2B-rep2,0.5814356546977361,0.3395004512601607,3.9702944999419985e-07,2.588761647861159e-06,0.0790554367258026,4.012490051351174e-06,1.4590351514957814e-06
1-2C-rep2,0.7824387283535592,0.11384779904093117,3.738315184801907e-07,5.724870669207156e-05,2.7131137696563313e-06,0.10365176316796712,1.373785562274061e-06
1-3A-rep1,1.9479554180651904e-05,0.9999568973674365,8.271655951160166e-07,5.393389757605834e-06,6.003224059381066e-06,8.359565571953105e-06,3.039733398617725e-06
1-3A-rep2,0.038533803738534815,0.9614485424103232,6.181522174766366e-07,4.0305542905374526e-06,4.4862918455826465e-06,6.247218242581014e-06,2.2716345457160756e-06
1-3B-rep2,0.05394188387905735,0.16483802205558476,0.7812061507238587,3.2989192373666184e-06,3.671930312061395e-06,5.113209488050358e-06,1.859282461651215e-06
1-3C-rep1,0.06569503923673109,0.9338419321074709,7.52843959677968e-07,0.0004464369224748295,5.463828522829932e-06,7.608450452408003e-06,2.766610388165096e-06
1-3C-rep2,1.4623608012870192e-05,8.189378530346037e-06,6.20966235291136e-07,4.048902605491622e-06,4.50671481717053e-06,6.275657489304824e-06,0.9999617347723095
1-3C-rep3,0.1324724114271825,0.8671428294172456,3.6473534809956786e-07,0.00037672084756476277,2.647097546061435e-06,3.6861168753275185e-06,1.340358237602006e-06
1-4A-rep1,0.11017436579948181,0.8796128323255429,5.476236410133039e-07,3.5706849437441948e-06,3.9744247543997845e-06,0.006188065882313896,0.00401664325932214
1-4A-rep3,0.16715878633585105,0.830637581514222,3.8345765974192685e-07,2.500269144097487e-06,2.78297630161204e-06,0.002196556286355761,1.4091604657587827e-06
1-4B-rep3,0.7509335832005759,0.23790570054591975,1.6722506399221234e-07,1.0903620178062146e-06,1.2136500035990786e-06,0.01115763048455847,6.145318604938087e-07
1-4C-rep1,1.6022592155883223e-05,0.9999645466268886,6.80371678582165e-07,4.436245492192479e-06,4.937854831369119e-06,6.8760254222247695e-06,2.500283530977539e-06
1-4C-rep2,3.5604622764979656e-06,1.993897354168518e-06,1.5118887580870737e-07,9.85800834881501e-07,1.0972660155652472e-06,1.5279568305733212e-06,0.9999906834278126
1-4C-rep3,9.525925558315638e-05,0.9998961529847407,3.0070167944004324e-07,1.9606731319130013e-06,2.182367795964204e-06,3.0389748095396697e-06,1.1050422592662804e-06
1-5A-rep1,0.09189478146169196,0.8787754481560826,7.088694537657882e-07,4.622060291184874e-06,5.144679837911085e-06,7.164031864597245e-06,0.02931213074077791
1-5A-rep2,0.003237944963397038,2.5966810559018576e-06,1.9689543639486096e-07,1.2838225335308214e-06,1.428985233340342e-06,1.9898800446726787e-06,0.9967545587722992
1-5A-rep3,0.10297746031597242,0.8762478430355085,3.2483349420481786e-07,2.1180204434468205e-06,2.3575064765957446e-06,3.2828576415717065e-06,0.020766613430463175
1-5B-rep1,0.08849306314126482,0.9114829353660994,8.404158263422894e-07,5.479785591527898e-06,6.099388729864932e-06,8.493476094143079e-06,3.088426393872514e-06
1-5B-rep2,0.004374519022011049,2.868734896241396e-06,2.17524138366096e-07,1.4183284058510518e-06,1.5786997774639409e-06,2.1983594444579546e-06,0.9956171993313265
1-5B-rep3,0.07463719347741948,0.9228915315676093,4.0915270819675205e-07,2.6678092497011325e-06,2.969460282572749e-06,4.135011070707327e-06,0.002461093521660034
1-5C-rep1,0.707050008520912,0.29293030341341375,6.893805411936463e-07,4.49498621789883e-06,5.003237411467022e-06,6.9670714935000506e-06,2.533390010170302e-06
1-5C-rep2,5.127384387214143e-06,0.1862731681152438,2.177255145937135e-07,1.4196414446063751e-06,1.5801612824174334e-06,2.2003946086250096e-06,0.8137162865775187
1-5C-rep3,0.806142200772449,0.19379453783665704,3.611240009753263e-07,2.354646396786832e-06,5.556891392508257e-05,3.649619596830403e-06,1.3270869742269626e-06
1-6A-rep1,0.938275706736814,0.06164741606322145,6.478292888237124e-05,2.8614391706178223e-06,3.1849840722680675e-06,4.4351306788466245e-06,1.6127171604414346e-06
1-6A-rep2,0.037926602387583074,3.9430904157940765e-06,0.0026305575746426186,1.949499464341292e-06,2.1699307140894115e-06,3.0216560154337575e-06,0.9594317558611646
1-6A-rep3,8.725686610138046e-06,4.886478803637412e-06,0.9999761766157292,2.4159191917205344e-06,2.689088841911417e-06,3.7445902868872063e-06,1.361620536524027e-06
1-6B-rep1,0.9174259414548495,0.08243803187743427,7.765003865855032e-07,0.0001189135765187473,5.635517035999277e-06,7.847528882530474e-06,2.8535448924377357e-06
1-6B-rep2,0.9316636590773522,0.06795559583019288,2.8242258196774144e-07,1.8414874480940756e-06,2.049705704627943e-06,2.854241166339245e-06,0.0003737172355538568
1-6C-rep2,0.843381130620079,0.15661122797550067,2.6756490972041975e-07,1.744610573869961e-06,1.9418748953822927e-06,2.704085398097152e-06,9.832686431562967e-07
1-7A-rep1,0.0694589156788879,0.9276735032744928,9.684631362049507e-07,6.314695860499366e-06,7.028702879105793e-06,9.787557822674089e-06,0.002843481626920762
1-7A-rep2,0.19784623615560573,0.7995305950286058,2.7442266505797795e-07,1.7893253777933099e-06,1.991645633042149e-06,2.7733917809535234e-06,0.0026163400303315537
1-7B-rep2,0.13556298275769516,0.8523052752375894,3.7921489161402173e-07,2.4726049105993195e-06,0.011178455432482918,3.832451169422582e-06,0.0009466023012608308
1-7C-rep1,0.37060441897977303,0.6293766101082665,6.64269297484243e-07,4.3312527098531475e-06,4.820990442677021e-06,6.7132902801353805e-06,2.441109230317996e-06
1-7C-rep2,0.4936153340894467,0.5063760032935252,3.033228207275788e-07,1.9777638289353425e-06,2.2013909498928484e-06,3.0654647924353363e-06,1.1146746360977906e-06
1-8A-rep1,0.9985227578222438,1.1426640069992312e-06,8.664342037673706e-08,5.649433907587603e-07,6.288219298092806e-07,8.756425053148422e-07,0.0014739434625029972
1-8A-rep2,0.9992685502468212,1.8646066693597085e-06,1.4138530530498235e-07,9.218783542380197e-07,1.026115775923636e-06,1.4288792202990928e-06,0.0007260668878538054
1-8B-rep1,0.9992683263699562,6.399028295935801e-06,4.852114840856924e-07,3.163737302412165e-06,3.5214632624349828e-06,7.604542361836509e-05,0.0006420587660805432
1-8B-rep2,0.9999944173187907,1.7635937043481468e-06,1.3372591572292888e-07,8.719366332993412e-07,9.70527110134524e-07,1.3514712988014274e-06,4.914265470950982e-07
1-8C-rep1,0.9702808054077016,0.00027570248126325506,8.997292896617216e-07,5.866528738781607e-06,6.5298611916632135e-06,0.0005367663975222726,0.028893429594292794
1-8C-rep2,0.059366215713024584,4.430818633787972e-06,0.9405708344342671,2.190636694143249e-06,2.438333496869607e-06,5.265541335339211e-05,1.234650530129815e-06
1-9A-rep1,0.7382897160030878,0.2613786339233592,4.3543093851589965e-07,2.8391518914745967e-06,3.1601767550920605e-06,4.400586175335548e-06,0.00032081472779261485
1-9A-rep2,0.779545570034575,0.21970720082239634,1.8075554460802497e-07,0.0001601929279891827,1.3118486076602676e-06,1.8267658091279098e-06,0.0005837168450780645
1-9B-rep2,0.31783861137059566,0.6754016151560145,2.932922547154059e-07,1.912361263460584e-06,2.1285932712067075e-06,2.9640931024162382e-06,0.006752475133498084
1-9C-rep1,0.24364066284633415,0.7490355139950876,7.116059887281195e-07,4.639903392644016e-06,5.1645404711654215e-06,7.1916880480659745e-06,0.007306115420677578
1-9C-rep2,0.37427588700665554,0.6169163761777882,2.231537914202103e-07,1.4550355818992477e-06,1.6195574592388782e-06,2.2552542840536625e-06,0.008802183814439611
2-10A-rep1,0.026019931243521633,0.9165561426810347,3.3728294841921324e-07,2.1991949497901185e-06,2.4478594403883686e-06,0.05741770226411202,1.239473993052555e-06
2-10A-rep2,0.20577542896082446,0.7682153997567008,3.6114312279079426e-07,2.354771077267138e-06,2.6210266679595446e-06,0.02600250718436205,1.3271572445833017e-06
2-10C-rep1,0.8588600130771661,1.1094443152102212e-05,8.412451044098132e-07,5.485192755295345e-06,0.01863096114404172,0.11989830169891073,0.0025933031988697114
2-10C-rep2,2.031913854935304e-06,1.1378937184636597e-06,0.99999445234894,5.625849170834927e-07,6.261967818880097e-07,8.719869535701679e-07,3.1707483398648467e-07
2-11B-rep1,0.8244335223845849,0.03344181132821228,1.1028766662696278e-07,7.191115963819541e-07,0.11765652400768263,0.024466907586437412,4.0529381986030916e-07
2-11B-rep2,0.8385558810068646,0.01804684474802954,4.0344093680316974e-07,2.6305666352671847e-06,0.10884359810576523,0.03454915953517946,1.4825965891366798e-06
2-11C-rep2,0.5673427717820421,0.06306025793522924,5.137953812360459e-07,3.350113644747284e-06,0.32800236733915966,0.04158885089873368,1.8881358093474385e-06
2-12A-rep2,0.0895240032319118,0.7850277699364766,4.979648759207826e-07,3.246893581280923e-06,0.1254376194409951,5.032571539928969e-06,1.829960619267087e-06
2-12B-rep2,0.0554901419145092,0.7863105317429823,4.851079498127373e-07,3.163062225147571e-06,0.1581889928234921,4.902635868657624e-06,1.7827129726955391e-06
2-12C-rep2,0.2251355369525668,0.10941185873420539,5.251089353294324e-07,3.42388171141939e-06,0.6654414187138763,5.3068969541572675e-06,1.929711750655674e-06
2-1A-rep1,0.4784145165988169,0.4299079995789661,9.343653364216949e-07,6.092367072655969e-06,0.08398576467518588,9.442955974107748e-06,0.007675249458647905
2-1A-rep2,0.6061444782553991,0.33688414009133905,6.013120186182763e-07,3.920750695495535e-06,0.05695857281518465,6.0770265089881194e-06,2.2097488541310163e-06
2-1B-rep1,0.15245681531096214,0.6732058078657672,6.813232050296932e-07,0.006797347024538845,0.037365919921924236,6.885641813160908e-06,0.1301665429117893
2-1B-rep2,0.16245307464638636,0.6827107396406639,3.5590409680602494e-07,2.320610917254532e-06,0.02332824245003108,3.5968657934321055e-06,0.1315016698821111
2-1C-rep1,1.2690577408079405e-05,0.9182744149750383,5.388834321755806e-07,0.008220670815521539,0.02971209442432706,5.446105850520863e-06,0.043774144218422247
2-1C-rep2,6.58202885445822e-06,0.9259354800460673,2.7949447733646866e-07,1.822395249844111e-06,0.017377336295961637,2.824648926513033e-06,0.05667567509046289
2-2A-rep1,0.31927650015571435,0.11569418581434913,7.319191617878783e-07,4.772351913438225e-06,5.31196503760621e-06,0.5650158080795339,2.6897142897521656e-06
2-2A-rep2,0.371984640822944,0.13655648932083264,5.10870501357053e-07,3.3310424729350963e-06,3.7076857440432767e-06,0.4899513655044134,0.0014999547530915637
2-2B-rep1,0.2821637259507965,0.0015427846497543616,8.703370476533727e-07,5.674881724040058e-06,0.07350903039264475,0.6427747154047737,3.198383258959457e-06
2-2B-rep2,0.28681418802259057,6.3399427674134875e-06,4.807312762078014e-07,3.1345248842177483e-06,0.09755452551940344,0.6156195646298509,1.7666292271791335e-06
2-2C-rep1,0.8613699195156446,8.917670043191276e-06,6.761895269304447e-07,4.4089764979108935e-06,4.907502513086265e-06,0.13860868523114428,2.4849146300840782e-06
2-2C-rep2,0.013145651758579055,5.877988091222252e-06,0.9868361870888568,2.9061303259348624e-06,3.23472848735738e-06,4.50440040718997e-06,1.6379052524476618e-06
2-3A-rep1,0.3360874551709053,0.5232553699778334,8.533494332847583e-07,0.14063836810379857,6.19325547290895e-06,8.624186723255104e-06,3.1359558332251053e-06
2-3A-rep2,0.25693292150404295,0.6063838027381367,2.5518146682062845e-07,0.13660282243078994,1.8520010142719792e-06,7.740838355925715e-05,9.377609900398836e-07
2-3B-rep1,0.2806633230112316,0.6686957675272622,9.355188034084697e-07,0.0039839090088623665,0.0466431724022897,9.454613232301223e-06,3.4379183183468353e-06
2-3B-rep2,0.35272178182262615,0.6005186347711446,4.897408159686651e-07,3.1932700251591698e-06,0.0467491512002906,4.949456902614107e-06,1.7997381948138798e-06
2-3C-rep1,0.6246649178439942,0.33979488762392007,6.786115910407041e-07,0.03552523878673668,4.925080847613142e-06,6.858237487980288e-06,2.493815422395823e-06
2-3C-rep2,0.6016657440097968,0.37032497732919356,3.6304625925402676e-07,0.028001277578394806,2.63483884132824e-06,3.6690464736515698e-06,1.3341510406303962e-06
2-4A-rep1,0.9410517198898505,0.024664940903780356,6.182642884152991e-07,4.031285029649761e-06,0.03200392044004783,0.002272497170610389,2.272046392844726e-06
2-4A-rep2,0.9089343974500519,0.04583151938245213,2.411768910012612e-07,1.572552075881467e-06,0.044132743195562076,0.0005682193601508206,0.0005313068828161184
2-4B-rep2,0.4183573968696861,0.38446981846101685,4.026074030619931e-07,6.165545704561566e-05,2.92195717860786e-06,0.19710632511421622,1.479533453572423e-06
2-4C-rep2,0.27611748339418757,0.043007555210927834,5.936702923394802e-07,9.09149035268952e-05,4.308612209399604e-06,0.6807769625424205,2.1816664354111067e-06
2-5A-rep1,0.08576967601579888,0.9142164845186349,4.845909405049261e-07,3.159691155652176e-06,3.516959615068668e-06,4.897410828791996e-06,1.7808130260952103e-06
2-5A-rep2,5.536123566040136e-05,0.9971210590407089,3.253293180457071e-07,2.1212533767806275e-06,2.361104959932595e-06,3.2878685752160996e-06,0.002815484167400706
2-5B-rep1,0.3278592347939585,0.6570153753446198,3.3043612157003417e-07,2.1545514031792564e-06,2.3981680171544955e-06,3.339479352038491e-06,0.015117167226527688
2-5B-rep2,1.0296366044866824e-05,0.07212371481761033,0.9163791725574509,2.85080010825416e-06,3.1731420437811176e-06,4.418640504123444e-06,0.011476373676237632
2-5C-rep1,0.15571782882806762,0.8442716437633605,3.686187733562954e-07,2.403514759825355e-06,2.6752818323417712e-06,3.7253638511073066e-06,1.354629355167352e-06
2-5C-rep2,0.09925392689187361,0.9007205058443529,8.952415350811689e-07,5.837267113621765e-06,6.497290934353619e-06,9.047559955872342e-06,3.289904234513462e-06
2-6A-rep2,0.36802777232545386,0.6319547056343923,6.135368361704329e-07,4.000460497455025e-06,4.452795326549195e-06,6.200573915379076e-06,2.2546735783031894e-06
2-6B-rep2,0.6050567874145308,0.2738589951142302,4.27408558170428e-07,2.786843352238488e-06,0.12107511303486496,4.319509768220583e-06,1.5706746953655301e-06
2-6C-rep2,0.4633250196180465,0.48546342503372547,3.803993138601211e-07,2.4803277303690376e-06,0.051203452278498686,3.844421270076682e-06,1.3979214149854654e-06
2-7A-rep1,0.09101649308458151,0.8490970471526996,7.806777741517064e-07,5.090273986201974e-06,5.665834778529747e-06,0.05907081287466997,0.0008041101015099784
2-7A-rep2,0.08624345531287217,0.8500437046411136,4.506804994788325e-07,2.938584008079896e-06,3.2708517297382638e-06,0.0613917655218076,0.0023144144079693357
2-7B-rep1,1.6787929646603764e-05,0.858023186859787,7.128704121314803e-07,0.07985877557803757,0.06000029039897607,0.002097626650699093,2.619712441422945e-06
2-7B-rep2,9.498691180837253e-06,0.8948897871087093,4.0334550116267406e-07,0.040394256395971675,0.0647004958909411,4.076321821205269e-06,1.482245874714385e-06
2-7C-rep2,0.4789443301716404,0.4859668356791329,3.5762096599494565e-07,2.3318054649404465e-06,0.03508121629209989,3.614216950985069e-06,1.3142137448648352e-06
2-8A-rep2,0.01919318331021556,5.477780268187183e-06,0.9807898920547529,2.708263968747884e-06,3.014489244619202e-06,4.197714470937089e-06,1.5263870790102806e-06
2-8B-rep2,0.8692549716660911,0.12901273774056818,3.1764739623858506e-07,0.0015389961115764397,0.00014202580247717105,4.978371617430181e-05,1.1673157165040906e-06
2-8C-rep1,0.999966582686509,1.0556677244960084e-05,8.004685705631282e-07,5.219316440688072e-06,5.8094681523945e-06,8.089758016315335e-06,2.941625066191556e-06
2-8C-rep2,0.9935901066225604,4.958127083960973e-06,3.7595398698613697e-07,2.4513427477090745e-06,2.7285177638207503e-06,0.006397997850479942,1.381585377018694e-06
2-9A-rep1,1.2594055568294563e-05,0.9247767662600951,5.347847991007732e-07,3.4869715024702604e-06,8.22914300611769e-05,0.07512236122859547,1.965269378342177e-06
2-9A-rep2,3.531099773998615e-05,0.92709252369469,2.07504451033778e-07,0.00012305026470422228,1.5059810517142189e-06,0.07274663900363279,7.625537303455452e-07
2-9B-rep1,0.2273399302464232,0.7634166623903722,7.577790258778763e-07,4.940966670797073e-06,5.49964518193768e-06,7.658325604062826e-06,0.009224550646721879
2-9B-rep2,0.35498238386661624,0.6392815150767339,2.810608892428134e-07,1.8326087669218936e-06,2.039823104848602e-06,2.8404795209201183e-06,0.005729107084367877
2-9C-rep1,1.331440519408113e-05,0.999970539063186,5.653732007335567e-07,3.6864178685206385e-06,4.103243680845942e-06,5.7138188194278965e-06,2.077678050320928e-06
2-9C-rep2,3.838536670774716e-06,0.99999150642596,1.6299682427073712e-07,1.0627925142616334e-06,1.1829631972634854e-06,1.6472912419915518e-06,5.989935915249118e-07
3-10A-rep2,0.0790867224370491,0.13888230461896744,5.40934946381378e-07,3.5270724708215e-06,3.925880989067525e-06,0.5869136696951446,0.1951093093604326
3-10B-rep1,0.17852667582466278,0.2255267271659304,0.003607060014396109,5.727505120280012e-06,6.3751180766799075e-06,0.592324206329824,3.2280419897926407e-06
3-10B-rep2,0.1947034414632381,0.2214682784570336,5.852143542329682e-07,3.815788667662498e-06,4.247242525523269e-06,0.583817481242294,2.150591886819172e-06
3-10C-rep1,0.15919428765375704,0.07927289563723447,7.395379913802846e-07,4.82202917000118e-06,5.367259335850134e-06,0.7615191701699453,2.7177125659222063e-06
3-10C-rep2,0.1824763238949855,0.0820343282639377,5.55563806536568e-07,3.6224574154955874e-06,4.032051175259373e-06,0.7354790961389649,2.041629714489684e-06
3-11A-rep2,0.11783537214294088,0.002189242459959208,7.079864432604178e-07,4.616302774378513e-06,0.12156081826943722,0.7584066410739978,2.601764447233105e-06
3-11B-rep2,0.04496220855715097,0.011034953106934548,6.373296771120996e-07,4.155597588983997e-06,0.6071188786171371,0.3368768246821236,2.3421093876325653e-06
3-12A-rep2,0.026017705084581885,1.003460006840708e-06,7.608816473730181e-08,4.961196775980883e-07,0.9672860394743228,7.689681559855392e-07,0.006693910805090204
3-12B-rep2,0.3706275396828866,0.04173999987742074,6.776676182785623e-07,4.4186141361115305e-06,0.5876180251140647,6.848697436689645e-06,2.490346436802841e-06
3-12C-rep2,0.3869420425871404,2.3275684438501716e-06,1.764897554319078e-07,1.1507708310030733e-06,0.6130518703507926,1.7836545572281282e-06,6.485784796513428e-07
3-1A-rep1,1.9322545012414924e-05,0.058717973731928115,0.6605765921426116,0.21883385631398547,5.954836852591711e-06,8.292185773365183e-06,0.0618380082438364
3-1A-rep2,0.22683903973873146,0.09465142420237099,4.3763820629955463e-07,0.6007942061349314,0.00019567582854568294,6.858943755699215e-05,0.07745062701965708
3-1B-rep1,1.431727787741703e-05,0.03423735960529036,0.7896822193757761,0.09092565317733654,0.012662137653619747,9.528310812226441e-05,0.07238302980197758
3-1B-rep2,0.17168760654314932,0.22430766868589513,3.9397916067474963e-07,0.33186394061352276,0.0699565792983495,3.981662979081811e-06,0.2021798292169435
3-1C-rep1,1.594148882280695e-05,8.927406026771857e-06,0.873014196052498,0.09568256663637727,4.91286034351256e-06,0.00010609241617984283,0.031167363139751804
3-1C-rep2,0.36834987994274115,0.04192519160703681,5.740819058960043e-07,0.40992103648061734,0.06439569198347908,5.801831416037499e-06,0.11540182407280375
3-2A-rep1,2.193796330718553e-05,1.2285496544304773e-05,0.6205068267830839,6.0740602945229905e-06,0.05300176137520237,0.3160672269411265,0.010383887380441156
3-2A-rep2,0.10713732985522886,0.052069935576831,3.7183421178983344e-07,2.424480468283314e-06,0.09944418340357819,0.7095056673981184,0.03184008745156349
3-2B-rep2,0.3059604085747623,7.014854739557254e-06,5.31907021100048e-07,3.468207450283591e-06,0.0613026203600819,0.6327240014020522,1.9546938926664404e-06
3-2C-rep2,0.14808680562479998,0.1725945656383053,6.124349821820217e-07,0.11350520129193004,0.008355403932608117,0.5560184363008762,0.0014389747764980733
3-3A-rep2,0.46681076551327566,0.0645231834886263,2.5290107087231885e-07,0.46866047737680355,1.8354508483769782e-06,2.5558885641003763e-06,9.293808110683719e-07
3-3B-rep1,1.895764360851046e-05,0.02975409545146823,0.6540032532238763,0.1118973840445133,0.2043152157559824,8.135589930105743e-06,2.9582906211025294e-06
3-3B-rep2,0.05256850923386948,0.24027653076906846,4.985472720206217e-07,0.3057681504143622,0.4013794404771765,5.038457396901504e-06,1.832100854410278e-06
3-3C-rep1,0.02235800423555827,0.014125893783365763,0.6317325984416451,5.4582631226509395e-06,6.075432700579781e-06,0.3317688935473527,3.0762962548678664e-06
3-3C-rep2,0.15860151469257291,0.03895691957559985,2.919489186851613e-07,1.903602273931374e-06,2.118843896687006e-06,0.8024361784598146,1.0728769233845415e-06
3-4A-rep1,1.860842453659058e-05,0.00012627637059366397,0.9168808352808703,5.15219626538034e-06,5.734758652546279e-06,0.08296048917318175,2.9037958997909137e-06
3-4A-rep2,0.4009409175381627,6.94713042646868e-06,5.26771770411555e-07,3.434723939086329e-06,0.011357414169637052,0.5876888238435961,1.9358224682258507e-06
3-4A2-rep1,0.36093445010814773,0.008766128722497856,4.4257959807484437e-07,0.010255671872654427,0.010775126578514004,0.609266553712158,1.6264264299172417e-06
3-4B-rep1,0.2372845332296425,0.16185396666896643,8.243662007054562e-07,0.5672418531221849,0.033607461892928854,8.331274113416853e-06,3.02944596314419e-06
3-4B-rep2,0.3051017084071925,0.1340388328009456,8.068128943293503e-07,0.5464096922324466,0.01443784093131622,8.153875516906006e-06,2.9649396877832876e-06
3-4B2-rep1,0.1523282295386446,0.18355610484599771,6.26556699356968e-07,0.6178933664060697,0.046121172189659054,9.819794293061381e-05,2.302519998907752e-06
3-4C-rep2,0.12681703031645747,9.153624564803037e-06,0.598996545739817,0.06167484267587038,5.03735116213646e-06,0.21249483962861526,2.5506635129142096e-06
3-4C2-rep1,0.308852972916664,0.08192959986044455,4.779687326269056e-07,0.09391006014743204,3.4688983829595403e-06,0.5153016637311297,1.756477214042262e-06
3-5A-rep1,1.0793145130993132e-05,0.9198763713793439,4.583122505092514e-07,0.005983590223815037,0.04905770119663598,0.025069401500801055,1.6842420225096827e-06
3-5A-rep2,8.255238638254056e-06,0.9268440162145032,3.5054443842552206e-07,0.011772164277896595,0.04733904280983772,0.014034882706322768,1.288208362960624e-06
3-5B-rep1,0.26011055850627457,0.324861933437203,7.216960108358947e-07,4.705693631275083e-06,0.3824210781795099,0.03259835034192245,2.6521454479490964e-06
3-5B-rep2,0.2903698409488371,0.3347473309764227,5.00339364913589e-07,3.2623760248073047e-06,0.34193362334407656,0.03294360332869507,1.8386865787831759e-06
3-6A-rep2,1.8753998989260043e-05,0.2693799602717127,7.963561481383611e-07,5.192502103733478e-06,0.6834125575484842,0.04717981281015023,2.9265124117634715e-06
3-6C-rep2,0.13446041414980797,0.2213042408177837,5.989358016520546e-07,3.905256985018285e-06,0.35399067798524864,0.2902379618378285,2.2010165445218706e-06
3-7A-rep2,0.07263732316992604,0.23506978614525725,8.89172453337903e-07,0.4486107800508602,0.056326520776131844,0.18735143308427735,3.2676010940263883e-06
3-7B-rep2,1.9498472234352034e-05,0.08668827742396293,8.279689175638604e-07,0.913273976710962,6.009054239788485e-06,8.367684172046994e-06,3.0426855113373404e-06
3-7C-rep2,0.6498794370907927,6.657633349994959e-06,5.048204209850338e-07,3.2915939735006346e-06,0.0985940481565105,0.2515142055510351,1.8551539172240822e-06
3-8A-rep1,0.7381526568996133,0.0011741187250087276,5.683412998843245e-07,3.7057708440963033e-06,0.1284160257863818,0.13225083589139686,2.0885854552858707e-06
3-8A-rep2,0.8035276655891582,5.6455609642755035e-06,4.28079215669693e-07,0.00012832122476066392,0.08894111784506618,0.10739524856155451,1.57313928046383e-06
3-8B-rep1,1.0919351178781613e-05,0.14249959111324104,4.6367137216358003e-07,0.857479270802126,3.3651340837359474e-06,4.685991852568851e-06,1.7039361456406543e-06
3-9A-rep2,0.10179655568399543,0.3024112819213007,1.350712669733303e-07,8.807087627219625e-07,0.050541192831566495,0.5452494574125578,4.963705500285661e-07
4-10A-rep1,0.05100719803122754,5.684091261592945e-06,4.310008065549111e-07,2.810265984608648e-06,3.1280246988031265e-06,0.9489791647102477,1.5838757731846725e-06
4-10A-rep2,0.0006984929954326422,4.773922056444736e-06,3.619864921347755e-07,2.360270120758024e-06,2.627147492092737e-06,0.9992900534218812,1.3302565247968488e-06
4-10B-rep1,0.21118596182458327,4.771389665973703e-06,3.6179447158385614e-07,2.35901808406949e-06,2.6257538867518223e-06,0.7888025906684357,1.329550872524442e-06
4-10B-rep2,0.147070797356169,5.873765797183639e-06,4.453830312695099e-07,2.9040427856812594e-06,3.232404907486728e-06,0.8529151103186019,1.6367287074332974e-06
4-10C-rep1,0.05957766509763313,7.10573763596837e-06,5.387982900562506e-07,3.5131407739430173e-06,3.910374025608975e-06,0.9403262881905631,8.097866107810157e-05
4-10C-rep2,0.04898884415235413,5.662620856537935e-06,4.2937279576657325e-07,2.7996508227076484e-06,3.116209273220646e-06,0.9509975701008669,1.5778930306771987e-06
4-11A-rep1,0.13338804197506934,3.5974078880013814e-06,2.72776355951941e-07,0.07607129515265729,0.02839806632140388,0.7621377239465486,1.0024200769908167e-06
4-11A-rep2,0.08590215694451667,3.622180186509549e-06,2.7465473547575025e-07,0.07047410943127076,0.024888789267217826,0.8187300381991784,1.009322894283407e-06
4-11B-rep1,1.4332608995286602e-05,8.026415935557292e-06,6.086094650424213e-07,3.96833242886676e-06,0.06246847037729834,0.9375023570897907,2.236566086074743e-06
4-11B-rep2,0.00021741324464306304,3.789429723085597e-06,2.8733656654473463e-07,1.873528231998864e-06,0.05847756388566735,0.9412980166480802,1.055927087789077e-06
4-11C-rep1,0.11649682936188639,6.300419280120543e-06,4.777343758912594e-07,0.03978892904040402,0.008549011765947327,0.8351566960621247,1.755615981417572e-06
4-11C-rep2,0.10766223647638883,7.42543421281754e-06,5.630395409675214e-07,0.02237550615155098,4.086306948302191e-06,0.8699481134892247,2.0691021332691157e-06
4-12A-rep1,0.11564154878696822,2.4949095866832344e-06,1.8917853261924985e-07,1.2335058012712148e-06,0.6699143224857737,0.21443951592513838,6.952081993008556e-07
4-12C-rep1,0.05684070310034473,0.0002322059943819108,3.872239969817284e-07,2.5248268926459936e-06,0.9429188424596687,3.913393415919953e-06,1.42300129904039e-06
4-12C-rep2,0.008673597983290033,5.497399228477868e-07,4.1684473249718653e-08,2.717963759659202e-07,0.9905548800109306,4.212748807745967e-07,0.0007702375101265249
4-1A-rep1,0.17283819707591863,4.961162836670614e-07,3.761841753849752e-08,0.8271604777452227,2.730188375536536e-07,3.801821908248895e-07,1.3824312915103682e-07
4-1A-rep2,0.18792500639031662,3.817251263289592e-06,2.894461572806443e-07,0.811895042866905,2.100679894742051e-06,0.0001726796858848625,1.0636795782882253e-06
4-1B-rep1,0.24494594568072844,6.59844021698625e-07,5.003320539101328e-08,0.6991896262229228,0.02310836004573295,0.014224761534757921,0.01853059663863079
4-1B-rep2,0.3384968534581573,6.965421628245954e-06,5.281587155459746e-07,0.6409632942913338,0.00015871049132615598,5.337718881291041e-06,0.020368310459957656
4-1C-rep1,0.046075199445604446,0.00859704581770911,4.155848899136216e-07,0.9337413095535065,3.0161423837928876e-06,4.200016488184038e-06,0.011578813439417947
4-1C-rep2,0.056619585986354665,0.0014671705225777266,1.265219523238871e-07,0.9343603375394155,9.182437382735819e-07,1.2786660409814458e-06,0.00755058251992064
4-2A-rep1,0.1955210214093152,5.2369874375684015e-06,3.9709879831826655e-07,2.589213821576962e-06,2.881978015153266e-06,0.8044664140226139,1.4592899981891743e-06
4-2A-rep2,0.0940975901657205,9.638158935634935e-06,7.308211785816617e-07,4.765192704431713e-06,5.3039963318968875e-06,0.9058792859857944,2.6856793344266964e-06
4-2B-rep1,0.32573011054860657,4.470235113157689e-06,3.3895918460695243e-07,2.210124557041267e-06,0.00790447686561245,0.666357147632968,1.2456339580631013e-06
4-2B-rep2,0.31723072053213625,1.241607703576691e-05,9.414590601002693e-07,6.138620467208655e-06,0.010221555370889965,0.6725247681923683,3.4597480423694996e-06
4-2C-rep1,0.026626823800248958,0.3418269100566419,3.3496387862963444e-07,0.12312703877613691,2.431028595829087e-06,0.5084152304228053,1.2309516923974855e-06
4-2C-rep2,4.872154407279185e-05,0.3205972532743511,2.863112883636875e-07,0.09886236693437812,4.405690924970754e-05,0.5804462628673452,1.0521593146270831e-06
4-3A-rep1,0.19381573604533608,3.5446704595155252e-06,7.908512820907074e-05,0.7411118982543548,0.06498603183673153,2.716340151324794e-06,9.877247578140802e-07
4-3B-rep1,0.32728016160553264,7.634034265849938e-06,5.788568083136415e-07,0.6065841393542383,0.05601973781854571,5.85008790796076e-06,0.010101898242701253
4-3B-rep2,0.2623756063443596,3.6312464414116553e-06,2.75342191569505e-07,0.6716489847950474,0.058741354013395086,2.7826847716359777e-06,0.007227365573793303
4-3C-rep1,0.16774446839113108,0.017819382472918387,3.659683260898018e-07,0.8071842129765784,2.656045987799539e-06,3.69857769383713e-06,0.007245215567364312
4-4B-rep1,0.0618546996010736,0.013740812724669161,6.361942423847838e-08,0.7086118081437819,4.617233362792813e-07,0.21579192039403455,2.3379368025021497e-07
4-4C-rep1,0.1919083084515272,0.03217599880544237,5.850637515056732e-07,0.6938093406797043,4.246149513529971e-06,0.08209937081162094,2.150038440033203e-06
4-4C-rep2,0.1596239109258378,0.042211493650822995,7.842685643788049e-07,0.6728087438910924,5.691895241405363e-06,0.1253464932764359,2.8820920051611413e-06
4-5A-rep1,0.0594121040237723,8.548164285713228e-06,6.481714547056349e-07,4.226289518837549e-06,0.9405655407983575,6.5506010035632675e-06,2.381951607432377e-06
4-5A-rep2,2.200599681104223e-05,4.7574341186302634e-07,3.60736280945437e-08,2.3521183355976692e-07,0.9999661716022819,1.0942805818571697e-05,1.3256621500670528e-07
4-5B-rep1,0.2119511157427439,4.5153403927861505e-06,3.4237932883143195e-07,0.00858637786015775,0.7793023312513545,0.0001540592234483225,1.2582025739347294e-06
4-5B-rep2,0.15914772024471646,2.4452615955235204e-06,1.8541393362727815e-07,0.0002458775935024482,0.8406012162677139,1.8738447842400834e-06,6.813737538695343e-07
4-5C-rep1,0.051054135880676296,4.2162712142764e-06,0.8047929689877397,2.084562514931362e-06,0.038533367950959796,0.10561205148014471,1.1748667503971099e-06
4-5C-rep2,0.05351084458742493,1.3542358122808187e-06,0.7760529548280322,6.695463994582481e-07,0.05448780067786682,0.11594599876576353,3.773587008962877e-07
4-6A-rep1,0.202209216147998,0.055011782907034255,5.52503455279018e-07,3.6025029260625115e-06,0.055656571023469596,0.6871162445318225,2.030383294203342e-06
4-6A-rep2,0.1823535879105656,0.07470224271249314,3.0004025717930127e-07,0.01082396948956939,0.054860105909016264,0.6772586913264859,1.102611612551236e-06
4-6B-rep1,0.3410899869230216,5.996727841280989e-06,4.5470672748453976e-07,0.522755627890589,0.13614166736699856,4.595392660017586e-06,1.6709921619951576e-06
4-6B-rep2,0.2423582572857706,2.3523431208199745e-06,1.7836831530448982e-07,0.5588251065528422,0.15254809640576858,0.04626535356222291,6.554819597038342e-07
4-6C-rep1,0.10824619250700242,0.027167249561587687,3.134719448530382e-07,2.0439394320190823e-06,0.09353347632072279,0.771049572227872,1.1519714382774665e-06
4-7A-rep1,0.35115725836179207,3.092954646708743e-06,2.3452578187417095e-07,0.21247377484032065,0.06000559732758757,0.376359180136022,8.618538491072802e-07
4-7B-rep1,0.058545516158067405,0.03453296304765419,5.785621858466956e-07,0.9069087700118951,4.198963852499007e-06,5.847110371363558e-06,2.1261459735263866e-06
4-7B-rep2,0.019568323285055707,0.036763653707350054,2.4436545613054773e-07,0.9435909797402993,1.7735029046013172e-06,7.412738547381502e-05,8.98013460490092e-07
4-7C-rep1,0.037183506257566,0.0009552475140708231,3.6015146620565137e-07,0.9445331269455767,2.6138296366689254e-06,0.01732382178865699,1.3235130267149372e-06
4-7C-rep2,0.035232191628844604,1.4718134611769963e-06,1.1160144333922706e-07,0.9125985968115995,0.010604041313098365,0.041563176709762895,4.101217901895584e-07
4-8A-rep1,0.296481786090073,0.00010343565783994399,6.472487859278142e-07,4.2202734171460095e-06,0.06728855769496002,0.6361189744740126,2.3785609114020253e-06
4-8A-rep2,0.306374711042947,0.00012226757234733743,7.650895195408579e-07,0.0011267634169464665,0.04353041430034377,0.648842266966558,2.811611337817479e-06
4-8B-rep1,0.0864505822443195,5.003357806459618e-06,3.793836430174713e-07,2.473705224848752e-06,0.9135363329634405,3.834156618042333e-06,1.3941889476287064e-06
4-8B-rep2,0.055105928922056555,5.756739978804131e-07,4.365094541596341e-08,6.684723056818802e-06,0.9448861654694093,4.4114859544093024e-07,1.6041193860768934e-07
4-8C-rep1,0.2421590399298777,1.1203612607834412e-05,8.495229664824486e-07,5.539167118809779e-06,0.15084483318537972,0.6069754126880184,3.1218940310825114e-06
4-8C-rep2,0.18928090442829604,9.59088507577989e-06,7.272366000116162e-07,4.7418200817559536e-06,0.14395237687713905,0.6667489862463651,2.672506442246857e-06
4-9A-rep1,0.027337545576443145,0.011234241707564159,7.22230971529761e-07,4.7091817496688565e-06,0.016736423353102665,0.944683703838805,2.654111363719403e-06
4-9B-rep1,0.2218878938559152,0.023606305747505413,9.143238391181855e-07,0.02628137371543877,6.63578236506572e-06,0.7282135165455452,3.360029391128277e-06
4-9C-rep1,0.17349858026781623,0.08969241006887504,1.6796222003229616e-07,0.011107706351419985,1.2189999757225304e-06,0.7256746724765388,2.5243873154276067e-05
5-10A-rep1,0.16780059219580654,6.275364320182585e-06,4.7583456333644914e-07,0.07388624613193925,0.0011894906522444077,0.7571151711867259,1.7486344003314295e-06
5-10B-rep1,0.2491109795608025,5.6310701644203316e-06,4.269804390776622e-07,0.06667593920395681,3.098846542809358e-06,0.6842023552366847,1.5691014095415669e-06
5-10B-rep2,0.22135382648586516,0.003116449538108954,7.566860889424339e-07,0.06490797340117872,5.491713099964041e-06,0.7106127214459103,2.78072974795951e-06
5-10C-rep1,0.2652925920778053,6.011958699842341e-06,4.558616196251397e-07,0.08843025791475385,3.308454146111122e-06,0.6462656984967244,1.6752362507632483e-06
5-11A-rep1,0.18831726749949657,8.762171388859305e-06,6.643987159897175e-07,0.05475110449157375,4.821929708394044e-06,0.7569149379242888,2.441584827654023e-06
5-11B-rep1,0.10719419093069162,0.10372529233397576,4.632619477985612e-07,0.12450679405309607,0.03505188758104331,0.6295196694076847,1.7024315606773724e-06
5-11C-rep1,0.23385231122039543,7.707297265870949e-06,5.844120344081006e-07,0.19159889826184634,4.241419621736648e-06,0.5745341097453776,2.1476434586175847e-06
5-11C-rep2,0.10938594942530182,6.879648744402757e-06,5.216549174161398e-07,0.18808021338190262,3.7859545530152043e-06,0.7025207329159275,1.9170186530795028e-06
5-12A-rep1,0.5875351283859191,0.013150021599358035,2.998687637318396e-07,0.05412506007798221,0.1457520484028187,0.19943633968376326,1.1019813948983604e-06
5-12A-rep2,0.5349749519393538,0.030051653201848966,4.985837170123109e-07,0.05651138998950154,0.09094297814044378,0.28751669591034956,1.8322347853415257e-06
5-12B-rep1,0.32025583471147556,0.020587365435426327,5.705759728440373e-07,3.720341641435647e-06,0.16012533989435243,0.49902507224352355,2.0967976078109937e-06
5-12B-rep2,0.24326551213335684,0.0031590396217606154,5.656545405287203e-07,3.68825229584523e-06,0.20054409781409044,0.5501222470351341,0.0029048494888215884
5-12C-rep1,0.08540676488257729,0.005727498313446524,5.573343548690662e-07,0.03473310473008219,0.1765931890033219,0.6975368375999519,2.0481362652117393e-06
5-12C-rep2,0.05866833785776265,0.014288419867960894,4.530755950283782e-07,0.07300949686226085,0.1860072185819753,0.6680244087564975,1.6649979477364418e-06
5-1A-rep1,0.0022188997713842346,3.6182461138194013e-06,2.743564312395118e-07,0.9977714355120694,1.9911649355192973e-06,2.7727224035618406e-06,1.0082266623375944e-06
5-1A-rep2,3.4202013632592127e-06,0.005964253133948619,1.4523293858885635e-07,0.9940291259135156,1.0540402989427397e-06,1.46776447244605e-06,5.337134627148317e-07
5-1B-rep1,0.3414346978136009,3.57183705867747e-06,2.7083742718467223e-07,0.606694237186871,1.9656254668424002e-06,0.04646367388758472,0.005401582811990635
5-1B-rep2,0.30429399710658434,3.0574196915720413e-06,2.3183131522682887e-07,0.6265598910129757,1.6825353200195095e-06,0.06407561074123638,0.005065529352876767
5-1C-rep1,0.1757309552979577,5.103570055458501e-06,3.869823176617443e-07,0.8000844391115272,2.8085568036907903e-06,3.910950937491546e-06,0.024172395530400768
5-1C-rep2,0.12539954171408715,6.411800402027503e-06,4.861799393362482e-07,0.8531982107777274,3.5284919080833252e-06,0.00014748094245186922,0.02124434009348406
