,10_1,10_2,10_3,10_4,10_5,10_6,10_7,10_8,10_9,10_10
1-10A-rep2,1.6762075953442116e-06,3.1314905662835544e-07,4.635918139953931e-07,0.7838204077027083,0.21616930121553213,3.124447320347838e-06,1.6413988756464478e-06,5.950196088141232e-07,9.890263574043494e-07,1.4882411312770344e-06
1-10B-rep1,2.25788497208532e-06,4.2181800807236174e-07,6.244673946767448e-07,0.9999802864960682,5.8512121037603336e-06,4.2086926883522156e-06,2.2109969342781828e-06,8.015032485052115e-07,1.332238175976642e-06,2.0046904061782604e-06
1-10B-rep2,0.0021089430402511087,2.683134843525592e-05,2.1575898805652537e-07,0.9978583402829723,2.021645346375418e-06,1.4541404134475745e-06,7.639189254754948e-07,2.769264357044936e-07,4.603000303126888e-07,6.92638201915322e-07
1-10C-rep1,3.12713975119254e-06,5.842121618771699e-07,8.648787858372342e-07,0.9936614462628791,0.0005429556116702347,0.005782228022905529,3.0622004612398284e-06,1.1100710178321203e-06,1.8451316208128658e-06,2.7764687464147166e-06
1-10C-rep2,0.0055920846431267235,1.2830707489579157e-07,1.8994823180954363e-07,0.9940502067458558,1.7798005188520773e-06,0.00033018594066408,6.725330446113401e-07,2.4379835703348334e-07,2.389850365451066e-05,6.097794716347532e-07
1-11A-rep2,1.6394523358136337e-06,3.062824400588444e-07,4.534263443441516e-07,0.29476843773513584,0.6384852323933625,0.06673932038436903,1.6054068888333855e-06,5.819722391395722e-07,9.673393536287138e-07,1.4556075307754596e-06
1-11B-rep1,3.293053799596026e-06,6.15208219813701e-07,9.107659390039019e-07,0.24986293625702757,0.3554059996521246,0.3947169846219112,3.2246690798404426e-06,1.1689671309699067e-06,1.9430272319474827e-06,2.923777535479147e-06
1-11B-rep2,1.547626127311852e-06,0.8762067048597706,4.280298011654301e-07,6.849844783538273e-06,0.039338272396927894,0.08444184514229573,1.515487575850706e-06,5.493758025088253e-07,9.131583913415696e-07,1.3740785239858746e-06
1-11C-rep1,2.883183373756882e-06,5.386362381880998e-07,7.974073223590384e-07,0.3843556125405713,0.26816970237752397,0.34746235801614145,2.8233101682105565e-06,1.0234714649648828e-06,1.7011880615479394e-06,2.5598691342034767e-06
1-11C-rep2,2.180580819551302e-06,4.0737604843280334e-07,6.030872431954106e-07,0.488135285619495,0.24108481500841794,0.27077057628726037,2.1352981071134704e-06,7.740618464209707e-07,1.286625780110335e-06,1.9360549819389284e-06
1-12A-rep1,2.1129665683568255e-06,3.9474435589364927e-07,5.84387045528814e-07,0.023138452451296733,0.9768485749838669,3.938565098275522e-06,2.0690879573703538e-06,7.500601622574197e-07,1.24673079529268e-06,1.876022853479653e-06
1-12A-rep2,1.4561239845113372e-06,2.7203304253612474e-07,4.0272288543304716e-07,0.01873491648662435,0.9812561436356313,2.714211947337228e-06,1.4258855989063384e-06,5.168944026117941e-07,8.591686401675201e-07,1.292837242837911e-06
1-12B-rep1,3.4971121058192305e-06,6.533303869417259e-07,9.672027196303592e-07,0.121435899239827,0.8785426302294924,6.518609376506912e-06,3.4244898391135842e-06,1.2414036799280745e-06,2.063429408779639e-06,3.1049531639297118e-06
1-12B-rep2,1.451929409277804e-06,2.712494121069428e-07,4.0156278405487963e-07,0.1734410787282543,0.8235203640197877,0.003032349520089582,1.4217781297054714e-06,5.154054137052107e-07,8.566936809347839e-07,1.289113038623517e-06
1-12C-rep1,3.870791361912229e-06,7.231411352357511e-07,1.0705518779719476e-06,0.17267783006901827,0.8272984051953428,7.2151466989795415e-06,3.7904091396268924e-06,1.374052216660632e-06,2.2839144098724375e-06,3.436728798622742e-06
1-12C-rep2,1.4306834482544805e-06,2.672802422558479e-07,3.9568674958382993e-07,0.18396998137362963,0.8160212349408777,2.666790842960461e-06,1.4009733698221648e-06,5.078635296020176e-07,8.44157754299672e-07,1.2702495558686107e-06
1-1A-rep1,1.4020703071266006e-06,2.6193473602126385e-07,3.8777316057706005e-07,0.9999877585798859,3.633405090519434e-06,2.613456009988665e-06,1.3729544193016767e-06,4.977064463814525e-07,8.272749106577468e-07,1.2448450333978716e-06
1-1A-rep2,7.408931294986251e-07,1.3841363397311232e-07,2.0491017391581432e-07,0.9999935312915396,1.919992781081061e-06,1.381023185645892e-06,7.255074807625445e-07,2.630019940917969e-07,4.3715518002020525e-07,6.578109013841989e-07
1-1B-rep1,2.408170271826665e-06,4.4989430361584283e-07,6.660320761144425e-07,0.9990728328772029,0.0009123821539025443,4.4888241609506874e-06,2.3581613563383136e-06,8.548514736958062e-07,1.4209122298274004e-06,2.138123022235246e-06
1-1B-rep2,7.835903124912006e-07,8.055942462834206e-05,2.1671901225481288e-07,0.9998859411250551,2.8834985469541252e-05,1.4606106420910818e-06,7.67317998953695e-07,2.7815862575977965e-07,4.6234814507051703e-07,6.957201103006304e-07
1-1C-rep1,2.079745678065618e-06,3.8853803008774013e-07,5.751990828710739e-07,0.3792674667466219,5.389571760602934e-06,3.8766414308621085e-06,2.036556943835145e-06,7.382674217875425e-07,0.6207156022057447,1.8465272853374122e-06
1-1C-rep2,6.889317322936964e-07,1.2870620718360818e-07,1.9053911483287214e-07,0.3696648176191898,1.7853370479446746e-06,1.2841672540122387e-06,6.746251323075643e-07,7.094360719167516e-05,0.6302588747907818,6.116763481380548e-07
1-2A-rep1,3.6628336129649636e-05,1.943615515342144e-07,2.87736534214252e-07,0.40378568924885977,0.14605571660285427,1.9392439990340893e-06,1.0187635102339669e-06,3.6930954098209583e-07,0.4501172326935979,9.237034224098851e-07
1-2A-rep2,1.4556889393675931e-06,2.7195176741439605e-07,4.0260256419842303e-07,0.364554783960533,0.129619853725289,2.713401024133338e-06,1.4254595880638984e-06,5.167399704328886e-07,0.5058172840193416,1.292450982759696e-06
1-2B-rep1,3.834237988536202e-06,7.163122350320527e-07,1.0604422443453542e-06,0.27885914643348103,0.25117774763663236,0.4699467126250878,3.7546148465291007e-06,1.3610765124653685e-06,2.262346526621372e-06,3.4042744451785564e-06
1-2B-rep2,1.7017726527986117e-06,3.179251199553154e-07,4.7066238890097215e-07,0.3577245196532817,0.20508772124119057,0.4371804831675502,1.6664330400769416e-06,6.040946843167515e-07,1.004110715523945e-06,1.510939375893499e-06
1-2C-rep2,1.602339885681218e-06,2.9934909315097154e-07,4.4316208583196714e-07,0.5863792946530701,0.08403000644749022,0.32958384808678387,1.5690651289648398e-06,5.687980740652344e-07,9.454415937863383e-07,1.422656794289752e-06
1-3A-rep1,3.5454628860515437e-06,6.623632783682109e-07,9.80575183744142e-07,1.5692336816148253e-05,0.9999625402827373,6.608735125938656e-06,3.4718365499448583e-06,1.258567223644019e-06,2.0919582116460902e-06,3.1478819873468904e-06
1-3A-rep2,2.6495682118532176e-06,4.949922600988642e-07,7.327959478583117e-07,0.027745737113615807,0.972237995854084,4.938789397326177e-06,2.594546341374481e-06,9.405428333114619e-07,1.5633462135251936e-06,2.3524510949339544e-06
1-3B-rep2,2.168610613573976e-06,0.8149623148652274,5.99776621337867e-07,0.03183361611744396,0.153191159965478,4.042285477812603e-06,2.1235764786666042e-06,7.698126667263814e-07,1.279562902428586e-06,1.9254270901820863e-06
1-3C-rep1,3.226897452762501e-06,6.028488929269603e-07,8.92468956624721e-07,0.041076674039883805,0.9560335623061748,6.0149298495754945e-06,3.1598865591007453e-06,1.1454829732063976e-06,0.002871856099432436,2.8650398249914056e-06
1-3C-rep2,2.661629922799669e-06,4.972456286044696e-07,7.361318774132696e-07,1.178046268452854e-05,6.89749983394088e-06,4.961272400356426e-06,2.6063575745659237e-06,0.9999659257767647,1.570463082625756e-06,2.363160230481331e-06
1-3C-rep3,1.563351188325578e-06,2.920652257887192e-07,4.323789101784128e-07,0.1054114575747036,0.8675727079214925,2.91408322256373e-06,1.530886084686422e-06,5.549578793822117e-07,0.027007158741083802,1.3880402090763555e-06
1-4A-rep1,2.3472621131096108e-06,4.3851544308795037e-07,6.491865947640492e-07,0.07251497495478251,0.9166310579914151,4.375291485272921e-06,0.010841854548776255,8.332303159859416e-07,1.3849740951241247e-06,2.084044978868275e-06
1-4A-rep3,1.643600191415319e-06,3.070573423276959e-07,0.0070283021443868655,0.11391462805772674,0.8790474334829094,3.0636671901825133e-06,1.6094686085988015e-06,5.83444643526945e-07,9.697867464982896e-07,1.4592902544012039e-06
1-4B-rep3,7.167691428069157e-07,1.3390679144620414e-07,1.982381585984552e-07,0.6939037022137601,0.27828781955860915,0.022141620087857295,0.005664495473973762,2.5443846940415796e-07,4.229211085662617e-07,6.363921288260128e-07
1-4C-rep1,2.916259328072004e-06,5.44815487058963e-07,8.065551998076114e-07,1.290746091275676e-05,0.9999691881558473,5.435901059237749e-06,2.8556992555614143e-06,1.0352127561106828e-06,1.720704135037178e-06,2.58923601919119e-06
1-4C-rep2,6.480338703834491e-07,1.210656697520374e-07,1.7922791803113523e-07,2.8682194932392265e-06,1.6793519922019349e-06,1.2079337281599785e-06,6.345765698608356e-07,0.9999917038613917,3.823646785041388e-07,5.753646881472651e-07
1-4C-rep3,1.2888853859019536e-06,2.40789532166741e-07,3.564693989826111e-07,9.388268783900935e-05,0.9998982041963144,2.402479562437424e-06,1.2621199361778147e-06,4.575281010871056e-07,7.604914939360708e-07,1.1443524358969756e-06
1-5A-rep1,3.0384093672496356e-06,5.676355540016481e-07,8.403384605440825e-07,0.1248395564499501,0.870880448308441,5.66358846719903e-06,2.9753126838284313e-06,0.004262419491358381,1.7927773129897236e-06,2.6976884048003376e-06
1-5A-rep2,8.439441258224138e-07,1.5766561825777952e-07,2.3341117728345947e-07,0.0031793113687355427,2.187045019990036e-06,1.5731100191725699e-06,8.264184836537932e-07,0.996813619771654,4.979591948714065e-07,7.493059714304881e-07
1-5A-rep3,1.3923209017660836e-06,2.6011335238130586e-07,3.850767496259271e-07,0.13250516404077817,0.8674862878007029,2.59528313955289e-06,1.3634074735406491e-06,4.942456057433968e-07,8.21522389969168e-07,1.236188906255079e-06
1-5B-rep1,3.602257504708947e-06,6.72973647455866e-07,9.962829757632776e-07,0.020717365481297805,0.979260518447517,6.7146001718716206e-06,3.5274517514664137e-06,1.2787281582860886e-06,2.1254692009572716e-06,3.1983077745560123e-06
1-5B-rep2,9.323641820999655e-07,1.741842507274382e-07,2.578656746841036e-07,0.004277851118608328,2.4161818050356256e-06,1.7379248122022305e-06,9.130023777738804e-07,0.9957143394171067,5.501303975461662e-07,8.278107848841346e-07
1-5B-rep3,1.7537363155025505e-06,3.276329699852819e-07,4.850340745571375e-07,0.03678176507697743,0.9632074678534439,3.2689606864855073e-06,1.7173176069847783e-06,6.225407278381671e-07,1.0347712567267256e-06,1.5570759405902647e-06
1-5C-rep1,2.9548740172157926e-06,5.520294822174155e-07,8.172349353229257e-07,0.6739988022605387,0.32254641641735204,5.50787875600782e-06,2.893512058414772e-06,0.0034376887840503125,1.7434882731428998e-06,2.6235205367025557e-06
1-5C-rep2,9.332273338729534e-07,1.7434550471780848e-07,2.5810439815564986e-07,4.130495261079859e-06,0.12223555443629969,1.7395337252340387e-06,9.13847605031906e-07,0.8777549167930376,5.506396899848214e-07,8.285771445967759e-07
1-5C-rep3,1.5478719593476527e-06,2.8917339665894115e-07,4.280977913831881e-07,0.7835342592606079,0.21640328937840508,2.8852299733388345e-06,1.5157283028515154e-06,5.494630678822685e-07,9.133034416107466e-07,5.4322493053808684e-05
1-6A-rep1,1.8810232086127557e-06,3.5141270383765704e-07,0.0001292089004715218,0.9289474352013847,0.07091232758833241,3.5062231790301217e-06,1.8419612154590115e-06,6.677249863727112e-07,1.109875374252366e-06,1.6700891439221409e-06
1-6A-rep2,1.2815401456676538e-06,0.002323640686663844,3.544379123971135e-07,0.035338906537699166,3.321056344539948e-06,2.388788050579875e-06,1.254927229799786e-06,0.962326958037556,7.561575222887835e-07,1.1378308757595804e-06
1-6A-rep3,1.5881509388726953e-06,0.9999794014066529,4.392378227467038e-07,7.029208949195047e-06,4.115625069928985e-06,2.960309903768049e-06,1.5551708348435116e-06,5.637612864961158e-07,9.37069574463424e-07,1.4100589667243608e-06
1-6B-rep1,3.32829614298457e-06,6.217921934313775e-07,9.205129786583719e-07,0.8660817796123629,0.12922988187466905,6.203936788114075e-06,3.2591795682631037e-06,1.1814774461808565e-06,1.9638215575458034e-06,0.00467085949629293
1-6B-rep2,1.2105362364028767e-06,2.2615234622305624e-07,3.3480023077089294e-07,0.8732367186362935,0.12675584927270755,2.256436917788953e-06,1.1853978128245724e-06,4.297157463314366e-07,7.142625100381138e-07,1.074789198497878e-06
1-6C-rep2,1.1468522584351966e-06,2.1425490721949135e-07,3.17187035990913e-07,0.7939122804520096,0.20608067844497274,2.137730121051555e-06,1.1230363188645254e-06,4.0710922923695064e-07,6.766865361973203e-07,1.0182466105284094e-06
1-7A-rep1,4.1511088536349475e-06,7.755100412908333e-07,1.1480798016273037e-06,0.055965331374285665,0.9418792225337077,7.737657895261183e-06,4.064905459185222e-06,0.0021314339054786693,2.4493124121994184e-06,3.685612064727077e-06
1-7A-rep2,1.1762464395323607e-06,2.1974632731954748e-07,3.2531663865683163e-07,0.18863142624579293,0.8087460142356314,0.00016313639465031623,1.1518200900020887e-06,0.0024548116196179094,6.940302231846365e-07,1.0443445887564714e-06
1-7B-rep2,1.6254145120505063e-06,3.0365989421145145e-07,4.4954387763718056e-07,0.12644318909110272,0.8476369048254375,0.025523751705413083,1.591660579482849e-06,0.00038978189880094395,9.590565026615107e-07,1.4431438796287088e-06
1-7C-rep1,2.8472397050209996e-06,5.319212429884197e-07,7.874663158648545e-07,0.36115617791890026,0.6388263414440507,5.307248631643395e-06,2.7881129184107365e-06,1.0107121935178535e-06,1.6799799272689043e-06,2.5279561143780584e-06
1-7C-rep2,1.300120307599753e-06,2.428884399277674e-07,3.595766619161796e-07,0.48423140496132855,0.5157606129459881,2.42342143210232e-06,1.2731215495185282e-06,4.61516269815281e-07,7.671205258730225e-07,1.1543274966375328e-06
1-8A-rep1,3.713754632080295e-07,6.938035377093698e-08,1.0271199411110836e-07,0.9999967575355945,9.624035910720034e-07,6.922430575342829e-07,3.636633490061005e-07,1.318307371085667e-07,2.1912567549878262e-07,3.2973018439267575e-07
1-8A-rep2,6.060132276616368e-07,1.1321537444028604e-07,1.6760619167768973e-07,0.9999947089226006,1.5704572981225563e-06,1.1296073413113975e-06,5.934285426659342e-07,2.151223718714648e-07,3.5757089799486404e-07,5.380561536703909e-07
1-8B-rep1,2.079745678065618e-06,3.8853803008774013e-07,5.751990828710739e-07,0.9997684156770045,0.00014767366919935153,7.501869015023639e-05,2.036556943835145e-06,7.382674217875425e-07,1.227129204054397e-06,1.8465272853374122e-06
1-8B-rep2,5.731831049085003e-07,1.0708205181503769e-07,1.5852630431583076e-07,0.9999949955610972,1.485379442520517e-06,1.068412063740982e-06,5.612801818519104e-07,2.034683459309133e-07,3.381998744952333e-07,5.089075332001092e-07
1-8C-rep1,0.0005315342034849784,7.204700370288487e-07,1.0665975334293508e-06,0.9780677041490893,0.0001419133654140252,7.1884957943758375e-06,3.7764083387279324e-06,0.020712719087855644,2.275478214795608e-06,0.0005311017442376642
1-8C-rep2,1.4400567139392344e-06,0.9596865191847136,3.982791308938331e-07,0.0402519166183169,3.7318452351983576e-06,5.194441299296525e-05,1.4101519869569539e-06,5.111908483043934e-07,8.496883382457921e-07,1.2785717228634294e-06
1-9A-rep1,1.8663721713749063e-06,3.4867559746586705e-07,5.161859801384185e-07,0.6909189582329907,0.30881421052181757,3.4789136774115502e-06,1.8276144268416258e-06,0.00025603517159082575,1.1012307039670188e-06,1.6570810437955206e-06
1-9A-rep2,7.747643163052998e-07,1.4474144815606553e-07,2.14277990275493e-07,0.7392622985428008,0.2601498912606537,1.444159004352992e-06,7.586752865258096e-07,0.0005833285541857251,4.571404709838156e-07,6.878838431313157e-07
1-9B-rep2,1.25712658695085e-06,2.3485635422457483e-07,3.47685809612803e-07,0.29478868175233497,0.7024084283209816,2.343281230109223e-06,4.4233663637554674e-05,0.002752615405469488,7.417525923051563e-07,1.1161550031862114e-06
1-9C-rep1,3.050138982760231e-06,5.698268804471066e-07,8.43582541854255e-07,0.20983396091456316,0.783678457165508,5.685452445057491e-06,2.986798717995281e-06,0.006469938319442248,1.79969823312779e-06,2.7081026854093865e-06
1-9C-rep2,9.564943652267838e-07,1.7869225087218215e-07,2.645394037609042e-07,0.3465627095424237,0.6453825712756818,1.7829034211880751e-06,9.366314649845066e-07,0.008049186317804394,5.643681251329549e-07,8.49235059021971e-07
2-10A-rep1,0.07403198451883829,2.7008239514505725e-07,3.998351099684588e-07,0.0064352363474996545,0.9191297282610829,2.6947493467482772e-06,1.4156611055964934e-06,5.131879458206924e-07,0.0003964737898862474,1.283566789619046e-06
2-10A-rep2,0.05697682387302825,2.8918870867944587e-07,4.281204595893074e-07,0.16712020705834355,0.7758950133546249,2.8853827491509357e-06,1.5158085621807656e-06,5.494921625011347e-07,9.133518019412147e-07,1.3743695593131556e-06
2-10C-rep1,3.6058120492829533e-06,6.736377073749269e-07,0.018379303815311956,0.7923799948293052,9.344307335179877e-06,0.18921693764562303,3.53093248111077e-06,1.2799899493242706e-06,2.127566517710892e-06,3.2014637198295497e-06
2-10C-rep2,3.6982507791146463e-07,0.9999952033045457,1.0228320120143376e-07,1.636858111948264e-06,9.58385834045004e-07,6.89353142705825e-07,3.621451595588812e-07,1.312803818570838e-07,2.182108890924366e-07,3.2835365610698855e-07
2-11B-rep1,4.727207412096871e-07,8.831367580581323e-08,1.307412438288367e-07,0.4099055922174558,0.030579453698834164,0.5595129329636808,4.629040551251046e-07,1.6780624983097605e-07,2.7892325153919396e-07,4.1971081185296363e-07
2-11B-rep2,1.7292540703733172e-06,3.2305919762697853e-07,4.782629750455579e-07,0.42981153930444427,0.0296400093183027,0.5405410579423293,1.6933437688157822e-06,6.138500286907882e-07,1.0203257991422946e-06,1.535339083957152e-06
2-11C-rep2,2.2022644362502464e-06,4.114269811051201e-07,6.090843209006816e-07,0.3462404863402935,0.08581006124526755,0.5679400366211944,2.1565314341598664e-06,7.817590893887978e-07,1.2994199402720455e-06,1.955307042564264e-06
2-12A-rep2,2.1344103552382367e-06,3.9875048356608376e-07,5.903177930608597e-07,0.029798330029971617,0.7915282793673629,3.978536270489413e-06,0.17858936450178667,7.576722705172264e-07,7.427135172773324e-05,1.8950619783087594e-06
2-12B-rep2,2.079301900674258e-06,3.8845512360775314e-07,5.750763465426847e-07,9.203059464028285e-06,0.8782088323832574,0.10370684992096973,0.01806826069241754,7.381098898383131e-07,1.226867358482229e-06,1.8461332722278264e-06
2-12C-rep2,2.250757581997235e-06,4.204864692531215e-07,6.224961593063969e-07,0.15145296707351688,0.18494030064187128,0.474967031575307,0.18863228160091325,7.98973169967292e-07,1.3280327442173548e-06,1.9983622669208035e-06
2-1A-rep1,4.004954755748392e-06,7.482055367636689e-07,1.1076576942759913e-06,0.4356708889263781,0.407989975840477,0.15632201202790494,3.9217864489812075e-06,1.4216774931116526e-06,2.363075924872933e-06,3.5558473860657823e-06
2-1A-rep2,2.577386161575595e-06,4.815072114612602e-07,7.128324256078128e-07,0.5659417838549446,0.3329172728529811,0.10112992366390909,2.523863249079332e-06,9.149196733646343e-07,1.5207560531808871e-06,2.288363390963728e-06
2-1B-rep1,2.9203378557321855e-06,5.455774374836991e-07,8.076832056952268e-07,0.19001561479415338,0.6317515253522579,0.01878594065638587,2.8596930870738764e-06,1.036660550488682e-06,0.1594361563878773,2.592857189167864e-06
2-1B-rep2,1.5254980133527369e-06,2.8499349668663317e-07,4.2190978803633054e-07,0.20111945067301293,0.6388263866612053,0.014248761211458703,1.493818982131436e-06,5.415207720529806e-07,0.14564323073545452,0.00015790297781629519
2-1C-rep1,2.309799049146501e-06,4.315165945139189e-07,6.38825366340599e-07,1.0223247519928748e-05,0.8718189342768521,0.03690267839536888,2.261832945256254e-06,8.199316901318268e-07,0.0912596513916682,2.0507829456640207e-06
2-1C-rep2,1.1979855913539233e-06,2.2380763506193662e-07,3.3132907581298823e-07,5.302324126527327e-06,0.8591814315605716,0.030491056628921105,1.1731077989091069e-06,4.252605225702893e-07,0.1103177943498001,1.063645956910266e-06
2-2A-rep1,3.13720739663585e-06,5.860929991205984e-07,8.676632130327023e-07,0.21002882662099492,0.05602642289988387,0.7339313373323048,3.0720590383975478e-06,1.113644827227804e-06,1.8510719152776399e-06,2.7854074268535027e-06
2-2A-rep2,2.1897275617089605e-06,4.0908484254986223e-07,6.056169744773801e-07,0.2705636946119228,0.0627004974941838,0.6667264457021221,2.1442549047888357e-06,7.773087538778339e-07,1.2920227065432142e-06,1.9441760272879793e-06
2-2B-rep1,3.730509229396503e-06,6.969336311168519e-07,1.0317537908705986e-06,0.1662921680428198,0.0024342549274940337,0.8312576272177458,3.6530401554842603e-06,1.3242549124096765e-06,2.2011426058809086e-06,3.312177615241255e-06
2-2B-rep2,7.254569691239981e-05,3.849504427150665e-07,5.698879503520367e-07,0.17523521456547433,5.339806851906376e-06,0.8246801506137845,2.017752282747571e-06,7.314505887494403e-07,1.2157984387336628e-06,1.8294772736032256e-06
2-2C-rep1,2.898333372933981e-06,5.414665606155881e-07,8.015973854634224e-07,0.7429946076807054,7.510906676871664e-06,0.256985489572953,2.8381455571471093e-06,1.0288494065807843e-06,1.7101271383916572e-06,2.573320243706141e-06
2-2C-rep2,1.9104019334191836e-06,0.9998445231714915,5.283633723138194e-07,0.0001391540864098809,4.95072470655829e-06,3.560985058317413e-06,1.8707298512766383e-06,6.78153836230171e-07,1.1272099414391467e-06,1.6961733990960454e-06
2-3A-rep1,3.6576949859764546e-06,6.83330476173855e-07,1.0116154218013005e-06,0.3457202722434673,0.20220195012870276,0.09747459961647024,3.581737998393049e-06,1.2984073367536332e-06,0.35458969769652954,3.247528610964263e-06
2-3A-rep2,1.093773505558807e-06,2.043387360743309e-07,3.025069477972274e-07,0.26306836554720425,0.27275679455543594,0.09649483207919092,1.0710598181410989e-06,3.780307669133827e-05,0.3676385619424704,9.711199995722581e-07
2-3B-rep1,4.009898883478625e-06,7.491291985695653e-07,1.1090251007651698e-06,0.3139929518484398,0.2987600612492788,0.02195419031192564,3.926627905206558e-06,1.4234325579115866e-06,0.36527801823962025,3.560237089505177e-06
2-3B-rep2,2.0991596857479376e-06,3.9216495446630764e-07,5.805684506411315e-07,0.3751245947187803,0.2811264992720888,0.019391572097358336,2.055567793368378e-06,7.451589997094741e-07,0.3243495975276425,1.8637642462222142e-06
2-3C-rep1,2.908715065306068e-06,5.434060680975699e-07,8.04468669194916e-07,0.5635733953662218,0.21771064879143814,0.0003039178773920945,0.005674273049282971,1.0325346962496925e-06,0.2127298932534117,2.5825377544985507e-06
2-3C-rep2,1.5561112879360165e-06,2.9071266779806716e-07,4.303765576272936e-07,0.5488085969541439,0.23900691095615062,2.9005880639481854e-06,0.00873125031125576,5.523878619752893e-07,0.2034461299898342,1.3816121761906785e-06
2-4A-rep1,2.650048580963947e-06,4.950820026428522e-07,7.329288044257495e-07,0.8891113600327725,0.06418738733101075,4.939684804306174e-06,0.04668757767142387,9.407133545769344e-07,1.56362964960621e-06,2.3528775964429372e-06
2-4A-rep2,0.00010711809132560162,1.931244284589857e-07,2.859050737054583e-07,0.8612680123711397,0.06966473223628727,0.005129336917080025,0.06382842662218162,3.6695886333291773e-07,6.099496261017704e-07,9.178239940480992e-07
2-4B-rep2,1.7256813125054585e-06,3.223917351008636e-07,4.772748508385518e-07,0.33164119427229954,0.35955947233597324,0.20950259215283515,0.09929105292451763,6.125817723036763e-07,1.0182177358512375e-06,1.532166967790986e-06
2-4C-rep2,2.544631480061564e-06,4.7538798276621617e-07,7.037734031680458e-07,0.2199725610914872,0.0204620375720578,0.3117979252657858,0.44767204383463977,9.032924275297842e-07,1.501429542887209e-06,8.930372119306578e-05
2-5A-rep1,2.077085851494474e-06,3.8804112136124204e-07,5.74463449749941e-07,0.13493516339030764,0.470931833485829,3.871683519905325e-06,2.0339523521631964e-06,0.39412098817203745,1.2255598050179693e-06,1.8441657262344497e-06
2-5A-rep2,1.3944461379534462e-06,2.60510388947083e-07,3.8566453010252476e-07,0.12087783325669398,0.49255324882107154,2.5992445751943674e-06,1.365488576321778e-06,0.38656085171584276,8.227763603072392e-07,1.2380758228377844e-06
2-5B-rep1,1.416335291515596e-06,2.645997200105023e-07,3.9171845351564286e-07,0.418554670622326,0.2867715822484493,2.6400459099347086e-06,1.3869231719801917e-06,0.2946655543045108,8.356917950507453e-07,1.257510371846221e-06
2-5B-rep2,1.8740293849008884e-06,0.9230495820904839,5.18303749750321e-07,8.294516472565423e-06,0.008594938909052798,3.493186706807812e-06,1.8351126279636357e-06,0.0683366942231764,1.105748751744934e-06,1.6638795931828338e-06
2-5C-rep1,1.579996620268418e-06,2.9517492492416634e-07,4.3698256787006847e-07,0.29602289107976104,0.16198321558030337,2.945110271584564e-06,1.5471858517030583e-06,0.5419847538124267,9.322582157458621e-07,1.402819056597399e-06
2-5C-rep2,3.837257713721467e-06,7.168763800076926e-07,1.0612774152873623e-06,0.3254140491080457,0.16408672165924523,7.152640051520045e-06,3.7575718630332756e-06,0.5104770325254613,2.264128279554983e-06,3.406955544607021e-06
2-6A-rep2,2.6297853265942446e-06,4.912964220216227e-07,7.273245589392163e-07,0.3136028039795603,0.6088378537251028,4.901914142132351e-06,0.0774558145896172,9.089082509107572e-05,1.5516735573452697e-06,2.334886621643466e-06
2-6B-rep2,1.8319859964980573e-06,3.422515732258792e-07,5.066757325820902e-07,0.540071546211194,0.2856405272070602,3.4148179220591702e-06,0.1742784730403341,6.503177732978705e-07,1.080941550417076e-06,1.6265508636787177e-06
2-6C-rep2,1.630491273722201e-06,3.0460833468662525e-07,0.0360306892085163,0.39048352939831926,0.5545129386398451,3.0392321960489182e-06,0.018964879926941305,5.7879124433021e-07,9.620519855107188e-07,1.4476513437128072e-06
2-7A-rep1,3.346201709805062e-06,6.25137310929835e-07,9.254651541681261e-07,0.04133625117751347,0.8694758852345849,0.07932966794615733,3.27671330175089e-06,0.0006879707827654719,1.9743865243070324e-06,0.00916007695497793
2-7A-rep2,1.9317360853416503e-06,3.6088688206634017e-07,5.3426379790386e-07,0.047717639319916856,0.8516320753738422,0.07216194647998685,1.8916209706556887e-06,0.0022473741471324736,1.1397979040654914e-06,0.026235106373481656
2-7B-rep1,3.055558683621526e-06,5.708393888122019e-07,8.450814784779637e-07,1.352400449981709e-05,0.7977180864894227,0.09020798526975844,2.992105871431871e-06,1.084661194524491e-06,1.8028960631674319e-06,0.11205005309363907
2-7B-rep2,1.7288450066235832e-06,3.229827763485606e-07,4.781498395328053e-07,7.651925578909844e-06,0.8345114898387418,0.08794255523229387,1.6929431998285359e-06,6.137048193783958e-07,1.0200844359415374e-06,0.07753244629330773
2-7C-rep2,1.5328569870176497e-06,2.863682999432949e-07,4.2394507290196245e-07,0.4566070874957972,0.49802759177291,0.04535876699313772,1.5010251367468012e-06,5.44133058051166e-07,9.044440357523568e-07,1.3609655646361592e-06
2-8A-rep2,1.780330110499549e-06,0.9999769088094386,4.923891692947606e-07,7.879800363388492e-06,4.613649153979265e-06,3.318531462651325e-06,1.7433591458302586e-06,6.319809842479035e-07,1.0504626091991132e-06,1.580687562242149e-06
2-8B-rep2,1.3615193284252292e-06,2.543590033011867e-07,3.76557901901659e-07,0.7221299258628642,0.1658521711405807,0.11080116782487746,0.0008396583145590395,4.833116735914122e-07,8.033482879258155e-07,0.0003737977609233925
2-8C-rep1,3.431031163040145e-06,6.409851470383512e-07,9.489265918890389e-07,0.8708678907822293,8.891370161792624e-06,0.12910854845572522,3.359781156561066e-06,1.2179462890704667e-06,2.0244391343576795e-06,3.0462824018411985e-06
2-8C-rep2,1.6114373725386123e-06,3.0104868539419654e-07,4.456781944850558e-07,0.8531944891209913,4.175970864424259e-06,0.1467944451991353,1.5779736941929247e-06,5.720274968921645e-07,9.508094577150628e-07,1.430734107726365e-06
2-9A-rep1,0.07245364745765986,4.2823455520515103e-07,0.007528047496602692,1.0145491297687827e-05,0.9199970125920024,4.272713840805254e-06,2.2446298417590192e-06,8.136954339328075e-07,1.3525037143952598e-06,2.0351850513373797e-06
2-9A-rep2,0.08226839451759273,1.6616088850295789e-07,2.45987736784379e-07,3.4360963142840645e-05,0.9141025973208294,1.657871648790632e-06,0.0035605226102044933,3.157250031079436e-07,3.094916320358672e-05,7.89679749772069e-07
2-9B-rep1,3.248050654274319e-06,6.0680073344868e-07,8.983193364272657e-07,0.20922765717848524,0.7906412950415684,6.0543593712910356e-06,0.00011428696331002568,1.1529919295693735e-06,1.9164736612484274e-06,2.883820950095194e-06
2-9B-rep2,1.204699654570343e-06,2.250619561664375e-07,3.331859966111192e-07,0.3151738302471202,0.6848187734955933,2.245557541918504e-06,1.1796824355144178e-06,4.276438784742261e-07,7.108187043391319e-07,1.0696071189193296e-06
2-9C-rep1,2.4233418796554516e-06,4.5272866297104203e-07,6.702281155633208e-07,1.0725791869332321e-05,0.9999743960931026,4.517104005021126e-06,2.373017905193651e-06,8.60237085943621e-07,1.4298640565990663e-06,2.1515933172399455e-06
2-9C-rep2,6.986458059918476e-07,1.3052099016337966e-07,1.932257540412371e-07,3.0922296058845433e-06,0.9999926184322893,1.3022742663060337e-06,6.841374801160217e-07,2.4800505339288285e-07,4.122276492095535e-07,6.203011056382595e-07
3-10A-rep2,0.5522538722703642,4.3315937407278575e-07,6.412573684161903e-07,0.024993637064431643,0.13872322343776708,0.0003215710563046849,0.11373611045149919,0.08438911159449784,0.08557934111813618,2.058590256774743e-06
3-10B-rep1,0.681577418878191,7.033963739930338e-07,1.041321358231693e-06,0.0799972462903487,0.23840598407462035,7.018143179250177e-06,3.6869152020987116e-06,1.3365348751196256e-06,2.2215540454505856e-06,3.342891805706201e-06
3-10B-rep2,0.6207989065786751,4.6861676252076203e-07,6.93749160047691e-07,0.11310158635258839,0.2337382749000737,0.03235301593425971,2.4562968044432802e-06,8.904263219600459e-07,1.4800438316650546e-06,2.227101522509041e-06
3-10C-rep1,0.8956500479195018,5.92193907962197e-07,8.766951144133086e-07,0.061169579466482236,0.04316408108801631,5.90861964835713e-06,3.1040374994564483e-06,1.1252372632115624e-06,1.8703405655281922e-06,2.8144020007921822e-06
3-10C-rep2,0.861819628057122,4.448736463568281e-07,6.58599399703994e-07,0.09409361342012182,0.04407451984471719,4.4387305113379075e-06,2.331845130868303e-06,8.453116412900706e-07,1.4050553646842552e-06,2.114262344769505e-06
3-11A-rep2,0.42591772178594567,5.669284684952255e-07,0.0011427017237458958,0.0008438767543242888,0.0171358005803577,0.5406256152799738,2.971606431707719e-06,1.077229991307193e-06,1.7905441074667048e-06,0.014327877566653817
3-11B-rep2,0.10578343579746641,5.103489112305221e-07,7.555302260058227e-07,1.2090898258299727e-05,0.00953855612569131,0.8483999788295944,0.036259665466503735,9.697222555566914e-07,1.6118475019984916e-06,2.425433591189496e-06
3-12A-rep2,3.2613295557489407e-07,6.092814974551124e-08,9.01991906602693e-08,0.04697961020220135,0.014425630146001392,6.079111214824487e-07,0.9385930767178627,1.157705669551734e-07,1.9243087191447492e-07,2.895610782934275e-07
3-12B-rep2,2.904668915201438e-06,5.426501664468668e-07,8.033496180273202e-07,0.35433158819747573,0.025245036561411034,0.12609360020621033,0.494320200457127,1.031098395245481e-06,1.7138653497613994e-06,2.5789453313250987e-06
3-12C-rep2,7.564800283478589e-07,1.4132557798527199e-07,2.0922107116514645e-07,0.3810160138715172,0.003702368643520823,0.2192829455872702,0.3959961783340262,2.6853502620646873e-07,4.46352044319655e-07,6.71649917530478e-07
3-1A-rep1,3.5168855254016644e-06,0.6827168996185355,9.72671490609905e-07,1.55658524661361e-05,0.05330308662796008,6.555466987700209e-06,3.4438526368723117e-06,1.2484228417655087e-06,2.0750964798496917e-06,0.2639466355050761
3-1A-rep2,1.875833141766822e-06,3.504430956929639e-07,5.188026181004033e-07,0.2342171010635766,0.11589009133455974,3.4965489056917567e-06,1.8368789273766123e-06,6.658826181881473e-07,1.106813037032575e-06,0.6498829563995198
3-1B-rep1,2.605874744793457e-06,0.8019876087372312,7.207115654045843e-07,1.153368840973359e-05,0.013199383227457869,0.026835814741139715,2.5517602283034098e-06,9.250325410601655e-07,0.061151161398762845,0.09680769482791923
3-1B-rep2,1.6886982646032019e-06,3.154825631140521e-07,4.6704638133888654e-07,0.1573028066744069,0.258735846625133,0.04956590763927116,1.6536301592504149e-06,5.994535423895075e-07,0.172719705171407,0.36167100957887116
3-1C-rep1,2.90149768559106e-06,0.8667664594616185,8.024725452281307e-07,1.284212539149609e-05,7.519106857460173e-06,0.0009979263258498956,2.841244158568526e-06,1.029972673224254e-06,0.019256560039131506,0.1129511177540887
3-1C-rep2,2.4606699273471114e-06,4.597022878089733e-07,6.805520022885384e-07,0.385183605814792,0.027446565756312696,4.586683404916443e-06,2.4095707854462817e-06,8.734877837670759e-07,0.0808069165340077,0.5065514412286961
3-2A-rep1,3.992920282884684e-06,0.564101692708645,1.104329298007617e-06,1.767279815720669e-05,1.0347481726222388e-05,0.43585396121694103,3.910001888236851e-06,1.417405499979336e-06,2.355975127279166e-06,3.545162434178705e-06
3-2A-rep2,1.593778877285403e-06,2.9774972579910934e-07,4.4079435201255867e-07,0.0399691427387685,0.0003312414398114759,0.9596928016114009,1.560681901496881e-06,5.657590901822826e-07,9.403902725938206e-07,1.4150557997260424e-06
3-2B-rep2,2.279896136911994e-06,4.259301332768468e-07,6.305550629694385e-07,0.21315297183136295,5.9082530937327985e-06,0.7602372549741532,0.02659634978440624,8.093167643973293e-07,1.3452256020157666e-06,2.024233284359556e-06
3-2C-rep2,2.625062455726333e-06,4.904140954166294e-07,7.260183458669199e-07,0.13434605927989687,6.80273681076271e-06,0.7086729450735445,2.570549480445525e-06,0.0053886767902871485,1.548886883556202e-06,0.1515775551881998
3-3A-rep2,1.0839991190510884e-06,2.0251268545714318e-07,2.9980362776432007e-07,0.44663889052494543,2.8091372431604946e-06,0.00018742285208397957,1.0614884100002063e-06,3.847976429436122e-07,0.5531668824425495,9.624416926166098e-07
3-3B-rep1,3.450469550585495e-06,0.6321721329727479,9.54302702442603e-07,1.5271893149599906e-05,8.94174390974219e-06,0.20892045974660756,3.378815879676472e-06,1.2248465213479827e-06,0.15887112166792255,3.0635410086814525e-06
3-3B-rep2,2.1369066714320617e-06,3.9921684528841084e-07,5.910082038165536e-07,0.05190858361660523,0.04408324577905793,0.4078141546019537,2.0925309117989688e-06,7.585584120006871e-07,0.49618614050297616,1.8972783627510223e-06
3-3C-rep1,3.588109131283787e-06,0.6097668992534642,9.923699341331881e-07,0.009098550361915462,9.298430982155156e-06,0.11795864998186514,0.2631554449198421,1.2737057734429595e-06,2.1171211214766935e-06,3.18574597055842e-06
3-3C-rep2,1.2513686857413294e-06,2.337806632797725e-07,3.4609333629747964e-07,0.14057939808340172,0.007965099708741022,0.2701489912583286,0.5813023860984154,4.4421043547362453e-07,7.383552111720772e-07,1.1110427811478196e-06
3-4A-rep1,3.386907945789862e-06,0.8852583671157966,9.367233526356273e-07,1.499056736984008e-05,8.777026735965552e-06,0.0389340188230856,0.0757733150404434,1.2022834442409798e-06,1.9984047547526602e-06,3.0071070712088024e-06
3-4A-rep2,2.25788497208532e-06,4.2181800807236174e-07,6.244673946767448e-07,0.3557575156536835,5.8512121037603336e-06,0.28878840005819323,0.3554407904738141,8.015032485052115e-07,1.332238175976642e-06,2.0046904061782604e-06
3-4A2-rep1,1.8970133377550104e-06,3.543999793220128e-07,5.246604638148692e-07,0.307268734931539,4.916028734898489e-06,0.3104435487595087,0.3822765472089469,6.73401157041272e-07,1.1193101597908136e-06,1.6842861729476824e-06
3-4B-rep1,3.533463811274164e-06,6.601216115499801e-07,9.77256577589533e-07,0.2329311975787308,0.04364305228672912,0.008225713492807525,0.004233893165146061,1.2543077961124895e-06,0.710956581098326,3.1372284640777167e-06
3-4B-rep2,3.4582248964438307e-06,6.460654795611367e-07,9.56447612693943e-07,0.3079393052614588,0.0004821450901813057,0.004856574422111567,3.386410175280119e-06,1.227599511414167e-06,0.686709230051887,3.0704266860436793e-06
3-4B2-rep1,2.6855923036760707e-06,5.017222799374291e-07,7.42759197113404e-07,0.147732895470217,0.08544261775825576,9.68722373240956e-05,0.03950513843439128,9.533306533188736e-07,0.7272152082598585,2.384435519367171e-06
3-4C-rep2,2.97502146377472e-06,0.5888234259777438,8.22807151630483e-07,0.09750578932710614,7.709640576467611e-06,0.06981758984185564,0.19437755583566213,1.056072119292206e-06,1.755376034382332e-06,0.049461320100286706
3-4C2-rep1,7.212880807647333e-05,3.8273829852481014e-07,5.666130500568797e-07,0.2601464244053222,0.03392408085734464,0.12124240369890761,0.5628854247191842,7.272472576428454e-07,1.2088117694008566e-06,0.021726652100789296
3-5A-rep1,1.9644479267250752e-06,3.669981073693685e-07,0.5372489378678909,8.6947119500903e-06,0.4060828954489302,3.661726672559683e-06,1.9236535063727534e-06,0.056648651887092616,1.15909913704958e-06,1.7441587861339997e-06
3-5A-rep2,1.5025250445064755e-06,2.807016872817951e-07,0.522913597768326,6.6502258889393945e-06,0.4309678246167349,2.8007034224777745e-06,1.4713230780803805e-06,0.046103651553800314,8.865470337949923e-07,1.3340349836257623e-06
3-5B-rep1,3.093387870482023e-06,5.77906636455803e-07,0.4367026579146584,0.25545303016389803,0.17301684770651335,0.11471009215740571,3.029149484020137e-06,0.020106099895076487,1.8252167249924505e-06,2.746501732024096e-06
3-5B-rep2,2.1445880941018925e-06,4.006518884592582e-07,0.40377468874635747,0.26535304286039285,0.19969180184147026,0.0985266374801524,7.546017193518828e-05,0.03257265417260228,1.2653887005008884e-06,1.9040984065187027e-06
3-6A-rep2,3.4134040505578287e-06,6.376920503716549e-07,9.440514290071409e-07,1.5107840012002168e-05,0.2062116351229325,0.38999351812991817,0.40376848740016114,1.2116890226060487e-06,2.0140384662671844e-06,3.0306319574125402e-06
3-6C-rep2,2.567200997812085e-06,4.796044194485002e-07,0.023623342322685415,0.12031993597752383,0.20953676686178263,0.026086278919673515,0.620162474311046,0.00026436073508255136,1.5147464184288607e-06,2.2793203704668934e-06
3-7A-rep2,3.8112437117125337e-06,7.120164448714644e-07,1.0540826749615825e-06,0.0679404507921035,0.22020743937668924,0.11603779142341696,0.23571551028945115,1.3529140118069862e-06,0.01747203764940543,0.34261984021209035
3-7B-rep2,3.5489061759269654e-06,6.630065536875575e-07,9.81527500750635e-07,1.570757693181646e-05,0.06823473508879928,6.615153410794496e-06,0.06907879774319053,1.2597895215266906e-06,2.0939898838879027e-06,0.8626555972180319
3-7C-rep2,2.1637951830588463e-06,4.0424015628727256e-07,5.984448088738988e-07,0.4957763656583371,5.607382449372096e-06,0.5042087756414645,2.1188610470844776e-06,7.681032868206093e-07,1.2767216149204394e-06,1.9211516521174173e-06
3-8A-rep1,2.4360640167498132e-06,4.551054122713444e-07,6.737467003912711e-07,0.5727424247306769,0.0035895314383775053,0.393325267315141,0.030334746587066926,8.64753185893408e-07,1.4373706022941126e-06,2.162888820108542e-06
3-8A-rep2,1.8348606226750394e-06,3.427886108088024e-07,5.074707732248169e-07,0.6461763025399676,4.7549626384172234e-06,0.35381109754109746,1.7967572581057818e-06,6.513382071320005e-07,1.0826376894064331e-06,1.6291031352025512e-06
3-8B-rep1,1.9874186390933614e-06,3.7128949521905374e-07,5.496640240890605e-07,8.796381088077372e-06,0.18900014026854076,3.704544030567678e-06,1.9461472008046538e-06,7.054932005247178e-07,1.1726527327042544e-06,0.8109806261410482
3-9A-rep2,0.6172177255651996,1.0815935343428011e-07,1.6012116210420177e-07,0.056385069554695626,0.25333660073725683,1.0791608496185108e-06,0.07305819555638589,2.0551534423567654e-07,3.416023426609594e-07,5.140274099700102e-07
4-10A-rep1,0.9997247669297846,3.4512811220733487e-07,5.109342155511899e-07,8.176580372664018e-06,4.787414830210583e-06,3.4435186137018462e-06,1.8090199645832336e-06,6.557835317386365e-07,0.00025386446895732514,1.6402216173894807e-06
4-10A-rep2,0.9999811375876898,2.898640466884799e-07,4.291202428108794e-07,6.867295334870205e-06,4.020824113648628e-06,2.8921209397601435e-06,1.5193484069455715e-06,5.507753832212585e-07,9.154847385634199e-07,1.3775791037179213e-06
4-10B-rep1,0.8723512653583422,2.897102839530557e-07,4.2889260953550663e-07,0.12763674588767238,4.018691207131117e-06,2.8905867707869453e-06,1.5185424457724516e-06,5.504832161501921e-07,9.149991059392679e-07,1.376848346200144e-06
4-10B-rep2,0.9442738875360466,3.5664486501058343e-07,5.279838352462955e-07,0.05571135383167963,4.947168473034727e-06,3.558427110705315e-06,1.8693860576696483e-06,6.776667008006166e-07,1.1264002374019722e-06,1.6949549939006097e-06
