,4_1,4_2,4_3,4_4
1-10A-rep2,1.0123571835427106e-06,4.627992127464393e-06,2.484457321273229e-06,0.9999918751933677
1-10B-rep1,1.363668037029725e-06,6.234010132434777e-06,3.346620237857834e-06,0.9999890557015926
1-10B-rep2,2.7156836293443325e-05,2.1538943067178805e-06,1.1562808086507783e-06,0.9999695329885913
1-10C-rep1,1.8886672895319922e-06,0.00011560556740440996,4.635037268670755e-06,0.9998778707280372
1-10C-rep2,4.147933284424369e-07,1.896228218422437e-06,1.0179572372448383e-06,0.999996671021216
1-11A-rep2,9.901584627677324e-07,6.060772669860074e-05,2.429978748642082e-06,0.99993597213609
1-11B-rep1,1.988873890449465e-06,0.04315292640206786,0.0004554693048016595,0.9563896154192398
1-11B-rep2,0.8928352761323951,4.272978080061054e-06,2.2938741860963525e-06,0.10715815701533875
1-11C-rep1,1.7413259127932268e-06,0.05632358304083991,4.27344220309906e-06,0.943670402191044
1-11C-rep2,1.3169792077976057e-06,0.017385931965630035,3.2320397266577364e-06,0.9826095190154354
1-12A-rep1,1.2761427388085325e-06,5.8338881224302284e-06,3.1318216751595427e-06,0.9999897581474635
1-12A-rep2,8.794354859694526e-07,5.383035906565873e-05,2.158250039831032e-06,0.9999431319554085
1-12B-rep1,2.1121185216961597e-06,0.00012928304602900895,5.1834159029340525e-06,0.9998634214195462
1-12B-rep2,8.769021322990197e-07,4.008759191725918e-06,2.1520328576188647e-06,0.9999929623058184
1-12C-rep1,2.337809188398371e-06,1.0687297621141565e-05,5.737290403304691e-06,0.9999812376027872
1-12C-rep2,8.640704328885374e-07,3.950099061863564e-06,2.1205421841065893e-06,0.9999930652883211
1-1A-rep1,8.467892582823853e-07,3.87109815059356e-06,2.078131914817831e-06,0.9999932039806764
1-1A-rep2,4.4746607189597833e-07,2.0455917058790104e-06,1.0981404354270917e-06,0.9999964088017869
1-1B-rep1,1.454434833518017e-06,6.648950655811085e-06,3.5693738624972155e-06,0.999988327240648
1-1B-rep2,4.732533175227402e-07,2.163478131430916e-06,1.1614257187582952e-06,0.9999962018428324
1-1C-rep1,1.2560785755031073e-06,5.742164774849765e-06,3.082581586552731e-06,0.999989919175063
1-1C-rep2,4.160836533071328e-07,4.903494079525761e-05,1.0211238637172225e-06,0.9999495278516878
1-2A-rep1,0.0017444451114565823,7.40486344434789e-05,1.5420193535386556e-06,0.9981799642347464
1-2A-rep2,8.791727363071296e-07,4.0191392607815335e-06,2.1576052176943075e-06,0.9999929440827853
1-2B-rep1,2.3157320599521235e-06,0.10008557852040327,5.683110234197751e-06,0.8999064226373026
1-2B-rep2,1.0277974689050827e-06,0.07562343453411582,2.5223498068847314e-06,0.9243730153186084
1-2C-rep2,9.677440188092187e-07,0.11351943965654399,5.718666347840305e-05,0.8864224059359588
1-3A-rep1,2.1413208582780735e-06,9.78905097488067e-06,5.255082267433317e-06,0.9999828145458992
1-3A-rep2,1.6002305151177115e-06,7.315455796121796e-06,3.927175589445794e-06,0.9999871571380992
1-3B-rep2,0.8438263627846349,5.987522165399898e-06,3.2142974470148265e-06,0.15616443539575275
1-3C-rep1,1.9489176298313264e-06,8.909479376016513e-06,0.0005567029949953277,0.9994324386079987
1-3C-rep2,0.9582761587199227,7.348758480776834e-06,0.041703683243742434,1.2809277854083724e-05
1-3C-rep3,0.01021523991367775,4.316395031493536e-06,2.3171818235950557e-06,0.9897781265094672
1-4A-rep1,1.417648533165428e-06,0.0052255691229842974,0.0204783641253229,0.9742946491031595
1-4A-rep3,9.926636029569784e-07,0.020019962898660197,5.86592304434081e-05,0.9799203852072934
1-4B-rep3,4.3289623423145775e-07,0.001080799516636734,0.010053708240833206,0.9888650593462959
1-4C-rep1,1.7613026524982212e-06,8.051797273091631e-06,4.322467742722891e-06,0.9999858644323315
1-4C-rep2,3.9138313572925936e-07,1.7892084932303167e-06,0.99999470072257,3.1186858009587088e-06
1-4C-rep3,7.784301987957489e-07,3.5585946248736023e-06,1.9103698160469275e-06,0.9999937526053603
1-5A-rep1,1.8350771183561005e-06,8.389057335793357e-06,4.503519959078203e-06,0.9999852723455867
1-5A-rep2,5.097044147784514e-07,2.3301143680075424e-06,0.9999930986676363,4.061513580787347e-06
1-5A-rep3,8.409010143813255e-07,3.844180036254378e-06,2.063681391912233e-06,0.9999932512375574
1-5B-rep1,2.1756230178711445e-06,0.0005028430675691012,5.3392642665556575e-06,0.9994896420451465
1-5B-rep2,0.015947348104674172,2.574241329819879e-06,0.9840455906141045,4.487039891620322e-06
1-5B-rep3,1.05918147809829e-06,4.84204944843776e-06,2.599370282146347e-06,0.9999914993987913
1-5C-rep1,1.7846246035409038e-06,8.158413601377004e-06,4.379702869767281e-06,0.9999856772589252
1-5C-rep2,5.636276455323275e-07,2.576624484667228e-06,0.7610160711481366,0.23898078859973326
1-5C-rep3,9.34847567969931e-07,5.722213972296676e-05,2.294238557570703e-06,0.9999395487741515
1-6A-rep1,1.13605780513207e-06,5.1934896733746355e-06,0.00013147754389892426,0.9998621929086224
1-6A-rep2,0.009075230944254449,3.5383144278470423e-06,0.9909150632706137,6.167470704060333e-06
1-6A-rep3,0.9999856181354136,4.384867243887982e-06,2.353939943466872e-06,7.643057399036209e-06
1-6B-rep1,2.010159115888921e-06,0.003994032292774407,4.933194146869657e-06,0.9959990243539627
1-6B-rep2,7.311105512166975e-07,3.3422727969354888e-06,1.7942411938777901e-06,0.999994132375458
1-6C-rep2,6.92648080134469e-07,3.1664415624017825e-06,1.6998492446449124e-06,0.9999944410611128
1-7A-rep1,2.5071126358590366e-06,1.1461268542411253e-05,0.004976132411667795,0.995009899207154
1-7A-rep2,7.10400939502426e-07,0.00020442826868928015,0.0036632316094182015,0.996131629720953
1-7B-rep2,9.816801747994644e-07,0.001783720310839525,0.012179031995492232,0.9860362660134935
1-7C-rep1,1.7196171773713523e-06,7.861232071547209e-06,4.220166118796761e-06,0.9999861989846321
1-7C-rep2,7.85215629209257e-07,3.589614228473667e-06,1.927022152339772e-06,0.99999369814799
1-8A-rep1,2.2429375890498086e-07,1.0253591986368855e-06,5.504463054011236e-07,0.9999981999007371
1-8A-rep2,3.6600451507019334e-07,1.6731900972279856e-06,8.98223089505875e-07,0.9999970625822983
1-8B-rep1,1.2560785755031073e-06,7.688473095837985e-05,3.082581586552731e-06,0.9999187766088794
1-8B-rep2,3.461765695780927e-07,1.5825466196758126e-06,8.495627103981115e-07,0.9999972217141004
1-8C-rep1,2.3291738033382033e-06,1.0647820947566506e-05,5.716098035646796e-06,0.9999813069072134
1-8C-rep2,0.9704307201444702,5.323637715935157e-05,2.134435198258404e-06,0.029513909043172196
1-9A-rep1,1.1272091456491394e-06,5.153038015509861e-06,0.0003858277906257615,0.999607891962213
1-9A-rep2,4.6792279821078553e-07,5.514411951694862e-05,1.1483439251521797e-06,0.9999432396137597
1-9B-rep2,7.592491939171624e-07,3.470908637143157e-06,0.002754044548521962,0.997241725293647
1-9C-rep1,1.8421614101829376e-06,8.42144318471728e-06,0.005638745547760474,0.9943509908476444
1-9C-rep2,5.776799407164531e-07,2.6408645696314653e-06,0.006676093459291951,0.9933206879961977
2-10A-rep1,5.032597714078346e-05,0.09253026972747705,2.142773956277637e-06,0.9074172615214259
2-10A-rep2,9.348970693514205e-07,0.0685761900172696,2.2943600404540705e-06,0.9314205807256206
2-10C-rep1,2.1777698512133783e-06,0.15480905358954897,5.344532877181802e-06,0.8451834241077226
2-10C-rep2,0.9999966509785702,1.021078614594865e-06,5.481483480862416e-07,1.7797944672452876e-06
2-11B-rep1,2.855017631569445e-07,0.17926666921527362,7.006587766083261e-07,0.8207323446241866
2-11B-rep2,1.0443951631991188e-06,0.19266644821180226,2.5630827258341165e-06,0.8073299443103087
2-11C-rep2,1.330075302212597e-06,0.33358343482885844,3.2641792601922834e-06,0.666411970916579
2-12A-rep2,1.2890939788373489e-06,0.15260204590248214,3.163605717029585e-06,0.8473935013978219
2-12B-rep2,1.2558105507474459e-06,0.10804823971042321,3.0819238186450095e-06,0.8919474225552073
2-12C-rep2,1.3593633577924707e-06,0.6501306687054098,3.3360559903564695e-06,0.34986463587524197
2-1A-rep1,2.4188398559789713e-06,0.04220698654502281,5.9361502904976445e-06,0.9577846584648307
2-1A-rep2,1.5566351246744985e-06,0.01746392011183303,3.820186782806052e-06,0.9825307030662593
2-1B-rep1,1.7637659433607644e-06,8.063058210342663e-06,0.04296015966569626,0.9570300135101499
2-1B-rep2,9.21334602335947e-07,4.2118822839285045e-06,0.0418531289915207,0.9581417377915931
2-1C-rep1,0.0003174435961807844,6.377345820837647e-06,0.08027976135345363,0.9193964177045446
2-1C-rep2,7.235304828228659e-07,3.307620504817077e-06,0.050570815880029395,0.949425152968983
2-2A-rep1,1.8947478112777158e-06,0.5267151723607659,0.008697239069695443,0.46458569382172726
2-2A-rep2,1.3225034981084516e-06,0.4596217919359667,3.24559705971245e-06,0.5403736399634754
2-2B-rep1,2.253083067422905e-06,0.7933711939646354,5.529361388740932e-06,0.20662102359090836
2-2B-rep2,1.2444804209796193e-06,0.7683698975078546,3.05411819399962e-06,0.23162580389353052
2-2C-rep1,1.750475991071669e-06,0.1911587083865158,4.29589769542791e-06,0.8088352452397977
2-2C-rep2,0.9999173501696859,5.274604633911776e-06,2.831580032683328e-06,7.454364564752932e-05
2-3A-rep1,0.07970409764853088,1.0098928651465707e-05,0.09835029489595645,0.8219355085268613
2-3A-rep2,0.07991899905420476,3.0198913761164786e-06,0.11389273647725348,0.8061852445771657
2-3B-rep1,0.019891912013858024,0.042807767508845664,5.9434785872328895e-06,0.9372943769987091
2-3B-rep2,1.267803902498468e-06,0.05285550680670379,3.111357077033278e-06,0.9471401140323166
2-3C-rep1,0.03572214610261475,8.030967338066666e-06,4.311285553309191e-06,0.9642655116444937
2-3C-rep2,0.025019194650478787,4.296405639233413e-06,2.30645086498911e-06,0.974974202493017
2-4A-rep1,1.6005206410448705e-06,0.004630532670483969,9.457917952548447e-05,0.9952732876293494
2-4A-rep2,6.243367464496312e-07,0.030237001837344044,1.532204271251909e-06,0.9697608416216382
2-4B-rep2,1.0422373579230764e-06,0.23240939103521646,2.557787188643196e-06,0.767587008940237
2-4C-rep2,1.5368524695699497e-06,0.7388468030011519,9.081685165194033e-05,0.26106084329472656
2-5A-rep1,1.2544721408915496e-06,5.734820957019027e-06,0.0030582965762797833,0.9969347141306222
2-5A-rep2,8.421845704775311e-07,3.850047814549397e-06,2.0668314069388696e-06,0.999993240936208
2-5B-rep1,8.554047287932297e-07,3.910483784781543e-06,2.099275409559455e-06,0.9999931348360769
2-5B-rep2,0.9097224669622663,5.174179656824778e-06,2.7776686251677783e-06,0.09026958118945168
2-5C-rep1,9.54249577873089e-07,4.362353135657438e-06,2.3418536348724017e-06,0.9999923415436516
2-5C-rep2,2.317555882128067e-06,1.0594709606261203e-05,5.6875861330518155e-06,0.9999814001483786
2-6A-rep2,1.5882823540209734e-06,0.04543611757179037,0.0005436466461500305,0.9540186474997054
2-6B-rep2,1.106441230362123e-06,0.10459680245217104,2.715351913355353e-06,0.8953993757546851
2-6C-rep2,9.847463371032678e-07,0.06464735668062685,2.4166966823424433e-06,0.9353492418763537
2-7A-rep1,2.0209734959951687e-06,9.238882858073022e-06,0.11870533525789854,0.8812834048857473
2-7A-rep2,1.1666864270427417e-06,5.333508456647972e-06,0.13698570321005096,0.8630077965950652
2-7B-rep1,1.845434726753607e-06,0.005861718220708093,0.3177541131031722,0.6763823232413929
2-7B-rep2,1.0441481047753948e-06,4.77332436353826e-06,0.31811186344751674,0.681882319080015
2-7C-rep2,9.257791269198526e-07,5.666705928138854e-05,0.0501824319007394,0.9497599752608523
2-8A-rep2,0.9692901303910036,4.915475123116013e-06,2.6387875823490073e-06,0.030702315346290966
2-8B-rep2,8.222981207751204e-07,9.690681031993429e-05,0.0012595116188234261,0.9986427592727358
2-8C-rep1,2.0722077456732437e-06,0.01820135841144844,5.085469623399753e-06,0.9817914839111823
2-8C-rep2,9.732385385356561e-07,0.03252695707541115,2.388455035157219e-06,0.9674696812310152
2-9A-rep1,1.3844118417349985e-06,0.1965047614781911,3.3975282556097568e-06,0.8034904565817115
2-9A-rep2,6.138610382528848e-05,0.17938511797168571,1.3182811547950935e-06,0.8205521776433342
2-9B-rep1,1.961693466768199e-06,0.005786564382218793,4.814253086594012e-06,0.9942066596712277
2-9B-rep2,8.314647307705096e-05,0.007091350489802447,1.7855902511277972e-06,0.9928237174468694
2-9C-rep1,1.4635979322338338e-06,6.690839773021256e-06,3.5918613086872983e-06,0.9999882537009859
2-9C-rep2,4.2195052945661074e-07,1.928947371787223e-06,1.035521947357589e-06,0.9999966135801515
3-10A-rep2,0.10834288239143364,0.2592804168870992,0.26816050163714844,0.3642161990843187
3-10B-rep1,2.273976431776764e-06,0.5798450506026925,5.580636445488512e-06,0.4201470947844302
3-10B-rep2,1.5149620175043006e-06,0.5763615888590228,8.952328445716837e-05,0.4235473728945025
3-10C-rep1,1.914471322470809e-06,0.2310795336880045,0.4732064305323892,0.2957121213082838
3-10C-rep2,1.438203733099082e-06,0.23590860997093485,0.43898007229087393,0.32510987953445813
3-11A-rep2,1.8327911970536832e-06,0.8529886681944208,0.07651009282612731,0.07049940618825486
3-11B-rep2,1.6498765773198012e-06,0.9578366725558778,4.049013538260195e-06,0.042157628554006565
3-12A-rep2,1.9696932668187678e-07,0.9257652452622175,4.833885645267428e-07,0.07423407437989132
3-12B-rep2,1.754302440919096e-06,0.5779925969781226,4.305288305276358e-06,0.4220013434311311
3-12C-rep2,4.568798814942473e-07,0.6085785337677739,1.1212431590089459e-06,0.3914198881091856
3-1A-rep1,0.6744257948541367,9.71014768637407e-06,0.21595071559162102,0.10961377940655577
3-1A-rep2,1.1329232055138072e-06,0.00013351359003507067,0.6185105666320697,0.3813547868546897
3-1B-rep1,0.8122471285342289,7.194817067694849e-06,0.08174543107536736,0.10600024557333608
3-1B-rep2,1.0199010542831186e-06,0.00012019407014982635,0.42342578474778136,0.5764530012810145
3-1C-rep1,0.8793815712172705,8.011039937945956e-06,0.09538624256256571,0.025224175180225943
3-1C-rep2,1.4861427180291218e-06,6.793903289408664e-06,0.4621138749799141,0.5378778449740784
3-2A-rep1,0.6186098850574859,0.33547138106639796,5.918312526634618e-06,0.04591281556358956
3-2A-rep2,9.625735110259913e-07,0.8074829730087354,2.362281658696114e-06,0.192513702136095
3-2B-rep2,1.3769619654806921e-06,0.7836421325273575,3.3792452820669405e-06,0.21635311126539494
3-2C-rep2,1.5854299077577604e-06,0.4183694837871774,0.3280307738922687,0.253598156890646
3-3A-rep2,0.5012561594353806,2.992904347013013e-06,1.6066887998102287e-06,0.49873924097147265
3-3B-rep1,0.9664476798502004,0.033530600199412834,5.114281522103982e-06,1.660566886455959e-05
3-3B-rep2,0.3532834717246135,0.4194416863068807,3.167305764297701e-06,0.2272716746627414
3-3C-rep1,0.6381290605802873,0.36184835304742724,5.318293291398861e-06,1.7268078994064936e-05
3-3C-rep2,7.557716594905888e-07,0.8943036759514773,0.00034430171700646037,0.10535126655985685
3-4A-rep1,0.9252411516477923,0.07473752851294654,5.020069477407754e-06,1.629976978361986e-05
3-4A-rep2,1.363668037029725e-06,0.6596813492051747,3.346620237857834e-06,0.34031394050655034
3-4A2-rep1,1.14571522533609e-06,0.709985738018307,2.8117354486677232e-06,0.290010304531019
3-4B-rep1,0.5932370522736456,0.07821329953865014,0.00012610830725673144,0.32842353988044737
3-4B-rep2,0.577410931331849,0.04531739222222854,5.125776624772181e-06,0.3772665506692977
3-4B2-rep1,0.6269031351953305,0.10262303482731204,3.9805708038814595e-06,0.27046984940655355
3-4C-rep2,0.6812360353862503,0.17596489144314267,0.06706944739549102,0.07572962577511588
3-4C2-rep1,1.2373288774223582e-06,0.46940557569089625,0.1902018094575468,0.34039137752267945
3-5A-rep1,1.186443123540539e-06,0.12801858495572846,0.0937448328291347,0.7782353957720132
3-5A-rep2,9.074598531358092e-07,0.11271838421574328,0.08686363078182774,0.8004170775425758
3-5B-rep1,1.8682822834923237e-06,0.4532225110495079,4.585009789908545e-06,0.5467710356584187
3-5B-rep2,1.295240950651632e-06,0.3976207490736991,3.1786911921720764e-06,0.602374776994158
3-6A-rep2,2.0615615366050154e-06,0.8238963166760865,5.059342429862385e-06,0.17609656241994687
3-6C-rep2,1.5504836498773759e-06,0.717649781209905,3.8050902567530072e-06,0.28234486321618835
3-7A-rep2,2.3018442173166827e-06,0.16284677023534372,0.5278871266311383,0.30926380128930064
3-7B-rep2,2.1434004964477685e-06,0.046869913565971213,0.915841290289101,0.03728665274443127
3-7C-rep2,1.3068413118092593e-06,0.49659070931232263,3.207160000094813e-06,0.5034047766863654
3-8A-rep1,1.47128164056322e-06,0.32899898404223565,3.6107181368145676e-06,0.670995933957987
3-8A-rep2,1.1081773928332265e-06,0.24792936866050472,2.719612683795247e-06,0.7520668035494186
3-8B-rep1,1.2003165547441969e-06,5.487248627388204e-06,0.9092927158435349,0.09070059659128292
3-9A-rep2,3.496592945329385e-07,0.7252124197537847,8.581097742731047e-07,0.2747863724771465
4-10A-rep1,0.6235996941006988,0.3763886770905751,2.738173915367694e-06,8.890634810706473e-06
4-10A-rep2,0.633238089150977,0.3666459942405745,2.299718053762682e-06,0.00011361689039480203
4-10B-rep1,0.2573839570289862,0.6901430070653101,2.2984981271780753e-06,0.052470737407576615
4-10B-rep2,0.3001327566286866,0.6998552265124548,2.829546021974671e-06,9.187312836586536e-06
4-10C-rep1,0.4728143576586987,0.5098701795593196,0.01730434848451663,1.1114297464967122e-05
4-10C-rep2,0.5118278218556421,0.4879087720016559,2.7278309592982277e-06,0.00026067831174255357
4-11A-rep1,7.0613909342651e-07,0.8812875194774118,0.11202702454425656,0.00668474983923825
4-11A-rep2,7.110017066609639e-07,0.8778122112949024,0.1221814121784243,5.6655249667038415e-06
4-11B-rep1,1.5755265259124668e-06,0.9962341058442513,0.003751764250260402,1.255437896229641e-05
4-11B-rep2,7.438315263353594e-07,0.9967896542471826,0.0031194156031072195,9.01863181839257e-05
4-11C-rep1,1.2367221857145827e-06,0.910676908820188,0.089311999797146,9.854660480278704e-06
4-11C-rep2,1.4575566385303858e-06,0.9303903230833226,0.06365271649863193,0.005955502861406921
4-12A-rep1,4.897275287007785e-07,0.9895928454869409,1.2018555939435014e-06,0.010405462929936474
4-12C-rep1,1.002413676767178e-06,0.9549657096316694,2.460054651336962e-06,0.04503082790000264
4-12C-rep2,1.0790844947012481e-07,0.9599237837135751,2.6482148956073784e-07,0.040075843556485885
4-1A-rep1,9.738265587303271e-08,1.1476424818098583e-05,0.8526764727832656,0.14731195340926043
4-1A-rep2,7.492926862851251e-07,3.425392450082719e-06,0.8414805290757351,0.1585152962391286
4-1B-rep1,1.2952080887318475e-07,5.921045393388372e-07,0.7309914970161971,0.2690077813584547
4-1B-rep2,1.3672585039513088e-06,6.250423956445845e-06,0.6351633212944663,0.3648290610230733
4-1C-rep1,1.0758327558539228e-06,4.91817078546983e-06,0.9405750852241294,0.05941892077232939
4-1C-rep2,3.275275974445545e-07,1.4972928203030574e-06,0.9459387862014363,0.05405938897814591
4-2A-rep1,1.027976993895547e-06,0.9777469933396171,2.5227903847599724e-06,0.022249455893004335
4-2A-rep2,1.8919053694978463e-06,0.9950492632527469,0.0046123046702882566,0.0003365401715953712
4-2B-rep1,8.774686830536249e-07,0.8315116497959429,2.1534232474862297e-06,0.16848531931212657
4-2B-rep2,2.43720415833148e-06,0.8053359051946318,0.0002820610142108184,0.19437959658699897
4-2C-rep1,8.671258922641311e-07,0.1584419218887227,0.6387634669830405,0.20279374400234462
4-2C-rep2,7.411773585742888e-07,0.19856532644536107,0.6811574232713332,0.12027650910594724
4-3A-rep1,0.6331759154778556,0.26333029960508264,1.7075529091856295e-06,0.10349207736415267
4-3B-rep1,0.5461605353291994,0.2010714593070796,3.677524934341751e-06,0.2527643278387866
4-3B-rep2,0.5927271004224289,0.24012970948810058,1.7492589137407592e-06,0.16714144083055688
4-3C-rep1,0.8883755521695728,4.3309866158739135e-06,2.325015062642216e-06,0.11161779182874872
4-4B-rep1,1.6469146635535936e-07,0.11908070599939902,0.83347612487244,0.04744300443669458
4-4C-rep1,1.5145721422399213e-06,0.04856026427984147,0.6898729105779811,0.2615653105700352
4-4C-rep2,2.0302693003680992e-06,0.06681943934675749,0.7237625285907842,0.20941600179315795
4-5A-rep1,1.6779434830046046e-06,0.999980833687897,4.117893406401273e-06,1.3370475213519654e-05
4-5A-rep2,9.338366180778104e-08,0.9999671985905231,2.291757553927177e-07,3.24788500597307e-05
4-5B-rep1,8.863225337103965e-07,0.913495118197378,2.175151758374746e-06,0.08650182032832994
4-5B-rep2,4.799820469964177e-07,0.9700632552303836,1.177938903507223e-06,0.02993508684866591
4-5C-rep1,8.276173744468845e-07,0.9999905465392244,2.031081597072246e-06,6.5947618041971426e-06
4-5C-rep2,2.6582333507456734e-07,0.9999969636325324,6.523653328365131e-07,2.118178799696723e-06
4-6A-rep1,1.4302812106886246e-06,0.8099361631705776,3.510097703796234e-06,0.19005889645050789
4-6A-rep2,7.767179544411443e-07,0.8352401941248658,1.9061677438023075e-06,0.16475712298943598
4-6B-rep1,1.177109324431547e-06,0.7929766509314383,2.888780685872972e-06,0.2070192831785514
4-6B-rep2,4.617429392264089e-07,0.8872775102126,1.1331777405804051e-06,0.11272089486672025
4-6C-rep1,8.114889922102425e-07,0.9674958636481142,1.991500431472281e-06,0.03250133336246214
4-7A-rep1,6.071188650648946e-07,0.28791992739904876,0.3948946671909807,0.3171847982911055
4-7B-rep1,1.497741110871436e-06,6.846925356756107e-06,0.9129441403315525,0.08704751500197988
4-7B-rep2,6.325910613378446e-07,2.8918908260528737e-06,0.9523387460304625,0.04765772948765008
4-7C-rep1,9.323299297474791e-07,4.262147436906813e-06,0.9857825926814231,0.01421221284121032
4-7C-rep2,2.889027469604756e-07,0.03941992017775236,0.960577488835398,2.302084102639695e-06
4-8A-rep1,1.675554902028877e-06,0.8586730791984442,4.1120315153720286e-06,0.14132113321513837
4-8A-rep2,1.9806187858035446e-06,0.8618843761146538,0.0007901174016722531,0.137323525864888
4-8B-rep1,9.821170284478304e-07,0.9700621227520848,2.410244014010473e-06,0.02993448488687284
4-8B-rep2,1.1299905436829546e-07,0.9686701643793798,2.773145017253874e-07,0.03132944530706414
4-8C-rep1,2.1991995680514307e-06,0.9130322477827955,5.397124213279991e-06,0.08696015589342318
4-8C-rep2,1.8826256695051224e-06,0.9667101436627215,0.00021787887728021567,0.033070094834328774
4-9A-rep1,1.8696671807609552e-06,0.9999786437236545,4.588408509465433e-06,1.4898200655204619e-05
4-9B-rep1,0.0001364281096199034,0.8175157337185481,0.024673061038956192,0.1576747771328757
4-9C-rep1,4.348045208652656e-07,0.8442555855495357,1.0670673283574646e-06,0.15574291257861506
5-10A-rep1,0.40144451916185164,0.5407749951684026,3.0230086934477147e-06,0.057777462661052326
5-10B-rep1,0.2631279879743745,0.6224819966673093,0.002882521483198797,0.11150749387511745
5-10B-rep2,0.28258491706801314,0.6123275047444573,4.807309413086442e-06,0.1050827708781163
5-10C-rep1,0.381051403776097,0.4083260081277548,0.015041713926557683,0.19558087416959044
5-11A-rep1,1.7199522129042425e-06,0.6468483246017179,0.2481220909132594,0.10502786453280968
5-11B-rep1,0.039736885927292104,0.6323123323467955,0.1706286609393596,0.1573221207865528
5-11C-rep1,1.5128849990160928e-06,0.5207312481438778,0.3418120656734273,0.13745517329769574
5-11C-rep2,1.3504217390243276e-06,0.5928494187407762,0.39275909588787955,0.014390134949605188
5-12A-rep1,7.76274004034796e-07,0.43536571280085484,0.0016286875535232576,0.563004823371618
5-12A-rep2,1.2906960071470591e-06,0.48234114384817683,3.167537304642781e-06,0.5176543979185113
5-12B-rep1,1.4770666822671301e-06,0.7244102860837944,3.6249153879911275e-06,0.2755846119341353
5-12B-rep2,1.4643262545299915e-06,0.8283027960257308,3.59364870713752e-06,0.17169214599930752
5-12C-rep1,1.4427872626620832e-06,0.9511981782825737,0.03808389108831279,0.01071648784185081
5-12C-rep2,0.013619465212080177,0.9184097101358993,0.044245720801705676,0.023725103850314816
5-1A-rep1,7.102294781717775e-07,3.2468149454618425e-06,0.9999099307387179,8.611221685853217e-05
5-1A-rep2,3.759649281272015e-07,1.7187241379435493e-06,0.9998245563838585,0.00017334892707539254
5-1B-rep1,7.011197351419166e-07,0.03244665042421472,0.6314774445523994,0.33607520390365075
5-1B-rep2,6.001436379436599e-07,2.7435573895287326e-06,0.6927444069388745,0.30725224936009804
5-1C-rep1,1.0017880314102542e-06,4.579675235306026e-06,0.7910133884400706,0.20898103009666272
5-1C-rep2,1.2585856679000416e-06,5.753625950869906e-06,0.8560594232765691,0.14393356451181208
5-2A-rep1,5.12947423234395e-07,0.14096574394592995,0.8590296557515734,4.087355073433921e-06
5-2A-rep2,1.972872728130241e-06,0.12728179358435365,0.8727005129622323,1.5720580685864436e-05
5-2B-rep1,8.043172533699102e-07,0.7701181377733995,0.22987464881153852,6.409097808665038e-06
5-2C-rep1,8.421444000398076e-07,0.3699010855374064,0.6294712890641749,0.000626783254018686
5-3A-rep1,0.9646898091924246,5.210001450003745e-07,6.734622614848099e-06,0.03530293518481545
5-3B-rep1,0.9999920454087614,2.4252645650315507e-06,1.3019612260918929e-06,4.2273654474311526e-06
5-3B-rep2,0.9999882049673886,3.5961715414155916e-06,1.930542332084626e-06,6.26831873784365e-06
5-3C-rep1,0.9999667720650633,2.120563574373371e-06,1.1383877829679354e-06,2.99689835793275e-05
5-3C-rep2,0.9999908006934383,2.8047641365870673e-06,1.5056889903151502e-06,4.888853434861442e-06
5-4B-rep1,0.0045789802902970675,0.1822088902930624,0.8074939223782737,0.0057182070383669
5-4C-rep1,9.812437096104256e-07,0.12599595030798633,0.7922980934298908,0.08170497501841333
5-4C-rep2,1.2232695712674175e-06,0.10122996795392787,0.8369574574840594,0.0618113512924415
5-5A-rep1,1.1789170837781337e-06,0.9894365190731647,0.010419363471297943,0.0001429385384535917
5-5A-rep2,0.020776660803473356,0.9656213647901944,0.01359355113144186,8.423274890486722e-06
5-5B-rep1,6.214360519505498e-07,0.9132667916992774,0.08672763503201755,4.951832653215494e-06
5-5B-rep2,1.300105156461318e-06,0.9183962717577697,0.08159206841760434,1.03597194693997e-05
5-5C-rep1,1.4198145734122225e-06,0.9999837821657773,3.4844112029907882e-06,1.1313608446220836e-05
5-6A-rep1,3.533824780186579e-07,0.88580982691753,0.051019353157268604,0.06317046654272349
5-6B-rep1,5.604786160929693e-07,0.9950414185863898,0.004953554833769577,4.466101224553747e-06
5-6B-rep2,1.287683723462467e-06,0.9941506803604854,0.005837771214900998,1.0260740890139007e-05
5-6C-rep1,1.1390628065151394e-06,0.9999869890532812,2.7954095402704037e-06,9.076474371998269e-06
5-6C-rep2,1.99358990444666e-06,0.9999772282161462,4.892531128574678e-06,1.5885662820774477e-05
5-7A-rep1,1.0662174087545256e-06,0.24131967920698505,0.7101179299281678,0.04856132464743849
5-7A-rep2,2.188025441534656e-06,0.17734919226818532,0.7061400328400433,0.11650858686632984
5-7B-rep1,5.434177194003475e-07,0.16845285148111822,0.8315422749474823,4.330153680038928e-06
5-7B-rep2,8.30771718347929e-07,0.17382042296677924,0.8261721263647176,6.619896784827307e-06
5-7C-rep1,6.996472195824354e-07,3.198438137119472e-06,0.9999905268664356,5.5750482077525516e-06
5-7C-rep2,8.735613514967586e-07,3.993486808120813e-06,0.9999881720914087,6.960860431819497e-06
5-8A-rep1,7.078944411714018e-07,0.8590208146152161,0.14097283672521854,5.640765124295072e-06
5-8A-rep2,1.168849062544721e-06,0.8459345801190653,0.15405493720957877,9.3138222934157e-06
5-8B-rep1,1.4341150338818271e-06,0.40613808995521355,0.5937678220631608,9.265386659170404e-05
5-8C-rep1,1.5537583733534164e-06,0.29904041788362157,0.48208282986811174,0.21887519848989334
5-9A-rep1,6.770046389865214e-07,0.8862621436682899,1.6614581880872688e-06,0.11373551786888306
5-9A-rep2,1.1275690858768737e-06,0.9391247615926566,2.767202442170424e-06,0.06087134363581542
5-9B-rep1,5.072297150750805e-07,0.9392615340839768,0.0019260740559440053,0.05881188463036412
5-9B-rep2,8.54949093552741e-07,0.9701615782591304,2.098157220912736e-06,0.0298354686345552
5-9C-rep1,7.625941521586695e-07,0.9555896193658732,0.006826252677667288,0.03758336536230747
5-9C-rep2,1.4551540625545534e-06,0.9522633979098205,3.571138944895546e-06,0.047731575797172
