,11_1,11_2,11_3,11_4,11_5,11_6,11_7,11_8,11_9,11_10,11_11
1-10A-rep2,4.192385535479921e-07,1.89111594815061e-06,1.1022962997419338e-06,0.785768597958689,8.68539889433551e-07,1.563665306493251e-06,2.9643774382980362e-06,0.21421883288728633,4.660676149662163e-07,1.5165922247353436e-06,1.777260749361933e-06
1-10B-rep1,5.647217455064038e-07,2.5473666249360265e-06,1.4848126089249462e-06,0.9999771624010342,1.1699385904562475e-06,2.1062848199374623e-06,3.993068831881257e-06,5.90672621961253e-06,6.27801319368875e-07,2.0428765463621453e-06,2.3940016587353217e-06
1-10B-rep2,2.6880665117572953e-05,8.801412809302252e-07,5.130179765911676e-07,0.9995117695120745,4.0422577556527563e-07,5.4098838927490854e-05,0.0004016628656992606,2.0408344563140684e-06,2.1691179117685258e-07,7.058347874612074e-07,8.271521130262536e-07
1-10C-rep1,7.821299655720411e-07,3.5280592371628234e-06,2.0564400856531775e-06,0.990341123368557,1.62034495175035e-06,0.009630164115680663,5.530332084530404e-06,8.180714859220228e-06,8.694940972456181e-07,2.8293491008414455e-06,3.3156513802155933e-06
1-10C-rep2,1.717757765547171e-07,7.748521880905554e-07,4.5164692340225436e-07,0.9887867860228441,3.558692603854657e-07,0.011206907973155178,1.2146025983429428e-06,1.7966945515090765e-06,1.9096317790978636e-07,6.213975430361691e-07,7.282019813736348e-07
1-11A-rep2,4.1004568821579e-07,0.0005065753684519381,1.078125666211322e-06,0.282656008174832,8.494949562525802e-07,1.529377990917005e-06,2.899375967528071e-06,0.7168269725616239,4.558479040550284e-07,1.4833371055010366e-06,1.7382898136242145e-06
1-11B-rep1,8.236263986707654e-07,0.0954138140731639,2.1655459020674976e-06,0.21877538711827565,1.7063134465618056e-06,0.1305583311431686,5.8237475851008214e-06,0.555234561778738,9.156256933029297e-07,2.979462126609652e-06,3.491565501569042e-06
1-11B-rep2,0.8690561436504365,1.7460495460812153e-06,1.017739793106607e-06,0.02843760874287895,8.019147007786243e-07,1.4437174522775732e-06,2.736981772913199e-06,0.1024950297041472,4.303158398884735e-07,1.4002553191828695e-06,1.6409281132265212e-06
1-11C-rep1,7.211144501392376e-07,0.08294646900845459,1.8960131012567458e-06,0.34796417649420136,1.493938616790815e-06,0.018445473691486663,5.098899870569139e-06,0.5506282035599246,8.016631320039021e-07,2.6086259457058185e-06,3.0569908162882456e-06
1-11C-rep2,5.453872495527539e-07,0.07011787555679913,1.433976770553884e-06,0.45874661006483153,1.1298831593998235e-06,2.0341715081120133e-06,3.856357303085032e-06,0.47104703245588925,6.063071549142216e-07,1.972934156798191e-06,7.690290517762527e-05
1-12A-rep1,5.284762822006896e-07,2.3838693198207007e-06,1.3895130718327614e-06,1.237910982578399e-05,1.09484857207508e-06,1.9710974116963175e-06,3.736782207583908e-06,0.9927439758287889,5.875072278706657e-07,0.0072297126195346294,2.2403477575601525e-06
1-12A-rep2,3.641933690858028e-07,1.6428162025180272e-06,9.575669979213236e-07,8.530921567495001e-06,7.545023372522573e-07,1.358359175879494e-06,2.5751606033344356e-06,0.9927083543646686,4.048738683020485e-07,0.007273513331245717,1.5439099638530395e-06
1-12B-rep1,8.746629631505283e-07,3.945460322940653e-06,0.0007200488489427567,0.12789945530063082,1.8120463084257306e-06,3.2622956996165234e-06,6.184620026319979e-06,0.8713565723928367,9.723630560331675e-07,3.1640865038578006e-06,3.7079227093318504e-06
1-12B-rep2,3.6314426182862407e-07,1.638083852764931e-06,9.548085993011733e-07,0.17304512097178507,7.523288932942944e-07,1.3544462422836744e-06,2.567742511994276e-06,0.826943991632193,4.0370757547649833e-07,1.3136715583184102e-06,1.5394625266260118e-06
1-12C-rep1,9.681228902203735e-07,4.367042634727121e-06,2.5454678978211433e-06,0.16950372342906386,2.005667992397166e-06,3.610880161302434e-06,6.845462157479355e-06,0.83046725136412,1.0762624825904938e-06,3.5021770671395335e-06,4.104123532499824e-06
1-12C-rep2,3.5783042377557843e-07,1.614114005996404e-06,9.408370216069726e-07,0.18416704703926454,7.413201721831246e-07,1.3346268241086235e-06,2.5301691030081317e-06,0.8158222248784226,3.9780018025547127e-07,1.2944487902629688e-06,1.516935791619846e-06
1-1A-rep1,3.5067397557698695e-07,1.5818324488592199e-06,9.220207025880226e-07,0.6214811061898139,7.26494100786449e-07,1.307934885423236e-06,2.4795668542437547e-06,3.6678863219954834e-06,3.898443548302579e-07,0.37850598095878657,1.4865977552428015e-06
1-1A-rep2,1.853062729263082e-07,8.358860249315671e-07,4.872224112906057e-07,0.6200644176088974,3.839004987415476e-07,6.911506291543103e-07,1.3102748542303693e-06,1.93821723647454e-06,2.0600503443716942e-07,0.3799287588668824,7.855612578931787e-07
1-1B-rep1,6.02309489011068e-07,2.7169187345764578e-06,1.5836413789180602e-06,0.857794770168128,1.24780942154111e-06,2.246478630764744e-06,4.258846532569285e-06,0.0006653073952340068,6.695876241324118e-07,0.14152404349899325,2.553345833126183e-06
1-1B-rep2,1.9598532779810143e-07,8.840574796041196e-07,5.153006559327011e-07,0.8675252947518393,4.0602438276678033e-07,7.309810967194773e-07,1.3857849643010709e-06,2.049915172517958e-06,2.7022162558651598e-05,0.1324406842039866,8.308325357928334e-07
1-1C-rep1,5.201674191912166e-07,2.346389409599576e-06,1.367666729522652e-06,0.34839275649865287,1.0776350336290266e-06,1.9401072255257827e-06,3.678031394151452e-06,5.440708734829657e-06,5.782702625841161e-07,0.6515880894008015,2.2051243364945347e-06
1-1C-rep2,1.723101284267122e-07,7.772625612265708e-07,4.5305188505541237e-07,0.34185684814535083,3.569762814642608e-07,6.426779395597808e-07,1.2183809260278588e-06,1.802283623008319e-06,1.9155721703244297e-07,0.6581368068868501,7.304672372772434e-07
1-2A-rep1,2.6020835740023603e-07,1.173756970481793e-06,6.841610989657527e-07,0.3907252506413428,0.4145279753667826,3.6558382213545974e-05,1.8398970643465666e-06,0.18730164827211068,2.8927370229065055e-07,0.007403216949774379,1.1030905825564577e-06
1-2A-rep2,3.6408455973389966e-07,1.6423253814831999e-06,9.57280907472425e-07,0.34887005091463746,0.45681714134497375,1.3579533415230088e-06,2.5743912275574996e-06,0.17991198413874585,4.0475290491569404e-07,0.014391979364627517,1.543448692844769e-06
1-2B-rep1,9.589806316909347e-07,4.325803414810867e-06,2.5214303238361186e-06,0.2709922256405112,1.9867279017372484e-06,3.5767815976934954e-06,0.48804089777485693,0.24094490628958112,1.0660990312758179e-06,3.4691050176227893e-06,4.065367132098707e-06
1-2B-rep2,4.2563263407255044e-07,1.9199585904873368e-06,1.1191081393087494e-06,0.3495755054749571,8.817865575770939e-07,1.587513785595571e-06,0.45167311601632576,0.19874162724342076,4.7317591603910827e-07,1.5397227615760277e-06,1.8043669118281108e-06
1-2C-rep2,4.0076348393949885e-07,5.6618916161578804e-05,1.053720135420764e-06,0.5734435154397334,8.302649388612846e-07,1.4947574612167035e-06,0.34383310369883313,0.08265938821142718,4.4552887501519327e-07,1.4497588033275064e-06,1.6989401469769099e-06
1-3A-rep1,8.86755859560764e-07,4.000009383534414e-06,2.3315310447859682e-06,0.00014205026479322558,1.8370992593582957e-06,3.3073994774338884e-06,6.2701272130488686e-06,0.9998313639861461,9.85806732289213e-07,3.2078324630857457e-06,3.759187627489124e-06
1-3A-rep2,6.626852799815723e-07,2.9892639667127904e-06,1.7423863474271665e-06,0.03989419394355502,0.019850075097769423,2.4716667221120224e-06,4.685755343931438e-06,0.9402372359402937,7.367074075139288e-07,2.3972588745981522e-06,2.809294439463683e-06
1-3B-rep2,0.6901843489135541,2.4466470864261583e-06,1.426105063932945e-06,0.14125410317314285,1.1236807515719061e-06,2.023005078043313e-06,0.011576134609569758,0.1569735294370209,6.02978877815411e-07,1.9621038845206656e-06,2.299345970033372e-06
1-3C-rep1,8.070801708162066e-07,3.640605496679175e-06,2.122041206269812e-06,0.04726230281139524,0.021746880761855922,0.000113391997307332,5.706751511801046e-06,0.9308579096917746,8.972312472587898e-07,2.919606275327476e-06,3.421421758664109e-06
1-3C-rep2,6.657020199708927e-07,3.0028719830961753e-06,1.7503182069839018e-06,1.5593506641678336e-05,1.3791402387209673e-06,0.9385950090953075,4.707086292351785e-06,6.962932819746548e-06,7.400611181874747e-07,0.06136736720219048,2.822083181168556e-06
1-3C-rep3,3.9101200890631973e-07,1.763790662149829e-06,1.0280807595686845e-06,0.11985214742111538,0.06289030325131653,1.4583866573689323e-06,2.764791471337802e-06,0.8172466364938133,4.346881575462162e-07,1.414482917820647e-06,1.657601120119333e-06
1-4A-rep1,5.870757989904088e-07,2.6482020721811573e-06,0.007067281550156863,0.058386382420923685,1.2162496631786343e-06,2.189660400729394e-06,0.0163838164078014,0.9142965743838117,6.526523267582152e-07,0.0038561626307666093,2.4887662778526125e-06
1-4A-rep3,4.1108310930742055e-07,1.854328084684631e-06,1.0808533386090555e-06,0.11369156535318502,8.516441898872147e-07,1.5332473377494436e-06,2.9067114276187954e-06,0.8721280348807904,0.014168532120858428,1.4870899682757702e-06,1.7426877101704924e-06
1-4B-rep3,1.7927258620430617e-07,8.086690595796044e-07,4.713581485905782e-07,0.5962214750347067,3.714004613426626e-07,6.686463377011543e-07,0.14198811811647075,0.2617862997047538,1.992973832534266e-07,6.485171939572672e-07,7.599828980448091e-07
1-4C-rep1,7.293870258381131e-07,3.2901445376699964e-06,1.9177640340014407e-06,1.7085274027346245e-05,1.5110769785231158e-06,2.720449199285757e-06,5.157394101480925e-06,0.9999610470380088,8.108597566773078e-07,2.6385519243098185e-06,3.0920604060511864e-06
1-4C-rep2,0.8495180913945273,7.311210969993361e-07,4.2615688407353445e-07,3.79661262488297e-06,3.357847187378103e-07,6.045259653915739e-07,1.1460528830757525e-06,1.6952927431348082e-06,1.801856021907053e-07,0.15047230576922066,6.871037336436624e-07
1-4C-rep3,3.223652224254019e-07,1.4541363338331646e-06,8.475890130756507e-07,9.572885073230713e-05,6.678466287822675e-07,1.2023496170871076e-06,2.279399602356457e-06,0.9998946063460223,3.5837350618724e-07,1.1661536986947884e-06,1.366589622846818e-06
1-5A-rep1,7.599377695698325e-07,3.42795390231447e-06,1.9980905485474924e-06,0.0836848761345012,1.57436920047718e-06,2.8343965871311054e-06,5.373414156590591e-06,0.8754461780428429,8.448230268631845e-07,0.04084891126454752,3.2215729168608216e-06
1-5A-rep2,2.1108050392110045e-07,9.521493286594043e-07,5.549901278181388e-07,4.944382232708874e-06,4.3729718077138636e-07,7.872827011382056e-07,1.492520852848189e-06,2.2078036783261274e-06,2.3465825410332312e-07,0.9999872830102448,8.948248947995784e-07
1-5A-rep3,3.482355462673222e-07,1.5708330965407861e-06,9.156093847774862e-07,0.08826110003702288,7.214423871377773e-07,1.298840093731034e-06,2.462325060116566e-06,0.8829617150646005,3.871335522979019e-07,0.028768004218633455,1.47626062220605e-06
1-5B-rep1,9.00960619719804e-07,4.064084713079075e-06,2.3688793621807303e-06,0.02318674596256256,1.86652737543577e-06,3.3603800310107816e-06,6.3705670942943625e-06,0.9767862424167179,1.001598168054037e-06,3.259218073090157e-06,3.819405282738409e-06
1-5B-rep2,0.02184720003672509,1.0519057859659201e-06,6.131363106959638e-07,3.735578622616985e-05,4.831127017520088e-07,8.697661213332591e-07,1.6488919054286338e-06,2.4391147413588596e-06,2.592433432300868e-07,0.9781070904306541,9.885754848888067e-07
1-5B-rep3,4.386292710535105e-07,1.978584275694516e-06,1.1532799604162313e-06,0.023886262933581752,9.087117951319908e-07,1.635988312034581e-06,3.1014865018593614e-06,0.9726811610846313,4.876242809355022e-07,0.0034210122143697157,1.8594630202000282e-06
1-5C-rep1,7.390448839754896e-07,3.3337095423528926e-06,1.943157264652982e-06,0.6509519157357332,1.5310852410452832e-06,2.7564708332138506e-06,5.225683471631718e-06,0.34467962454322126,8.215964002175444e-07,0.004348975970841735,3.1330025666545054e-06
1-5C-rep2,2.3341124174830377e-07,1.0528796028233715e-06,6.137039304231649e-07,5.46746087476752e-06,4.835599502597095e-07,0.002171628315720355,1.650418390742285e-06,0.12300140591948373,2.5948334147060196e-07,0.874816215356791,9.894906728123752e-07
1-5C-rep3,3.87140493613331e-07,1.746326895394318e-06,1.0179014548608047e-06,0.7563707548454492,8.020420800342286e-07,1.4439467779829074e-06,2.7374165257622208e-06,0.24356469036417766,5.3378349639688664e-05,1.4004777411936396e-06,1.6411887646416403e-06
1-6A-rep1,4.704649928053517e-07,2.122189964189241e-06,1.2369850442871763e-06,0.9189718903425581,9.746661164041544e-07,1.7547283782552035e-06,3.3265924576318393e-06,0.08094966069772438,6.486700640589598e-05,1.701903472522805e-06,1.9944228854565e-06
1-6A-rep2,0.0022360382085895073,1.4458493734315712e-06,8.427586980462007e-07,0.030781504407484797,6.640406455066365e-07,1.195497561035797e-06,0.0062710434352477445,3.3525745057891247e-06,3.563311756397835e-07,0.9607021980951372,1.3588015813638662e-06
1-6A-rep3,0.8630740637151129,1.7917698987537503e-06,1.044389335998526e-06,0.13691026996086023,8.229128580274701e-07,1.481521231228617e-06,2.80864971165912e-06,4.154680420509574e-06,4.4158367132225807e-07,1.4369210410510254e-06,1.6838958584519504e-06
1-6B-rep1,8.324407861818913e-07,3.7550030485433302e-06,0.0051254504363847,0.8591335636921461,1.7245742841912375e-06,3.1048164965906065e-06,5.886072891896364e-06,0.13571821725923428,9.2542465031662e-07,3.011348105253665e-06,3.528931971853357e-06
1-6B-rep2,3.027692558846995e-07,1.3657421617539839e-06,7.960656948481674e-07,0.8670241585704307,6.272495070038267e-07,1.12926107890859e-06,2.1408392514457635e-06,0.13184872703152625,3.365886648092453e-07,0.0011191323651801657,1.2835172482193893e-06
1-6C-rep2,2.868412003970804e-07,1.2938933312951792e-06,7.541863484056727e-07,0.7788076735532194,5.942512261085452e-07,1.0698530221945543e-06,2.0282141888796794e-06,0.21882990554604162,3.1888144115498193e-07,0.0023548587858825062,1.2159940979932645e-06
1-7A-rep1,1.0382322250357403e-06,4.683294277286023e-06,2.729805096035191e-06,0.0561126197708021,2.150914066245734e-06,3.872372177206832e-06,7.341195502091624e-06,0.940732347760854,1.154203049334018e-06,0.003127661116799972,4.401335150746096e-06
1-7A-rep2,2.9419300547716496e-07,1.327056111094368e-06,7.735163157181219e-07,0.18336159209223804,6.094820199307138e-07,1.0972735980135983e-06,0.00024349520879931883,0.8133302492493183,3.2705444487893277e-07,0.003058987713846437,1.24716030275954e-06
1-7B-rep2,4.065346847969578e-07,0.014791552676363121,1.06889424881374e-06,0.11665926024895554,8.422211821795948e-07,1.516282739560599e-06,2.8745501512177833e-06,0.8675936250084497,4.5194472059133004e-07,0.0009466782327432298,1.7234057613004065e-06
1-7C-rep1,7.12124633081242e-07,3.212276731931512e-06,1.8723763388585306e-06,0.350930885374584,1.4753143403555959e-06,2.6560643653229865e-06,5.0353341258741015e-06,0.6490477644797239,7.916691499148409e-07,2.576105352032917e-06,3.018880654744406e-06
1-7C-rep2,3.2517519669492785e-07,1.4668116641672226e-06,8.549772272879533e-07,0.4720013726967987,6.736680751180368e-07,1.2128301877316999e-06,2.2992685391617342e-06,0.5279888782543658,3.6149735535337943e-07,1.176318758880222e-06,1.3785018311436957e-06
1-8A-rep1,9.288556179239883e-08,4.189914447799613e-07,2.4422231733392155e-07,0.9984591007086145,1.924317667981558e-07,3.4644220866553167e-07,6.567808742558904e-07,9.715396788388424e-07,1.0326090452085468e-07,0.0015374789706884022,3.9376594008109335e-07
1-8A-rep2,1.5157124657964047e-07,6.837128867610546e-07,3.9852352041111587e-07,0.9981696379619702,3.140113728364831e-07,5.653265849067157e-07,1.071739180122802e-06,1.5853645860732416e-06,1.6850179639488367e-07,0.0018247807371068417,6.425497488198371e-07
1-8B-rep1,5.201674191912166e-07,2.346389409599576e-06,1.367666729522652e-06,0.9985561315573777,1.0776350336290266e-06,1.9401072255257827e-06,3.678031394151452e-06,0.0002900072368270607,5.782702625841161e-07,0.0011401478139844597,2.2051243364945347e-06
1-8B-rep2,1.4336004858740514e-07,6.466735273196981e-07,3.769339669535681e-07,0.9999942024557698,2.9700016779358464e-07,5.347006672363468e-07,1.013678942428575e-06,1.4994792826276068e-06,1.593734053347843e-07,5.186038669042656e-07,6.077403550431058e-07
1-8C-rep1,9.64546930972765e-07,4.3509120725308295e-06,2.5360656932449947e-06,0.9642112167369195,1.998259648810318e-06,0.015174166929658301,0.00013873817171727813,0.00014200670595552385,1.0722870877141288e-06,0.020318860420200646,4.0889641156038656e-06
1-8C-rep2,0.8311635069828575,1.6246889924350113e-06,9.470009844419841e-07,0.16877302761290047,7.461769857281276e-07,1.3433707297516686e-06,5.1806696311494586e-05,3.7672602665008027e-06,4.0040639734785084e-07,1.3029294665669033e-06,1.5268741078509322e-06
1-9A-rep1,4.6680062339917387e-07,2.1056605983537472e-06,1.227350384489947e-06,0.6764895216329999,9.670746127794262e-07,1.741061106335376e-06,3.3006822117793677e-06,0.32317726912738093,5.189423810648912e-07,0.0003209027790258645,1.978888675013192e-06
1-9A-rep2,0.00047723653307151507,8.740998897854678e-07,5.094965621000718e-07,0.7268321814199663,4.0145112327490505e-07,7.227476841934272e-07,1.370176162192927e-06,0.272684966188355,2.1542288365393274e-07,7.009898561677643e-07,8.214744456343517e-07
1-9B-rep2,0.0021934414495188067,1.4183057933728753e-06,8.267040577106689e-07,0.28919911526607467,6.513906025506883e-07,1.172723208888579e-06,2.2232342224143236e-06,0.7037820520856658,3.495430299006809e-07,0.004817416381555259,1.3329162707444404e-06
1-9C-rep1,0.004069846750962314,3.441187219818439e-06,2.005804003099129e-06,0.21453162490769864,1.580446915665916e-06,2.8453385283119204e-06,5.394157753978664e-06,0.7813764196314621,8.480843925838833e-07,2.7596815449306563e-06,3.2340095185438903e-06
1-9C-rep2,0.0039592141779991995,1.079129709148222e-06,6.290046289858373e-07,0.3465958650793824,4.95615934699638e-07,8.922761658540262e-07,1.6915661707176003e-06,0.6494379876221181,2.6595270917880463e-07,8.654147980591014e-07,1.014160383669268e-06
2-10A-rep1,3.615818850316359e-07,1.631036228798099e-06,0.00464947596279723,8.469749762811172e-06,0.00014910628132150806,0.03803024145483875,2.556695163204628e-06,0.9571549144084426,4.0197068076276473e-07,1.3080196723399707e-06,1.5328392069587211e-06
2-10A-rep2,3.871609930002107e-07,1.746419364746498e-06,0.017262968676166137,0.17532906535004808,8.020845487792027e-07,0.007891108616490918,0.0011147037122012653,0.7983957457456407,4.3040698210715497e-07,1.4005518975671185e-06,1.6412756668489372e-06
2-10C-rep1,9.018496378303281e-07,4.068094927103474e-06,2.371216841320807e-06,0.7704220444829692,1.8683691614186774e-06,0.05304089096929239,0.16405268214078547,9.432926825128e-06,0.010238478781127429,0.002223437994372103,3.823174060633321e-06
2-10C-rep2,0.8803951598738482,4.172422783348472e-07,2.432027607583622e-07,0.11960119197203622,1.916284205875091e-07,3.4499591401174176e-07,6.540390066560773e-07,9.674837855085757e-07,1.0282982051775561e-07,3.346100463973739e-07,3.9212208272266837e-07
2-11B-rep1,1.1823322603566323e-07,5.333305762675831e-07,3.1086846966411934e-07,0.40890316019174433,2.4494472705175855e-07,0.49445831048799255,8.360106787678585e-07,0.09663542556364466,1.3143990981233798e-07,4.2770778067417565e-07,5.012212501099734e-07
2-11B-rep2,4.325060147001284e-07,1.9509632765127936e-06,1.1371801939143612e-06,0.41969685236303333,8.960261956060612e-07,0.47647469840356504,3.058189808773134e-06,0.10381709545874271,4.808170551679873e-07,1.5645871628320964e-06,1.8335049514989316e-06
2-11C-rep2,5.508105269739004e-07,0.0858063066029429,1.4482360951871072e-06,0.33170230368509546,1.1411186069317042e-06,0.18961418779912112,0.08076043304574698,0.31210868878442716,6.12336213910783e-07,1.9925528209212463e-06,2.335028402424856e-06
2-12A-rep2,5.338395779645809e-07,2.4080622621632097e-06,0.2231976489652112,0.0468128950805917,1.105959755124318e-06,1.991101295984834e-06,3.77470532515706e-06,0.7299748545716747,5.934696052424049e-07,1.9311605441468546e-06,2.2630841566048363e-06
2-12B-rep2,5.200564262025043e-07,2.3458887385393633e-06,0.10413049290885938,1.2181881822126408e-05,1.0774050885599763e-06,1.9396932466962006e-06,3.6772465781826825e-06,0.8958431008184609,5.781468716481219e-07,1.881300099257404e-06,2.2046538084845905e-06
2-12C-rep2,5.629391185314587e-07,2.539325488753793e-06,0.6648990409165161,0.21258638754720338,1.1662455077885944e-06,2.0996360231329923e-06,3.98046412475042e-06,0.1224991742338964,6.258195724718976e-07,2.036427907068537e-06,2.3864446415514025e-06
2-1A-rep1,1.0016780926171925e-06,0.09343599823099216,2.6336939808616456e-06,0.4116973591778326,2.075184575576383e-06,3.736033502750213e-06,0.0398730074029714,0.4470294194223844,1.1135658102984113e-06,0.0079494092371361,4.24637272130191e-06
2-1A-rep2,6.446319100894989e-07,0.07961521820111168,1.6949189504964909e-06,0.534202241207985,1.335489122305588e-06,2.404331721724723e-06,0.0194888555470139,0.3666818243222335,7.166374712533117e-07,2.331950948652703e-06,2.7327615313345134e-06
2-1B-rep1,7.304070999667942e-07,0.04116021596184308,1.920446096345163e-06,0.1412692611084734,1.5131902743148335e-06,2.7242538458564774e-06,0.009095649632749865,0.6741020677882403,8.119937733659442e-07,0.1343620088328391,3.0963847643312203e-06
2-1B-rep2,3.8154453767510115e-07,0.025988668072920034,1.003188109744935e-06,0.14658992950777253,7.904488930271353e-07,1.4230751236867498e-06,0.011848153604083849,0.6794217614401232,4.2416316718177397e-07,0.13614584748921027,1.6174660588933098e-06
2-1C-rep1,5.777059399473981e-07,0.06581876163305359,1.5189517150885197e-06,1.3532272910784719e-05,8.020782928343756e-05,2.1547129385070043e-06,4.084878262883295e-06,0.8719713417793235,6.422358518901765e-07,0.062025717964467646,8.146003625269628e-05
2-1C-rep2,2.9963020351491465e-07,0.03282590171166121,7.878122415752592e-07,7.018584033681534e-06,4.160020963930918e-05,1.1175531211257041e-06,2.118643449213656e-06,0.8904458927418273,3.3309897942879e-07,0.07667365980485095,1.2702099926728846e-06
2-2A-rep1,7.846479654821473e-07,3.5394175193321145e-06,2.0630606169954666e-06,0.21486058590940252,1.6255615124531024e-06,2.926560048095615e-06,0.7609676281195327,0.024153809646264332,8.72293358436309e-07,2.8384579460400394e-06,3.32632583362465e-06
2-2A-rep2,5.47674936273141e-07,2.4704712809050914e-06,1.4399917436175738e-06,0.27251266054690954,1.1346225784116682e-06,2.042704063924262e-06,0.686571617885062,0.03925529187254105,6.088503768687327e-07,0.0016498636446855028,2.3217358217894114e-06
2-2B-rep1,9.330373214006214e-07,4.208777422276011e-06,2.4532180501936954e-06,0.1650196800924417,1.9329809367685086e-06,3.480018898048534e-06,0.8349491848396084,9.759135457502226e-06,1.037257846110459e-06,3.375255293313783e-06,3.955386724292025e-06
2-2B-rep2,5.153644524525438e-07,2.324724019045505e-06,1.355038376478741e-06,0.16910497677697583,1.0676846887362295e-06,1.9221932422006687e-06,0.8308778257252627,5.390471941589465e-06,5.729308031433968e-07,1.86432692050838e-06,2.1847633172302202e-06
2-2C-rep1,7.249035931572652e-07,3.2699205125333378e-06,1.9059758260410415e-06,0.7432901233532144,1.5017886149125858e-06,2.703727005971927e-06,0.25668568691491483,7.5821536791605596e-06,8.05875523336313e-07,2.6223331412652866e-06,3.0730539743701237e-06
2-2C-rep2,0.8360094712378378,2.1553351689966033e-06,1.256304767463893e-06,0.1639716836084581,9.898888384941412e-07,1.7821344222286417e-06,3.378548498410195e-06,4.9977002250647615e-06,5.311847338865824e-07,1.7284844761610352e-06,2.0255725733385655e-06
2-3A-rep1,9.148259452547861e-07,4.126628909035288e-06,2.4053352102953258e-06,0.34547171538462296,0.29352828851646434,3.4120945699500173e-06,0.1866822481252778,0.1742986845169784,1.0170122542541977e-06,3.309375780967496e-06,3.878183986752874e-06
2-3A-rep2,3.7688259708846994e-05,1.2340093904332151e-06,7.192811134883421e-07,0.26108614337657343,0.3071003758073897,1.0203381096723905e-06,0.19598010196778673,0.23567801941767982,3.041229777621859e-07,0.00011323370378256973,1.1597154876229375e-06
2-3B-rep1,1.0029146530300215e-06,4.523982536739417e-06,2.6369452466527644e-06,0.32853468563324034,0.3824192830316207,3.74064559436383e-06,0.020719070665733544,0.2683060615900589,1.1149404948485115e-06,3.628035999996261e-06,4.251614820978422e-06
2-3B-rep2,5.250230487410474e-07,2.3682923534063534e-06,1.3804335479376079e-06,0.38252137359270905,0.3389958961853764,1.958217629266083e-06,0.02104278859614606,0.2573571952945711,5.836682672864438e-07,1.8992668178747735e-06,7.403142953288837e-05
2-3C-rep1,7.275001420995166e-07,3.2816331164274432e-06,1.9128028849241528e-06,0.5739207236662115,0.2451642453620513,2.713411548252807e-06,5.144052209290787e-06,0.18089472702217416,8.087621075075839e-07,2.6317261369801057e-06,3.084061417459044e-06
2-3C-rep2,3.8920123496741993e-07,1.7556225596569439e-06,0.007825804866695407,0.5528006566096136,0.23351996717229312,1.4516328787333622e-06,0.0014399567616743569,0.20440652760069272,4.3267511966169013e-07,1.4079324571026432e-06,1.6499247806693027e-06
2-4A-rep1,6.628054245248855e-07,2.989805918925964e-06,1.7427022412885674e-06,0.8733354599032886,1.3731393385959245e-06,2.4721148341774647e-06,0.05974288845962707,0.06690646673109459,7.368409722356828e-07,2.3976934965542946e-06,2.8098037632824812e-06
2-4A-rep2,2.585521202300452e-07,1.1662859578567359e-06,6.798063847135784e-07,0.8419950526151639,5.356445107849724e-07,9.643411296564184e-07,0.09123409941892746,0.06637594972385276,2.8743246297428394e-07,0.0003899101101252165,1.0960693644711856e-06
2-4B-rep2,4.3161243186381073e-07,1.9469324717634385e-06,1.1348307128238223e-06,0.3213707912347806,8.941749528439467e-07,1.6098170834838657e-06,0.3696504774619379,0.30896884304051353,4.798236588837651e-07,1.561354633833398e-06,1.8297168225497912e-06
2-4C-rep2,6.364396718037289e-07,8.991468999505453e-05,0.03551555015905103,0.1830680523450261,1.318517196239343e-06,2.3737765194858667e-06,0.7813097893319816,6.656862298216652e-06,7.075301577040899e-07,2.3023155900192183e-06,2.698032512661252e-06
2-5A-rep1,5.195021710100834e-07,2.3433885848086013e-06,1.365917604585865e-06,0.14047930031091183,1.0762568336118824e-06,1.9376259997600645e-06,0.0006431291609556552,0.4323486278033139,5.77530705998689e-07,0.42651892019874155,2.202304177253676e-06
2-5A-rep2,3.487670903080989e-07,1.5732308040134176e-06,9.170069638511174e-07,0.1374788720499534,7.22543591210013e-07,1.3008226331907323e-06,2.4660835340178933e-06,0.4409879103942936,3.8772446995382294e-07,0.4215240228626915,1.4785139749863103e-06
2-5B-rep1,3.542417986797545e-07,1.5979263102484529e-06,9.314015149465985e-07,0.4086715328284078,7.338855886564726e-07,1.3212420613933106e-06,2.504794434627704e-06,0.27819508581465735,3.9381070475217147e-07,0.31312404233184066,1.5017226809147188e-06
2-5B-rep2,0.8759278343874352,2.114299501121497e-06,1.2323858401763283e-06,0.049243430736667995,9.710422339409243e-07,1.748204165203506e-06,3.3142239348457994e-06,0.013338691487246151,5.210714481973575e-07,0.06147815515405703,1.987007470067346e-06
2-5C-rep1,3.9517520324801536e-07,1.782570144972202e-06,1.0390269706914941e-06,0.2926188860394414,8.186876527247196e-07,1.4739144338608747e-06,2.7942288388540503e-06,0.1600908940183239,4.393163818377419e-07,0.5472798017726299,1.6752499785862926e-06
2-5C-rep2,9.597358864975106e-07,4.329210244639722e-06,2.5234161015552844e-06,0.32620358976036207,1.9882925692055577e-06,3.5795985278842197e-06,6.786158821942656e-06,0.15476558254575104,1.0669386482514363e-06,0.5190055257742342,4.06856885272324e-06
2-6A-rep2,6.577374059459402e-07,2.9669449232492627e-06,0.14807035639211746,0.3512061237509527,1.3626398836699584e-06,2.4532122672320013e-06,4.6507696155564126e-06,0.5007055296668803,7.312068545914354e-07,2.3793599785450474e-06,2.788319120657968e-06
2-6B-rep2,4.582002995742904e-07,2.0668659564801557e-06,0.2020382829354734,0.568396681854422,9.49257252613618e-07,1.7089838370199286e-06,3.2398705195034967e-06,0.22955250268512487,5.093813987099091e-07,1.6575360396243361e-06,1.942429676105741e-06
2-6C-rep2,4.078044348904572e-07,1.839538525312671e-06,0.06737619290462826,0.4318126851240982,8.448517336794104e-07,1.5210186212020144e-06,2.88352837733175e-06,0.4359346819767203,0.06486573923491135,1.4752293889322817e-06,1.728788560624507e-06
2-7A-rep1,8.369191087269744e-07,3.775204022700636e-06,2.200496182723936e-06,0.05450387129657637,1.7338520610923282e-06,0.0005754352504546012,0.164145495738911,0.780072368897348,9.304032027182835e-07,0.0006898040253916431,3.5479167403461427e-06
2-7A-rep2,4.831487828168659e-07,2.179404448331435e-06,1.270334302550933e-06,0.06093588952308189,1.0009432263716608e-06,1.8020360560152834e-06,0.16493588063815065,0.7718044059666781,5.371166343734409e-07,0.0023145026958843406,2.048192754543773e-06
2-7B-rep1,7.64226954965413e-07,0.19953379405038685,2.0093680256555566e-06,0.00022694311609379372,1.5832551404216584e-06,2.8503942818550922e-06,0.026449184636792265,0.7737760170200262,8.495913154438702e-07,2.7645850984480954e-06,3.239755884018275e-06
2-7B-rep2,4.324037037246901e-07,0.1970513316512067,1.1369111895284475e-06,1.0128690951263878e-05,8.958142371338669e-07,1.6127683491687375e-06,0.018335983083526717,0.7845946006852373,4.807033160285312e-07,1.564217053669803e-06,1.8330712287906156e-06
2-7C-rep2,3.833850933879919e-07,0.07241356864967799,1.0080274493872898e-06,0.4737533452355268,7.942619871279559e-07,1.4299399816263613e-06,2.7108626136623878e-06,0.4538233212670956,4.2620931347261416e-07,1.3868926099257286e-06,1.625268650992369e-06
2-8A-rep2,0.8732399234930572,2.0085875323530126e-06,1.1707683004766126e-06,0.12674251443988263,9.224915029528154e-07,1.6607964426860008e-06,3.148517450543862e-06,4.6574279986236075e-06,4.95018616690388e-07,1.6107992940601689e-06,1.8876599218571293e-06
2-8B-rep2,3.405317463925166e-07,1.5360825262954905e-06,8.953539239567091e-07,0.7823485606361864,7.054823628631588e-07,1.2701066566688777e-06,0.015092201233065627,0.2025514365311169,3.7856923586411597e-07,1.2318709586314763e-06,1.4436022203902825e-06
2-8C-rep1,8.581356134487745e-07,3.870908175154773e-06,2.256280352501204e-06,0.9191011839716862,1.777806464878165e-06,0.015730038234418285,0.0651433428172459,8.975698506874091e-06,9.539895968366787e-07,3.1042989441473774e-06,3.6378589958033107e-06
2-8C-rep2,4.030388588547241e-07,1.81804179805076e-06,1.0597027372791862e-06,0.9014800901704211,8.349788514071721e-07,0.04509157241058601,0.05341639142374084,4.215598591807577e-06,4.4805840993252896e-07,1.4579899544837736e-06,1.708586050228624e-06
2-9A-rep1,5.7331203855953e-07,2.5861160196531195e-06,1.5073989101275045e-06,1.3429349487963202e-05,1.1877351697913823e-06,2.1383246767352357e-06,4.053809597966694e-06,0.881178154343884,0.00909620331493371,2.0739518650376686e-06,0.10969809234341646
2-9A-rep2,2.2245382330655322e-07,1.0034524960117791e-06,5.848937895121071e-07,3.56350895957017e-05,3.088515635626772e-05,8.297026188490031e-07,0.00015369442490104746,0.8895174975115413,2.4730197638355517e-07,8.047249851766033e-07,0.11025859528791633
2-9B-rep1,8.123707552148512e-07,3.664470450049138e-06,0.0017798214952294594,0.20256407572000387,1.6829950393209407e-06,3.029959804958086e-06,0.00011684950697155381,0.7865232447097117,9.031127913858413e-07,0.009002471809327115,3.443849915410006e-06
2-9B-rep2,3.0130946353020636e-07,1.3591572792826388e-06,0.002926640482101458,0.31921298158442246,6.242252434206297e-07,1.1238163824700415e-06,0.00457634398574101,0.6671789718687848,3.3496581324836985e-07,0.0061000412759578135,1.2773288105580562e-06
2-9C-rep1,6.061040466881682e-07,2.7340353582233335e-06,1.5936183403669219e-06,1.4197474536720374e-05,1.2556706372557104e-06,2.2606314755900948e-06,4.285677321558326e-06,0.9999676309736024,6.738060349427988e-07,2.192576700803537e-06,2.569431945349467e-06
2-9C-rep2,1.7473973054045135e-07,7.882220955205144e-07,4.594399936803346e-07,4.0931303601373335e-06,3.620097077400075e-07,6.517398078008697e-07,1.2355603042817366e-06,0.9999906680132207,1.942582063686674e-07,6.321196236539844e-07,7.407669495455262e-07
3-10A-rep2,5.799052465883908e-07,2.6158568933092585e-06,1.5247343120177559e-06,0.037369433751650936,1.2013943719900744e-06,0.6422689845528033,0.039818615675209376,0.09549745270216962,6.446808216861842e-07,0.1713948616404129,0.013644085106108152
3-10B-rep1,9.416893882441611e-07,4.247805468370082e-06,2.4759667720992585e-06,0.11181337692043879,1.9509054933629906e-06,0.5120798751062924,0.14966277867363786,0.2264259074370043,1.046876351193473e-06,3.4065540781983194e-06,3.9920650752493605e-06
3-10B-rep2,6.273745651897904e-07,2.829983157926935e-06,1.6495445275925596e-06,0.13318251929632266,1.299736941824425e-06,0.4784454999336822,0.16903833585167094,0.2193216117008393,6.974524761950368e-07,2.269522636960043e-06,2.659603179200894e-06
3-10C-rep1,7.92815650442629e-07,3.5762605986661067e-06,2.084535762430454e-06,0.11137706160832875,1.6424825711975073e-06,0.7917650779193712,0.017896697363710166,0.07894595668538341,8.813733760470735e-07,2.8680044832092084e-06,3.360950764396329e-06
3-10C-rep2,5.955879786396748e-07,2.6865991102207594e-06,1.5659686340133728e-06,0.13702405392937536,1.2338844143455873e-06,0.7945304869043296,4.211319668621256e-06,0.0684298243046531,6.621153192089876e-07,2.154534905977749e-06,2.5248516107832973e-06
3-11A-rep2,7.589911474167831e-07,0.10017504455768,1.9956016121466548e-06,0.06987840136603868,1.572408075735224e-06,0.0968526985086845,0.3825260122337578,7.93869360720354e-06,8.437706667560041e-07,2.7456446051388282e-06,0.35055198822412453
3-11B-rep2,6.832442850020877e-07,0.36957858177703634,0.05158350968466888,1.600441935948259e-05,1.4154826905342973e-06,0.35528094282094436,0.1209228328214329,0.014210806585070646,7.595628590340696e-07,2.4716309162401653e-06,0.0884019919707365
3-12A-rep2,8.156986569817938e-08,3.6794820658752176e-07,0.9302250727582008,0.06378104451933604,1.6898894802263503e-07,3.042372128424873e-07,5.76769162745915e-07,8.531827723716463e-07,9.068124206929137e-08,0.00599109354927768,3.4579577524351674e-07
3-12B-rep2,7.264881658040952e-07,0.02524057984981229,0.5581039956696285,0.37470154016296703,1.5050713868328445e-06,2.7096371047748575e-06,0.01699560451731829,0.024946823129814697,8.076370931824036e-07,2.6280653205588485e-06,3.079771387990341e-06
3-12C-rep2,1.892047352869281e-07,0.05100427401403693,0.5371278441010031,0.40645330383506245,3.9197697462621604e-07,7.056910150286101e-07,1.3378403387691207e-06,0.005410256463362189,2.1033895611272371e-07,6.844466664405091e-07,8.020878489658708e-07
3-1A-rep1,0.6260484807781935,0.23603498112273763,2.3127384792629184e-06,0.06907351013124628,1.8222919042166848e-06,3.280741234332398e-06,0.0007280269691319068,0.05318234397553388,9.77860950202786e-07,0.014920534502699232,3.7288878894860593e-06
3-1A-rep2,4.6916690575862866e-07,0.6035517933461625,1.2335720076371917e-06,0.20194282415166562,9.71976859010018e-07,1.7498868061655394e-06,0.0413906809767521,0.1002329101899746,5.215729778129107e-07,0.052874856239930317,1.988919958452598e-06
3-1B-rep1,0.7454679272726638,0.13709832078245673,1.7136532348344714e-06,0.02969846699715575,1.350250555553015e-06,2.430907289898306e-06,4.608484114116184e-06,0.024074276646693392,7.245586111696352e-07,0.06364741747992368,2.7629673010799747e-06
3-1B-rep2,4.2236259690799187e-07,0.45074360249508144,1.110510290098541e-06,0.16464065566365627,8.750119952346918e-07,1.5753172840527365e-06,2.986467113911775e-06,0.20541739676918291,4.69540614826377e-07,0.17918911535780657,1.790504377830842e-06
3-1C-rep1,0.8015516644459312,0.11999771194390835,0.00020041002270638673,0.047855972600346394,1.5034282088718448e-06,2.7066788291662552e-06,0.000302884237419273,7.590431577426054e-06,8.067553466528945e-07,0.030075673046712,3.0764090142757547e-06
3-1C-rep2,6.154401309447071e-07,0.4790243515840711,1.6181655368090634e-06,0.3703702291875679,1.2750122782362277e-06,2.2954529654719327e-06,0.024582510192101007,0.003962510674182319,6.841849623714534e-07,0.1220513010961806,2.60901002318e-06
3-2A-rep1,0.5265348232629761,4.504827433068456e-06,2.6257800931261804e-06,0.0147745351250757,2.068948931693373e-06,3.7248072365508923e-06,0.45865831513742633,1.0445603727890367e-05,1.110219698383818e-06,3.6126744451853106e-06,4.233612956027916e-06
3-2A-rep2,3.9862228769190044e-07,1.7981193741909472e-06,1.0480903270914143e-06,0.013475355921664493,8.25829005342275e-07,1.4867712818483503e-06,0.9701558541228226,5.868769696720987e-05,4.4314850655946015e-07,0.016302411814701285,1.6898630618297252e-06
3-2B-rep2,5.702269434070482e-07,2.5721996644061e-06,1.4992873255841637e-06,0.20956741625342212,1.181343753305585e-06,0.026284120841108833,0.7641315614871346,5.9643080234701674e-06,6.33921449384963e-07,2.0627915571861462e-06,2.4173396176693993e-06
3-2C-rep2,6.565561742172082e-07,0.12814054826306304,1.7262712011754463e-06,0.1288713266013939,1.360192716379675e-06,2.4488065391387337e-06,0.6879247904892546,0.0012639984649847004,7.29893678954621e-07,0.009430859037744222,0.044361555423249655
3-3A-rep2,2.711209410727934e-07,1.2229818350464941e-06,7.128533566340523e-07,0.44867849881090854,0.5245761714530204,1.0112199983315648e-06,0.026736844226294892,2.8357986637908433e-06,3.014052245524882e-07,9.807779072657689e-07,1.1493518494920231e-06
3-3B-rep1,0.6193010060231305,0.18330351588383753,2.269063106029029e-06,0.017724621586263846,0.17940644147085502,0.00023927754014592935,6.102133772164229e-06,9.026549519970158e-06,9.593943391467173e-07,3.121886070780703e-06,3.6584689589494177e-06
3-3B-rep2,5.344639304280252e-07,0.294582998795338,1.4052562863565487e-06,0.11331274548723728,0.5234481519360269,1.9934299899416496e-06,0.0046088850849857746,0.06403849223242461,5.941636980472606e-07,1.9334191343541256e-06,2.2657309483124597e-06
3-3C-rep1,0.5336636936556022,4.048122609586071e-06,2.3595753490483555e-06,0.04617033399705338,1.859196400507184e-06,3.347181798784421e-06,0.42013692316969126,9.38661585818996e-06,9.97664290011232e-07,3.2464171646785996e-06,3.804404182439344e-06
3-3C-rep2,3.129818925332223e-07,1.4118096807720745e-06,8.229175945434727e-07,0.09901652472180665,6.48407108637708e-07,1.167351911633707e-06,0.9009730312024126,3.2736447030778833e-06,3.4794205577248533e-07,1.1322095753879676e-06,1.3268112585371617e-06
3-4A-rep1,0.8230359155382538,3.82112859429764e-06,2.227264761027195e-06,0.02527626784421586,1.7549440107298702e-06,3.159492267195821e-06,0.15166039634050887,8.860271715704002e-06,9.417213641316504e-07,3.064377898929425e-06,3.591076409434881e-06
3-4A-rep2,5.647217455064038e-07,2.5473666249360265e-06,1.4848126089249462e-06,0.29188499051529065,1.1699385904562475e-06,2.1062848199374623e-06,0.7080961649545754,5.90672621961253e-06,6.27801319368875e-07,2.0428765463621453e-06,2.3940016587353217e-06
3-4A2-rep1,4.7446428200393214e-07,2.1402300979524547e-06,1.2475003025998602e-06,0.2553570427829641,9.82951476061446e-07,1.769644825508277e-06,0.7446271245409776,4.96267522382929e-06,5.274620724377557e-07,1.7163708702649854e-06,2.011376907594568e-06
3-4B-rep1,8.837548003689796e-07,3.986472100641661e-06,2.3236404144648427e-06,0.22398968652007822,0.6308135601538529,3.2962062031006665e-06,0.10262344725009086,0.04255489009048992,9.82470453962589e-07,3.1969761546720454e-06,3.7464653607440174e-06
3-4B-rep2,8.649369751119035e-07,3.9015879955134475e-06,2.2741630489541567e-06,0.3020265274471995,0.6240061235007974,3.226019956513557e-06,0.07394027836122917,9.046837579495859e-06,9.615506724630268e-07,3.1289028173566044e-06,3.6666917284415566e-06
3-4B2-rep1,6.716952215669232e-07,3.0299063267242054e-06,1.7660760228789409e-06,0.14452032940537826,0.6682317969995011,2.505271773344342e-06,0.11134586183581352,0.07588801474401778,7.467237620455707e-07,2.4298522685931025e-06,2.847489914088263e-06
3-4C-rep2,0.4867474069034348,3.3564398420883803e-06,1.9564063334448537e-06,0.1550070108608412,1.5415246707578604e-06,0.00010454124125326698,0.3581197305720288,7.782771049029296e-06,8.271983077026703e-07,2.6917178570045895e-06,3.1543643819258647e-06
3-4C2-rep1,5.124028922751318e-07,2.3113649096899516e-06,1.3472516001973207e-06,0.22286545669288446,1.061549200653677e-06,1.9111472902878015e-06,0.7497863606433869,0.02733644348740317,5.696384358818842e-07,1.8536134994736546e-06,2.1722084970314494e-06
3-5A-rep1,4.91330334648991e-07,2.2163100788356236e-06,1.2918459078991897e-06,0.015265381523091998,1.0178930132257828e-06,1.8325514001908184e-06,3.474128384564618e-06,0.2782035190697222,0.6014197493163852,0.10509894315521066,2.08287647057382e-06
