,5_1,5_2,5_3,5_4,5_5
1-10A-rep2,4.642247850963473e-06,2.159472330285611e-06,0.11112506610529178,0.8888659325674614,2.1996070655807137e-06
1-10B-rep1,6.253206667912231e-06,2.9088551943884994e-06,4.488348278776076e-06,0.9999833866723218,2.962917537119756e-06
1-10B-rep2,0.000615930336328762,1.0050324606293854e-06,1.550759805260185e-06,0.9993804901599782,1.0237114273402073e-06
1-10C-rep1,0.00011563156700978085,4.028730823763308e-06,6.216310489904411e-06,0.9998700197851329,4.1036065435950945e-06
1-10C-rep2,1.9020724510766434e-06,8.848025698253186e-07,1.3652457155630141e-06,0.9999949466322522,9.012470115670977e-07
1-11A-rep2,4.54045406183391e-06,0.02736966849836164,0.2451335641735046,0.7274900754993164,2.1513747555037863e-06
1-11B-rep1,0.11074058025927523,0.018703553145354445,0.07255085978738726,0.7980006854785298,4.321329453274724e-06
1-11B-rep2,4.2861411911102095e-06,1.9938192882094644e-06,3.076452684096825e-06,0.9999886127115472,2.0308752894539783e-06
1-11C-rep1,0.1187534733150014,0.012529193688854714,0.08936072507278124,0.7793528244515762,3.78347178653246e-06
1-11C-rep2,0.06661635135825239,2.8092631154136296e-06,0.06885239537600854,0.8645255825281277,2.8614744959116187e-06
1-12A-rep1,5.8518540091055905e-06,2.7221547016089894e-06,0.9407116183138079,0.05927703493034723,2.7727471342367074e-06
1-12A-rep2,4.03272590369956e-06,1.8759360301837015e-06,0.9402144553060252,0.05977772523092121,1.91080111965304e-06
1-12B-rep1,9.685264416310522e-06,4.505373515156367e-06,0.7493490710544418,0.25063214919977933,4.589107847335771e-06
1-12B-rep2,4.021109024850924e-06,1.8705321118141332e-06,0.7257284563902705,0.2742637466718258,1.9052967671031964e-06
1-12C-rep1,1.072017757581217e-05,4.986792518178456e-06,0.7038961867307779,0.29608302682489546,5.079474232540695e-06
1-12C-rep2,3.962268324586216e-06,1.843160702920079e-06,0.7135917769059438,0.2864005402483801,1.877416648634488e-06
1-1A-rep1,3.883024222167464e-06,1.8062980768808215e-06,2.787108440449161e-06,0.9999896837003459,1.8398689146095347e-06
1-1A-rep2,2.051896090680889e-06,9.544972553602374e-07,1.4727842490946748e-06,0.9999945485854018,9.722370032359225e-07
1-1B-rep1,6.669423206140726e-06,3.1024700393014347e-06,0.0015699472762749894,0.9984171206996811,3.16013079838691e-06
1-1B-rep2,2.1701456756420827e-06,1.0095043801389062e-06,1.5576599535632365e-06,0.9999674300413756,2.7832648615269462e-05
1-1C-rep1,5.759848521359325e-06,2.6793557577780917e-06,0.7119963935778469,0.2879924380651206,2.7291527533643284e-06
1-1C-rep2,1.9079893458432806e-06,8.875549800670753e-07,0.7129786011230942,0.28701769928200344,9.040505765538942e-07
1-2A-rep1,2.8812907292188314e-06,0.5407971030054811,0.006229974024023224,0.45296867645592465,1.3652238418650121e-06
1-2A-rep2,4.031521045881782e-06,0.5691588668691897,0.02285880437665649,0.40797638700287847,1.9102302294605964e-06
1-2B-rep1,0.19320785716676306,4.93969999473513e-06,0.1651368296194062,0.641645342007362,5.031506474005782e-06
1-2B-rep2,0.16166184625550778,2.1924081083955336e-06,0.15671242233701876,0.6816213058443956,2.233154969494538e-06
1-2C-rep2,0.15791648984055756,2.064307667789236e-06,0.06632515089624057,0.7757541922818078,2.102673726317716e-06
1-3A-rep1,9.819172919235739e-06,0.6379412356616299,0.22862123403757212,0.13342305857100875,4.6525568700144095e-06
1-3A-rep2,7.337977516886218e-06,0.6067104028951555,0.17447657778453046,0.21880220443511975,3.4769076773583812e-06
1-3B-rep2,6.005960605446513e-06,2.7938417250934526e-06,0.013950554325000255,0.9785454033634539,0.007495242509215304
1-3C-rep1,8.936899674992134e-06,0.6842708995666048,0.006077502021407803,0.3096384269974177,4.234514894636408e-06
1-3C-rep2,7.3713825761234734e-06,3.4290062099515764e-06,0.9999750094570198,1.069741840794162e-05,3.49273578621499e-06
1-3C-rep3,4.329691773588083e-06,0.6559612543303707,3.107711875146323e-06,0.3440292567553929,2.051510587698256e-06
1-4A-rep1,0.03549615839272345,8.331734422796546e-05,0.727301767921273,0.23711567613827925,3.0802034964482568e-06
1-4A-rep3,0.030589834050666717,0.0012390222549920813,0.6597795274384568,0.30838945943808077,2.156817803613855e-06
1-4B-rep3,0.02172548085409885,9.234181326812187e-07,0.19311006216394888,0.7851625929835582,9.405802615041227e-07
1-4C-rep1,8.076582231653456e-06,3.7570496906821193e-06,0.9731379144711051,0.026846425020874518,3.826876098138857e-06
1-4C-rep2,1.7947230073285622e-06,8.348659527191423e-07,0.9999939155101518,2.6045185875903066e-06,8.503823006479183e-07
1-4C-rep3,3.5695586300519898e-06,1.660480728388868e-06,0.9615421855870633,0.03845089303209112,1.6913414870852721e-06
1-5A-rep1,8.414878679507646e-06,3.914417811047217e-06,0.8039487293999865,0.1960349541345492,3.987168973670373e-06
1-5A-rep2,2.3372952200885582e-06,1.0872586982710358e-06,0.9999920760758173,3.391904388893909e-06,1.1074658754783652e-06
1-5A-rep3,3.8560232431172604e-06,1.793737811030855e-06,0.7990470735286129,0.20094544963512218,1.8270752107395228e-06
1-5B-rep1,9.976466839736862e-06,0.00037431145074855296,0.7864197850322402,0.2131911999637137,4.727086457837979e-06
1-5B-rep2,2.5821741303815494e-06,1.201171020065413e-06,0.9999912458846191,3.747274922933201e-06,1.2234953074657972e-06
1-5B-rep3,6.484736809673926e-05,2.2593535437356863e-06,0.8200123212515343,0.17991827068221022,2.3013446149544085e-06
1-5C-rep1,8.183526202509821e-06,3.8067976906531382e-06,0.22268109272018471,0.7773030394072358,3.877548686391141e-06
1-5C-rep2,2.58456462534476e-06,1.2022830261224934e-06,0.9999912377803366,3.7507440312801706e-06,1.224627980640544e-06
1-5C-rep3,4.286822023321067e-06,1.994135996487031e-06,0.1380923532660997,0.8618463862358475,5.49795400329484e-05
1-6A-rep1,5.209485481136448e-06,0.016603316375547496,3.7391991716106703e-06,0.9833852665620999,2.4683776998183453e-06
1-6A-rep2,3.549215994651637e-06,1.6510177786105545e-06,0.9999879674085634,5.150654998958675e-06,1.681702664257262e-06
1-6A-rep3,4.398374728687499e-06,2.0460278791139607e-06,3.1570102655039603e-06,0.9999883145329269,2.084054199795633e-06
1-6B-rep1,9.217725236882105e-06,4.287884498258969e-06,0.00023432018729706443,0.9921197224906149,0.007632451712352978
1-6B-rep2,3.35257076717653e-06,1.5595427128130487e-06,2.4063662104031665e-06,0.9999910929928152,1.5885274944573124e-06
1-6C-rep2,3.1761981214830706e-06,1.4774980093801536e-06,0.10886708135986702,0.8911267599860477,1.5049579544203712e-06
1-7A-rep1,1.149652411902977e-05,5.347931977469355e-06,0.7868214174889313,0.21315629072934592,5.447325626224076e-06
1-7A-rep2,3.257605240465171e-06,1.5153668234921852e-06,0.686389161263435,0.313604522233924,1.5435305769623652e-06
1-7B-rep2,0.015239137833612203,2.0940349849369667e-06,0.7056337739385018,0.2791228612393624,2.1329535386227246e-06
1-7C-rep1,7.885431368974605e-06,3.668130483410683e-06,0.5487363014573604,0.45124840867649857,3.736304288610638e-06
1-7C-rep2,3.6006737353607757e-06,1.6749547959366186e-06,0.43081675899977895,0.5691762592871282,1.7060845614924883e-06
1-8A-rep1,1.0285199438023384e-06,4.784450186835872e-07,7.382381495786007e-07,0.9999972674597599,4.873371280701365e-07
1-8A-rep2,1.6783471524954616e-06,7.80730446280541e-07,1.2046629758371304e-06,0.9999955410187633,7.952406622063698e-07
1-8B-rep1,5.759848521359325e-06,2.6793557577780917e-06,0.0001464188560239788,0.9998424127869435,2.7291527533643284e-06
1-8B-rep2,1.5874243858941897e-06,7.384351606835617e-07,1.1394015724246268e-06,0.9999957825795809,7.521593002758997e-07
1-8C-rep1,0.00027452124578332746,4.968372456944727e-06,0.020323397460028494,0.9793920522099048,5.0607118264334674e-06
1-8C-rep2,5.324850426054349e-05,1.8552363855416539e-06,2.862619993539804e-06,0.9999401439225973,1.8897167630854165e-06
1-9A-rep1,5.168909363315891e-06,2.4044637654403235e-06,0.20283410912471952,0.7971558683503783,2.449151773431539e-06
1-9A-rep2,2.145702132166225e-06,9.981337774729386e-07,0.17136650898652153,0.8286293304930398,1.0166845291478528e-06
1-9B-rep2,3.4816026722981173e-06,1.619565537483273e-06,0.5928382617666604,0.4071549873992603,1.6496658695080711e-06
1-9C-rep1,8.447364041233846e-06,3.929529291958881e-06,0.6406349167734519,0.3593487037719069,4.002561308046933e-06
1-9C-rep2,2.649002567071542e-06,1.2322581495210993e-06,0.5370179466835351,0.46297691689554343,1.255160204783702e-06
2-10A-rep1,0.09549721580417897,0.09707756168022032,0.7234962407090576,0.08392708470710024,1.8970994429166107e-06
2-10A-rep2,0.059892032976458974,0.07625164422878426,0.612171273980661,0.25168301750865774,2.031305438148391e-06
2-10C-rep1,0.11928472792031442,4.645413918457214e-06,7.167849264319604e-06,0.8804520368036807,0.00025142201282215876
2-10C-rep2,1.0242261672721623e-06,4.764476476023726e-07,7.351562164965617e-07,0.9999972788673337,4.85302634976055e-07
2-11B-rep1,0.16686381955085752,6.090087985527675e-07,0.00032434799344350097,0.8328106031194078,6.203274927446357e-07
2-11B-rep2,0.17616222255391914,2.2278127601732794e-06,3.437503381690732e-06,0.8238298429123068,2.2692176321703106e-06
2-11C-rep2,0.4228522167589486,2.837198435602136e-06,4.377782276528219e-06,0.577137678331333,2.889929006212184e-06
2-12A-rep2,0.18728232139476672,2.7497810388780025e-06,0.6671171316147053,0.1455949963225701,2.8008869190354316e-06
2-12B-rep2,0.16409605131097513,2.678784033109017e-06,0.7102796698981481,0.12561887143644082,2.7285704029428726e-06
2-12C-rep2,0.7115679320019612,2.899672871551524e-06,0.14244000136991014,0.14598621339070036,2.9535645568072077e-06
2-1A-rep1,0.06960649565857034,0.03562485455389602,0.20399921410006489,0.6907641801550878,5.255532380968492e-06
2-1A-rep2,0.03791821116810182,0.015432245572269097,0.1528837298797561,0.7937624311938469,3.382186026090546e-06
2-1B-rep1,0.0420646325678075,3.762304131050442e-06,0.7018805866695754,0.2560471862302914,3.832228194573594e-06
2-1B-rep2,0.022181995762740974,1.965311382167624e-06,0.7087002246207936,0.2691138124675317,2.0018375515422125e-06
2-1C-rep1,0.047571518683611064,0.01825470848240111,0.8854111592792945,0.04875958251244503,3.031042248371043e-06
2-1C-rep2,0.01590343713618387,0.04294825742507713,0.8288985504244241,0.11224818295645318,1.5720578617044041e-06
2-2A-rep1,0.6787781934355582,4.041701161913941e-06,0.05194685930991357,0.2692667887354251,4.116817941138369e-06
2-2A-rep2,0.6036614374257179,2.8210469967052722e-06,0.05640744205973754,0.33992542599016207,2.8734773857776043e-06
2-2B-rep1,0.8253964321644199,4.806063961980644e-06,7.415731437253024e-06,0.17458645065342351,4.895386757285881e-06
2-2B-rep2,0.8257423223655619,2.6546156875779215e-06,4.096058055807441e-06,0.17424822300781664,2.703952878167011e-06
2-2C-rep1,0.17291527386295943,3.7339553619251365e-06,5.761473501346474e-06,0.8270714273556261,3.803352551207378e-06
2-2C-rep2,5.290850006612547e-06,2.4611878899572216e-06,3.7975999805505115e-06,0.9999859434319823,2.506930140547615e-06
2-3A-rep1,1.0130002169657931e-05,0.4365481068180299,0.07245170361751055,0.472217271998769,0.018772787563520854
2-3A-rep2,3.029196655369245e-06,0.4728132752721932,0.10700873730432153,0.40401029381827425,0.016164664408555688
2-3B-rep1,1.1105439357710227e-05,0.5632167819964996,7.971123021090338e-06,0.436758879420725,5.262020396547277e-06
2-3B-rep2,5.813615749942482e-06,0.5262001042790412,4.1728242213097555e-06,0.47378715465204685,2.7546289406953554e-06
2-3C-rep1,8.055688282512026e-06,0.35093740727241707,5.782110932412405e-06,0.6490449379523182,3.816976049792702e-06
2-3C-rep2,0.00016400020235315808,0.3502566362986526,3.0933199797713385e-06,0.6495742281690262,2.0420099882459863e-06
2-4A-rep1,0.03971242446998171,9.406496513886573e-05,5.267916407172139e-06,0.9601847651104254,3.4775380468352316e-06
2-4A-rep2,0.050145489033519855,1.3317823375262953e-06,0.01354551458728424,0.9362355850358506,7.207956100778725e-05
2-4B-rep2,0.28293901175989594,2.2232099316169613e-06,0.2769755603540638,0.44008094014685056,2.26452925803736e-06
2-4C-rep2,0.8168357668563391,3.2782751859129593e-06,9.210319509093883e-05,0.1830655124700238,3.339203360340514e-06
2-5A-rep1,5.752482113559181e-06,2.6759290657252944e-06,0.8807563720322447,0.1192324738942014,2.7256623747448877e-06
2-5A-rep2,3.861909084855399e-06,1.7964757760818402e-06,0.9144606931028575,0.08553181864821942,1.829864062065376e-06
2-5B-rep1,3.922531099444611e-06,1.8246758135021613e-06,0.5958265477346493,0.40416584647022835,1.8585882094829883e-06
2-5B-rep2,5.190116052596348e-06,2.414328654215835e-06,0.07013493081930104,0.9298550055359867,2.4592000054683504e-06
2-5C-rep1,4.375791327532155e-06,2.0355225740366835e-06,0.7811478926020797,0.2188436227303697,2.0733536490407163e-06
2-5C-rep2,1.0627305321746328e-05,4.943590373582747e-06,0.8004452468871182,0.19953414674802922,5.035469157241401e-06
2-6A-rep2,0.15833288072715257,0.004141443370497966,0.3298802084164435,0.5076420165385294,3.4509473766168176e-06
2-6B-rep2,0.2138879378967608,2.360163607943304e-06,0.08147089149621914,0.7046364064151339,2.404028278182172e-06
2-6C-rep2,0.045404978584013794,5.787509994374405e-05,0.40063165070126533,0.5153073850412877,0.03859811057348945
2-7A-rep1,0.16312118928707686,0.0010344915124190284,0.6078131820729702,0.2280267460540036,4.3910735302686286e-06
2-7A-rep2,0.15648112852971802,0.017117026956754655,0.622338672274743,0.20406063731274854,2.5349260357801154e-06
2-7B-rep1,0.06178116592983255,0.015995854691024044,0.7458774996926408,1.2280675216529142e-05,0.17633319901128608
2-7B-rep2,0.07741766005585024,2.2272857582355963e-06,0.7604119229719467,6.948429431462635e-06,0.1621612412570134
2-7C-rep2,4.24523803486583e-06,0.09281143063368538,0.2880794032485529,0.6191029093853223,2.0114944045102723e-06
2-8A-rep2,4.9306155062209485e-06,2.293614666599821e-06,3.539035377514896e-06,0.9999869004919539,2.3362424957328633e-06
2-8B-rep2,3.7707182890503344e-06,0.023102323053302773,0.043735436919554165,0.9331566826531524,1.7866557015451342e-06
2-8C-rep1,0.03944458255989826,4.420240085428902e-06,6.820407223255577e-06,0.9605396744006174,4.502392175678665e-06
2-8C-rep2,0.05281204991473474,2.0760280686312855e-06,3.203300400276842e-06,0.9471805561448404,2.1146119559222604e-06
2-9A-rep1,0.1387936015653429,2.9531038567407855e-06,0.8611912245891299,9.212753090379614e-06,3.007988580164661e-06
2-9A-rep2,0.1388899467177568,1.145841991149455e-06,0.838803064783336,0.022304675518951666,1.1671379644109942e-06
2-9B-rep1,0.005897666759129896,4.184502659126452e-06,0.6469825479097859,0.34711133855495857,4.262273466471541e-06
2-9B-rep2,0.02007229401098042,1.552023385501825e-06,0.5599139491251622,0.42001062397205474,1.5808684171678183e-06
2-9C-rep1,6.711441127790367e-06,0.009536142773343312,0.9904442260403543,9.739705289044618e-06,3.180039885602575e-06
2-9C-rep2,1.934892406482241e-06,0.01727963852623686,0.9827147018497594,2.8079337129418957e-06,9.167978843597282e-07
3-10A-rep2,0.5704228461698145,0.03450398050302682,0.39490218678572814,0.0001679439599855818,3.0425814449194377e-06
3-10B-rep1,0.6714139175333221,4.850631424950703e-06,0.18302385882830893,0.1356352887878435,0.009922084219100458
3-10B-rep2,0.6732329715742792,3.231580647501161e-06,0.1693840549534027,0.15737645025068703,3.291640983562555e-06
3-10C-rep1,0.26415019607618645,0.018112300793414353,0.06137906072207488,0.1501916656712627,0.5061667767370617
3-10C-rep2,0.25505019019224134,0.019389965214763324,0.06117935519707977,0.17636517071789706,0.4880153186780185
3-11A-rep2,0.9300084760048913,3.909541719280842e-06,6.032402328032093e-06,0.03624057302965718,0.03374100902140425
3-11B-rep2,0.9829692584846863,0.002059338098976163,0.000939893424662188,0.014027925215810666,3.584775864708328e-06
3-12A-rep2,0.9467827579054423,4.201588174661789e-07,0.04261682048866157,0.010599573479426146,4.279676523766397e-07
3-12B-rep2,0.6471448457291062,3.7421175542230196e-06,0.03408652377256027,0.3187610767143378,3.811666441409749e-06
3-12C-rep2,0.656605490655389,9.745779817324375e-07,1.5037687043618557e-06,0.34339103830698625,9.926909386676593e-07
3-1A-rep1,9.740027314997652e-06,4.53084801980104e-06,0.030203087926506587,0.7670671767586076,0.20271546443955102
3-1A-rep2,0.00013352912832579431,2.41665245792064e-06,0.12115104070338324,0.22279539228901477,0.6559176212268183
3-1B-rep1,7.216967925706645e-06,3.3571758864377943e-06,0.014178409388333677,0.8633295023335965,0.12248151413425765
3-1B-rep2,0.03951636644535943,2.1755642128216954e-06,0.4074243317101528,0.13413857546895439,0.41891855081132057
3-1C-rep1,8.03569964141932e-06,3.738032002433807e-06,0.008243709215846459,0.8856399937366382,0.10610452331587154
3-1C-rep2,6.814821543861864e-06,3.1701061710329953e-06,0.1535359467486829,0.3316504367980151,0.5148036315255872
3-2A-rep1,0.33260078433616647,5.144133966239912e-06,7.937371677251939e-06,0.66738089441825,5.239739940052171e-06
3-2A-rep2,0.9203344709872293,2.0532784188955495e-06,0.07758326837836094,0.002078115916496735,2.0914394940219995e-06
3-2B-rep2,0.791905910240688,2.93721250743599e-06,4.532103463789394e-06,0.20808362864145755,2.991801883200678e-06
3-2C-rep2,0.36592665752695314,3.381895732080332e-06,0.061425797632423805,0.15589669929725386,0.4167474636476371
3-3A-rep2,3.002126520741351e-06,0.5727843057948901,2.154828733101226e-06,0.42720911477115203,1.422478704022535e-06
3-3B-rep1,0.09561486799411882,0.20136575653445524,6.859048240139346e-06,0.7028899572734392,0.00012255914974656284
3-3B-rep2,0.3337697334314652,0.6254992416763608,4.247860025561603e-06,0.04072397286941791,2.8041627305264575e-06
3-3C-rep1,0.3541135616983422,4.6226068764407565e-06,7.132658118340246e-06,0.6458699745166212,4.70852004178089e-06
3-3C-rep2,0.9418589832616817,1.6121475739817754e-06,0.006038102132443163,0.05209966034826116,1.6421100399189253e-06
3-4A-rep1,0.11227477936506508,4.363395253616829e-06,6.732695946491706e-06,0.887709680052877,4.444490857869677e-06
3-4A-rep2,0.6718820962397788,2.9088551943884994e-06,4.488348278776076e-06,0.3281075436392109,2.962917537119756e-06
3-4A2-rep1,0.7335390651153488,2.4439391842245136e-06,3.7709853182476698e-06,0.2659330983902687,0.0005216215698799995
3-4B-rep1,0.02768907931726911,0.7614872957392028,7.024030196887508e-06,0.21081196410242456,4.636810906592979e-06
3-4B-rep2,0.0035584737759454194,0.7248073579899433,6.874464872000301e-06,0.2716227556916966,4.538077542662904e-06
3-4B2-rep1,0.05227961181328746,0.8107274249699487,5.338572566639589e-06,0.1369841004635192,3.524180678152765e-06
3-4C-rep2,0.28129324308787357,3.832754011884543e-06,5.913919299042473e-06,0.7186931062513983,3.9039874171756795e-06
3-4C2-rep1,0.7701888572440353,2.6393607003537966e-06,0.025162922640806953,0.20464289234008706,2.688414370350571e-06
3-5A-rep1,5.440530677955362e-06,2.5308160697788355e-06,0.824123648649213,7.895348317945711e-06,0.17586048465572138
3-5A-rep2,4.161233681232895e-06,1.9357150421449304e-06,0.8287305963875872,6.038820712623639e-06,0.17125726784297682
3-5B-rep1,0.10899944021694279,3.9852476404952555e-06,0.2128028926652891,0.2830712535648549,0.3951224283052727
3-5B-rep2,0.059134421152941354,2.7628931661279408e-06,0.24040629117665402,0.30027273311720065,0.40018379166003787
3-6A-rep2,0.8770188315348975,4.397530719383261e-06,0.12295857276407926,1.3718909557671396e-05,4.479260746158453e-06
3-6C-rep2,0.679797564538358,3.3073518630991463e-06,0.1669449888153002,0.08932008309444124,0.06393405620003739
3-7A-rep2,0.6014186356675778,0.17574696348824542,0.11395309156438385,0.03195656646925838,0.07692474281053453
3-7B-rep2,0.0855957865616523,0.5342794664394895,0.010083132035098401,1.426351345407621e-05,0.37002735145030563
3-7C-rep2,0.4609865020071044,2.787637936164894e-06,4.301310686339218e-06,0.5390035695968698,2.839447403272892e-06
3-8A-rep1,0.33933067531833155,3.138405987923839e-06,4.842543946901321e-06,0.6606581469971013,3.1967346322909695e-06
3-8A-rep2,0.2554604568383581,0.0001278947639304852,3.647434399083128e-06,0.7444055931627863,2.4078005260064676e-06
3-8B-rep1,7.348819803774812e-05,0.9200986909263305,0.04242599779782297,7.987670651554764e-06,0.03739383540715728
3-9A-rep2,0.7438276542070226,0.03665832514091315,0.21901582899585403,0.0004974319297851767,7.597264252368473e-07
4-10A-rep1,0.9872821410905065,0.01270433749746849,3.6723278922412853e-06,7.4248505310259066e-06,2.4242336017967864e-06
4-10A-rep2,0.9945730150062563,0.005415628720510195,3.084290225741975e-06,6.235933879657409e-06,2.0360491280569515e-06
4-10B-rep1,0.9135736626935279,1.9978383745304915e-06,3.0826541131696895e-06,0.08641922184491209,2.0349690722475463e-06
4-10B-rep2,0.977258273001393,0.00013306456341074228,3.794872057054027e-06,0.022602362433797492,2.505129341709015e-06
4-10C-rep1,0.980388283572062,0.019357815110545788,0.00016258951351307243,8.828124053153705e-05,3.0305633476585766e-06
4-10C-rep2,0.9586226474768652,0.03380926827232452,0.00025547892015951,7.396804591462943e-06,0.00730520852605928
4-11A-rep1,0.9999499415035147,1.5062758344133795e-06,2.324175696952328e-06,4.469377432598435e-05,1.5342706278857251e-06
4-11A-rep2,0.9999898668707127,1.5166483262739304e-06,2.340180397385245e-06,4.731464666576297e-06,1.5448358970323451e-06
4-11B-rep1,0.9999775457996987,3.3607708279860677e-06,5.185651726580066e-06,1.0484545526874115e-05,3.4232322199090122e-06
4-11B-rep2,0.9790510337973196,1.5866779552902366e-06,2.448235746948543e-06,4.707944245110584e-05,0.020897851846526986
4-11C-rep1,0.9786183442226177,2.6380665637270437e-06,4.07052284467193e-06,8.229936049193533e-06,0.021366717251924704
4-11C-rep2,0.9970898488116187,0.002892487401857367,4.797369965103771e-06,9.699502870695219e-06,3.1669136882429314e-06
4-12A-rep1,0.9918382082909846,1.0446457401010104e-06,1.61188288731533e-06,0.008158071119451257,1.0640609368914993e-06
4-12C-rep1,0.9858486957002239,2.1382617665721923e-06,0.014140317333073534,6.670702641582605e-06,2.1780022942878974e-06
4-12C-rep2,0.980703558218518,2.3018151490708666e-07,0.019295259046664785,7.180937636067243e-07,2.3445953877479685e-07
4-1A-rep1,4.465574092658664e-07,2.0772875558411318e-07,3.205243782422973e-07,0.07405885651065848,0.9259401686787986
4-1A-rep2,3.435946344970106e-06,1.598327210980124e-06,2.466210487260675e-06,0.1117463959340284,0.8882461035819283
4-1B-rep1,5.939299052002527e-07,2.7628322260796793e-07,0.0005139377711095927,0.18750590635301803,0.8119792856627446
4-1B-rep2,6.269670971390916e-06,2.9165140288456616e-06,4.500165820095956e-06,0.30163534205283815,0.6983509715963415
4-1C-rep1,4.933319463337676e-06,2.294872488405832e-06,0.03851351549977817,7.159278723411241e-06,0.9614720970295467
4-1C-rep2,1.5019078946952224e-06,6.986547563501404e-07,0.026361617342891438,2.1795825944221612e-06,0.9736340025118632
4-2A-rep1,0.9403649609825551,2.192791054361215e-06,3.383465073663362e-06,0.059627229216284244,2.2335450326780462e-06
4-2A-rep2,0.9997587281406274,4.035637960060438e-06,6.22696816491357e-06,0.0002268986111956103,4.110642052033439e-06
4-2B-rep1,0.7972673225955708,1.8717406260784297e-06,2.8880859499575196e-06,0.2027260110501111,1.9065277421322908e-06
4-2B-rep2,0.7871092181730411,5.198810958273751e-06,8.02173798863009e-06,0.21107775961043754,0.0017998016675743445
4-2C-rep1,0.13914025271202615,1.8496783298982417e-06,0.1412509765361252,0.012136607080736836,0.7074703139927819
4-2C-rep2,0.15671167630922178,1.5810163229830951e-06,0.12086049766817904,4.691145215950653e-05,0.7223793335541167
4-3A-rep1,0.1588976596777262,0.7290559678438272,2.290103498838438e-06,0.11200316224611613,4.09201288316884e-05
4-3B-rep1,0.16856432687745332,0.5663596414416808,4.93214204407086e-06,0.26506784365731473,3.2558815070224857e-06
4-3B-rep2,0.17573768726164182,0.6365291060836719,2.3460378554593924e-06,0.18768894103924932,4.191957758158463e-05
4-3C-rep1,4.3443282682093075e-06,0.8941693640647814,3.1182174747417414e-06,0.10582111494376992,2.058445705774189e-06
4-4B-rep1,0.999997652829103,3.513063646374905e-07,5.420638745048405e-07,1.09596511111399e-06,3.578355466763016e-07
4-4C-rep1,0.26679181861826956,0.4135626760273236,4.985028735830345e-06,0.11178522042384939,0.2078552999018216
4-4C-rep2,0.30634533974987993,0.35624645553622636,6.682372981964623e-06,0.07855236516200051,0.2588491571789112
4-5A-rep1,7.694334482273175e-06,3.5792363845853017e-06,5.5227429323663205e-06,0.011035337677610432,0.9889478660085903
4-5A-rep2,4.282196473795778e-07,1.9919842918532179e-07,3.073621294362125e-07,3.7645283332053534e-05,0.999961419936462
4-5B-rep1,4.064306964813116e-06,1.8906268501970334e-06,2.917227294524565e-06,0.16591678266961982,0.8340743451692706
4-5B-rep2,2.201000828050652e-06,1.0238575232739118e-06,2.8765293901085675e-05,0.11826006309815781,0.8817079467495899
4-5C-rep1,3.7951101238307215e-06,1.7654023580620163e-06,2.7240065612205933e-06,0.05592738444320595,0.9440643310377509
4-5C-rep2,1.6274814941912676e-05,5.670324315675942e-07,8.74928062127769e-07,0.019830333156210526,0.9801519500683539
4-6A-rep1,0.8697984182366779,0.019850215481292104,4.7075965849945394e-06,0.11034355103434194,3.10765110303983e-06
4-6A-rep2,0.8700361442808442,0.04390581405179964,2.5564773960366542e-06,0.08099470129551341,0.005060783894446663
4-6B-rep1,0.8134415906740484,0.004069358522652781,3.8743149135037615e-06,0.18248261891600262,2.5575723826572525e-06
4-6B-rep2,0.8976065702318765,0.016660096788652254,1.5197748904944625e-06,0.08570465749552858,2.715570905233828e-05
4-6C-rep1,0.9948867064118101,1.7309987565788148e-06,0.005104399248872776,5.400170436848455e-06,1.7631701235915397e-06
4-7A-rep1,0.5109491085235577,0.00780698962816349,1.998262554481176e-06,0.25662914413572147,0.2246127594500029
4-7B-rep1,6.868006638290142e-06,0.8399862817737008,4.929631693091659e-06,9.966914602463518e-06,0.1599919536733654
4-7B-rep2,2.900801924437859e-06,0.8386155050325041,0.00419407800870324,4.003869536770574e-05,0.15714747746150046
4-7C-rep1,4.2752772124491e-06,0.5875187335971869,3.0686548737070832e-06,6.20432173736905e-06,0.4124677181489897
4-7C-rep2,1.3247902390535916e-06,0.5875319858904378,9.508913274380513e-07,1.9225478183451005e-06,0.4124638158801774
4-8A-rep1,0.8287752983446848,3.5741413052279637e-06,5.51488125169282e-06,0.17121197206447783,3.6405682805500527e-06
4-8A-rep2,0.829235490868497,4.224872168003052e-06,0.0001186978528208871,0.1706372830132538,4.303393260281192e-06
4-8B-rep1,0.9996522493420641,2.094966840638815e-06,3.232522825960359e-06,0.0003402892655559986,2.1339027132692997e-06
4-8B-rep2,0.9999983895453927,2.410403751400167e-07,3.7192403216299166e-07,7.519699843635981e-07,2.455202156621674e-07
4-8C-rep1,0.8852499421607807,4.691125489991118e-06,7.238381978980045e-06,0.11473335001964659,4.7783121036542805e-06
4-8C-rep2,0.9484714767238728,4.015843466279167e-06,6.196425365030028e-06,0.051514220527626976,4.090479668950199e-06
4-9A-rep1,0.9965847195443057,3.988201760051346e-06,6.153774357578915e-06,1.244193224227521e-05,0.0033926965473343963
4-9B-rep1,0.845126676542054,0.03231356947237358,7.79052780375356e-06,0.11718441061209277,0.005367552845675821
4-9C-rep1,0.8610499577495415,0.040019316155936215,0.04524068032971627,0.053689101038298125,9.447265080638067e-07
5-10A-rep1,0.880959182497544,0.06914216603734025,4.0543354157775116e-06,0.049891920719413056,2.676410286959422e-06
5-10B-rep1,0.811294755683923,0.03731454651045916,3.6380722444103325e-06,0.12640552506670913,0.02498153466666439
5-10B-rep2,0.7963847876921291,0.03761512830806482,6.447353114034651e-06,0.10718760053372799,0.058806036112964054
5-10C-rep1,0.6471402799903919,0.16482740737298962,3.884155211205316e-06,0.16115660009193813,0.02687182838946918
5-11A-rep1,0.875381375340381,3.6688451471491806e-06,5.661008782104292e-06,0.07229356542356259,0.0523157293821272
5-11B-rep1,0.7490036577933816,0.13782039288228526,0.04198099100758666,0.029622852940679855,0.04157210537606661
5-11C-rep1,0.7955283955696634,0.08054934634798963,4.979475734400674e-06,0.11457406914594694,0.009343209460665665
5-11C-rep2,0.8868583448619817,0.09178576829904188,8.093048960933987e-05,8.98656229086487e-06,0.021265969787076327
5-12A-rep1,0.45075321164360815,0.01657721370356633,0.007916614453861142,0.5247512735423593,1.6866566051149037e-06
5-12A-rep2,0.48453248124288834,0.036334935099208585,0.01762206675830621,0.46150771253187367,2.8043677231832087e-06
5-12B-rep1,0.6873464700657445,3.1507460680062994e-06,4.86158462562088e-06,0.2390226718292825,0.07362284577427947
5-12B-rep2,0.8001007593570757,0.00473053732924965,4.819651238014278e-06,0.1358606873337611,0.0593031963286756
5-12C-rep1,0.9092733959032635,0.042250846583289044,4.748758564602813e-06,9.601218514446419e-06,0.04846140753636842
5-12C-rep2,0.8476582102146011,0.07905476443010731,3.860416794661547e-06,0.002133580262632593,0.07114958467586441
5-1A-rep1,8.370950180689628e-05,0.0037023384105985425,2.337638701203474e-06,0.00012540534999323614,0.9960862090989
5-1A-rep2,1.7240214880076876e-06,0.01260691784589122,0.00046970796867688624,6.638425981984365e-05,0.9868552659041242
5-1B-rep1,3.2150455562017973e-06,1.4955689877231681e-06,2.3076550887742945e-06,0.2674937863204817,0.7324991954098855
5-1B-rep2,2.752011665843445e-06,1.280175732921868e-06,1.975304428517167e-06,0.22876513164781065,0.771228860860362
5-1C-rep1,4.593782265095829e-06,2.1369271980539196e-06,0.04040199017113475,0.09822315167446258,0.8613681274449395
5-1C-rep2,5.77134495242447e-06,2.6847036464689257e-06,0.030014836716273936,0.046058039263476645,0.9239186679716506
5-2A-rep1,0.09131465984483472,0.016154337278299027,1.6883084379720336e-06,3.4134854430336766e-06,0.8925259010829854
5-2A-rep2,0.08280851725674833,4.208349089397259e-06,6.493460529875503e-06,1.3128722510128768e-05,0.9171676522111223
5-2B-rep1,0.7943973738083134,1.7157006530411257e-06,2.647317091558063e-06,5.3524451764170995e-06,0.20559291072876548
5-2C-rep1,0.31814811108812546,1.796390088160209e-06,2.771820465920184e-06,5.604170777281929e-06,0.6818417165305432
5-3A-rep1,5.22606330227849e-07,0.9790970308706696,3.7510981922156593e-07,0.020901823789914672,2.4762326644145163e-07
5-3B-rep1,2.432738503155497e-06,0.9999911380192288,1.746140540881212e-06,3.5304125619063573e-06,1.1526891652587003e-06
5-3B-rep2,3.6072512364981967e-06,0.9999868595037842,2.5891675644641916e-06,5.234876277399661e-06,1.709201137435915e-06
5-3C-rep1,2.127098918558359e-06,0.9999922514032272,1.52676239198814e-06,3.0868655766969045e-06,1.0078698855941106e-06
5-3C-rep2,3.756297923211712e-05,0.9999550017478734,2.019371940301735e-06,4.082842072726065e-06,1.3330588814108523e-06
5-4B-rep1,0.3886908470699896,0.4218706884776335,2.4408319116273493e-06,4.93496568034687e-06,0.189431088654785
5-4C-rep1,0.7415569569690535,0.15733814997895132,0.010785001119177219,6.529824514037342e-06,0.09031336210830387
5-4C-rep2,0.7245783949054956,0.12478321624528657,0.005546751703389581,8.140414107429586e-06,0.1450834967317209
5-5A-rep1,0.013092722210021756,0.4139222752971969,3.880264917783225e-06,0.00020816132956327438,0.5727729608983003
5-5A-rep2,4.8473676385874784e-06,0.4475445343294492,0.008325670164658804,7.034544642282804e-06,0.5441179135936112
5-5B-rep1,2.849649738616983e-06,0.02534332592794234,2.045385860196833e-06,4.1354379935193205e-06,0.9746476435984652
5-5B-rep2,0.00037414123050583136,0.004789106708326989,4.279139524770587e-06,8.651725092400682e-06,0.99482382119655
5-5C-rep1,0.4118973838957369,3.0286215012852664e-06,4.673147060940437e-06,0.0040302495277181214,0.5840646648079827
5-6A-rep1,0.883327072078723,0.025139692179369136,1.1631189926061103e-06,0.024700958287767177,0.0668311143351482
5-6B-rep1,0.9812626457144112,0.01752426378505529,0.0001288235069470192,3.7297883797188876e-06,0.0010805372052066537
5-6B-rep2,0.99028164269617,2.7467728181009434e-06,4.238256023914582e-06,8.569065294052544e-06,0.00970280320969397
5-6C-rep1,0.9527589730794374,2.4297488740953203e-06,3.7490897442890452e-06,7.580050528047821e-06,0.04722726803141627
5-6C-rep2,0.9656458668314006,0.013215138513078468,6.561648103347207e-06,1.3266586708521943e-05,0.02111916642070911
5-7A-rep1,0.8130811364456848,0.03478628493810514,3.509328508910505e-06,7.095292252627785e-06,0.1521219739954485
5-7A-rep2,0.8006958306670654,0.01202548795880334,7.201604010322793e-06,0.029508945207267597,0.15776253456285325
5-7B-rep1,0.037152003875121804,1.1591729803424278e-06,1.788597817162019e-06,3.6162542785475877e-06,0.9628414320998021
5-7B-rep2,0.01656669736506631,1.772130917874771e-06,2.7343886936527884e-06,5.528489813503068e-06,0.9834232676255086
5-7C-rep1,3.2082932214005696e-06,0.46442968878582164,2.302808482562105e-06,4.655904724827552e-06,0.5355601442077496
5-7C-rep2,4.0057896294814936e-06,0.4628115251446151,2.8752254552663175e-06,5.813238870487731e-06,0.5371757806014297
5-8A-rep1,0.8213707462150538,1.5100201853373211e-06,2.3299532107512365e-06,4.710786956323123e-06,0.17862070302459374
5-8A-rep2,0.7950226113550178,2.4932860917930252e-06,3.847127337305656e-06,7.778266617658932e-06,0.20496326996493544
5-8B-rep1,0.44000768576831173,0.015273542528143351,8.594619064028617e-05,9.543508257268022e-06,0.5446232820046474
5-8C-rep1,0.3768331981691922,0.08193350449016028,5.114004847065503e-06,0.07613237457689487,0.46509580875890555
5-9A-rep1,0.8973420190169777,1.4441288146559844e-06,2.228283172052062e-06,0.10265283760245687,1.4709685786554529e-06
5-9A-rep2,0.9819743495940063,2.405231555928671e-06,0.002302806631999537,0.01571798860860458,2.4499338336410496e-06
5-9B-rep1,0.8818314086601419,1.0819798840812335e-06,1.6694892752842022e-06,0.09914630309349394,0.01901953677720487
5-9B-rep2,0.948514139486088,1.82370389394881e-06,2.8139655247167126e-06,0.05099513499353859,0.00048608785095475405
5-9C-rep1,0.9449622786733851,1.6267007012586652e-06,0.023110332836721103,5.074793383387231e-06,0.031920686995809064
5-9C-rep2,0.9659407977060378,3.1040042278761976e-06,0.025883911923407853,9.683514678172706e-06,0.008162502851648285
