,19_1,19_2,19_3,19_4,19_5,19_6,19_7,19_8,19_9,19_10,19_11,19_12,19_13,19_14,19_15,19_16,19_17,19_18,19_19
1-10A-rep2,3.348979659563997e-07,1.0356697314139722e-06,9.003588716697955e-07,7.30082274164162e-07,2.204276800364514e-06,1.857437178706747e-06,5.950734193407313e-07,3.8357945287389863e-07,5.951041710575534e-07,1.4908168855050467e-06,0.7261935674554262,7.68791533332356e-07,0.01714550995687646,2.870698287164281e-07,0.09420791064502024,0.1405942805657793,2.4741847426630986e-07,8.34649294496735e-07,0.021846466151015917
1-10B-rep1,4.511137691498328e-07,1.395066329526102e-06,1.2128000927880538e-06,9.834343590207254e-07,2.9692017173715163e-06,2.502002316593706e-06,8.01574928510092e-07,5.166886345822203e-07,8.01616351642788e-07,2.00815798451267e-06,0.9771921391121093,0.01004163432991637,1.942656603370749e-06,3.866883815541732e-07,0.012745917963596257,1.962973937750111e-06,3.332772719739568e-07,1.1242880740807192e-06,9.17053625584596e-07
1-10B-rep2,1.558641798345656e-07,4.820089390669495e-07,4.1903418758851935e-07,0.00042730891738692716,1.0258879734787774e-06,8.64466052000589e-07,2.7695190737279305e-07,1.7852093145099954e-07,2.769662194666491e-07,6.938380484909158e-07,0.9879033428178656,0.011635266629178078,6.712066864091129e-07,2.681917528917564e-05,7.190347611138426e-07,6.782265223707417e-07,1.1515052788483807e-07,3.8845242718843214e-07,3.1685091653361437e-07
1-10C-rep1,6.247854532718085e-07,1.9321448571163104e-06,1.6797089947591474e-06,1.3620410720820982e-06,0.009845331681007206,3.4652337356187148e-06,1.1101686299319224e-06,7.156056073531712e-07,1.1102260003171938e-06,2.7812671268263255e-06,0.9901263370078911,1.4342570437920149e-06,2.690548747327934e-06,5.355573078595659e-07,2.88226877796762e-06,2.7186879349067293e-06,4.6158376373184925e-07,1.5571212452602017e-06,1.2701048035293372e-06
1-10C-rep2,1.3721852513373576e-07,4.243473759669809e-07,3.6890614163266735e-07,2.991383139667457e-07,9.031634774751272e-07,7.610520698829478e-07,2.438208208133903e-07,1.571649043751257e-07,2.438334207860883e-07,0.0020445227551026094,0.9749960667317481,0.015505853696287923,5.909118545820952e-07,1.1762179084715836e-07,0.0074479902412812535,5.970919245530009e-07,1.0137534885500674e-07,3.419828032328676e-07,2.789468080489204e-07
1-11A-rep2,3.2755446811198406e-07,1.0129600131914519e-06,8.806161914942807e-07,7.140733456200316e-07,2.1559423714415283e-06,0.02019088166222164,5.8202490661024e-07,3.7516848842597383e-07,5.820549840167075e-07,1.4581268972160462e-06,0.1783441279860425,7.519338048845034e-07,0.011329719234936064,2.8077508559263646e-07,0.7298362091702717,0.060288216501133966,2.4199318890438024e-07,8.163474655277953e-07,6.6587418319027e-07
1-11B-rep1,6.579339863302771e-07,2.0346564750396657e-06,1.7688274094882392e-06,1.4343053401896071e-06,4.330479040377282e-06,0.1572562784353994,1.1690695875919647e-06,7.535726823033819e-07,1.1691300018126883e-06,0.00022821912959115063,0.07368476690808848,1.5103527927911479e-06,2.8332981401461768e-06,5.639717644243284e-07,0.7688061836989598,2.862930276680185e-06,4.86073489878948e-07,1.6397356608235813e-06,1.3374913133256783e-06
1-11B-rep2,3.092080947686953e-07,9.562239756983546e-07,8.312927506802305e-07,6.74077993797331e-07,2.035187726020056e-06,0.04018290612706387,5.494256070393558e-07,3.5415524688793723e-07,5.494539998059175e-07,1.37645699787866e-06,6.973779765457672e-06,7.098178832383531e-07,1.3315602142894976e-06,0.8194530426082925,0.14034442749669582,1.3454863781174396e-06,2.2843911523912674e-07,7.706237253915436e-07,6.28578473457226e-07
1-11C-rep1,5.760445429364148e-07,1.7814139162108596e-06,1.548671139965347e-06,1.2557852022953928e-06,3.7914880084300947e-06,0.1243690985803478,1.0235618925866176e-06,6.597796137087067e-07,1.023614787379844e-06,2.564294258880175e-06,0.26403164707293103,1.322367444565125e-06,2.4806530230280514e-06,4.93777284676965e-07,0.6115751940561922,2.506597009659855e-06,4.255745821439738e-07,1.4356467349316998e-06,1.1710210876374366e-06
1-11C-rep2,4.3566885634403997e-07,1.347303039439801e-06,1.1712771046529977e-06,9.497642319618216e-07,2.8675442979714406e-06,0.10614547354082711,7.741311754597699e-07,4.989986161110351e-07,7.741711803766712e-07,1.939404097816843e-06,0.3919857680204407,1.0001211178974255e-06,1.8761453064373732e-06,3.7344921940806344e-07,0.5018505613750041,1.8957670303534882e-06,3.218667614601875e-07,1.085795497572814e-06,8.856561949273954e-07
1-12A-rep1,4.221599251830733e-07,1.3055267597087093e-06,1.134958920447793e-06,9.203145721068864e-07,2.7786293848252776e-06,2.3414162524271213e-06,7.501274290212456e-07,4.835259977305777e-07,7.501661934921966e-07,0.010048545652262616,9.52125896390634e-06,9.691100250970802e-07,1.8179710361778098e-06,3.618695535135695e-07,1.947513927048759e-06,0.9899237275900414,3.1188653023582073e-07,1.0521278703876022e-06,8.581943545976614e-07
1-12A-rep2,2.909264621987922e-07,8.996881486161875e-07,7.821433626691289e-07,6.34223777770811e-07,1.9148592001911706e-06,0.00010123283887933383,5.169413440387275e-07,3.33216156981019e-07,5.169680581101493e-07,0.009265888104044016,6.561461713464584e-06,6.678505804657099e-07,0.014695096615146053,2.493780738081778e-07,1.342105924984396e-06,0.9759215412705478,2.1493287125635025e-07,7.250613354166081e-07,5.914143730099468e-07
1-12B-rep1,6.987034646250017e-07,2.1607358153987597e-06,0.000958880908077631,1.5231833760561315e-06,4.59882111558632e-06,3.8752035664936e-06,1.241512048639154e-06,8.002684994415507e-07,1.2415762064820524e-06,0.00012273562646599638,0.12490458114651594,1.603943178274236e-06,0.008735656438256677,5.989187881170564e-07,3.223268356522274e-06,0.8652529018392388,5.161934760887998e-07,1.7413433734847024e-06,1.4203701799003574e-06
1-12B-rep2,2.900884086460457e-07,8.970964735804649e-07,7.798902915016322e-07,6.323968092435069e-07,1.9093431857880773e-06,0.002236585950905456,5.154522236381324e-07,3.32256282165645e-07,5.154788607560097e-07,5.0957501097844635e-05,0.165692840457931,6.65926745323891e-07,1.2492240342820886e-06,2.4865970608338414e-07,1.3382398048999786e-06,0.8320087150400926,2.143137276590404e-07,7.2297269685306e-07,5.897107228411023e-07
1-12C-rep1,7.733619944742894e-07,2.391616822203203e-06,2.079150677277704e-06,1.6859400207627082e-06,5.09021874120681e-06,4.289280518718829e-06,1.3741712796783527e-06,8.857795533835377e-07,1.3742422929763497e-06,3.4426638474126545e-06,0.16552697589190518,1.7753292464913413e-06,3.3303722654992874e-06,6.629150304198407e-07,3.567684105107173e-06,0.8344362304794355,5.713502743498002e-07,1.9274110585747458e-06,1.572140930786848e-06
1-12C-rep2,2.858435798119573e-07,8.839693686548084e-07,7.684782505578279e-07,6.231430227065283e-07,1.881403996328451e-06,1.5853679222001645e-06,5.079096731732365e-07,3.2739441590416124e-07,5.079359205133679e-07,1.2724485625940008e-06,0.17829267207477473,6.561823192603507e-07,1.2309442890633578e-06,2.4502109847687824e-07,1.3186575026036621e-06,0.821693728572522,2.111777006286806e-07,7.123935242339808e-07,5.810815566783779e-07
1-1A-rep1,2.8012682749369266e-07,8.662903501480547e-07,7.531090062204091e-07,6.10680422280059e-07,1.8437767014818128e-06,1.5536612253049519e-06,4.977516916523911e-07,3.208466642025548e-07,4.977774140566726e-07,0.553227114213953,0.4467595864725313,6.430589466895773e-07,1.2063259169355426e-06,2.401207787507437e-07,1.2922849028063683e-06,1.2189423139777902e-06,2.0695423473719897e-07,6.981459510197757e-07,5.694601680208917e-07
1-1A-rep2,1.4802701219874548e-07,4.5777255029923513e-07,3.979642972727547e-07,3.227009677265585e-07,9.743042418461556e-07,8.209989425454522e-07,2.630262027789313e-07,1.6954453631153108e-07,2.6303979523163e-07,0.553077664200923,0.4469153080621707,3.398107043077614e-07,6.374570505065283e-07,1.2688667402306878e-07,6.828802324414289e-07,6.441239148536037e-07,1.093605253881482e-07,3.6892024991942626e-07,3.009190086951818e-07
1-1B-rep1,4.8113987206488e-07,1.4879218530065992e-06,1.2935239874943975e-06,1.048891685516876e-06,3.1668315891206108e-06,2.668535426840618e-06,8.549277032279296e-07,5.510793962436053e-07,8.549718834816235e-07,0.3028992693726263,0.6969955118532334,1.1045043493642758e-06,2.0719596995970856e-06,4.1242633489237476e-07,2.21960102276042e-06,8.446978588196505e-05,3.554601853583019e-07,1.1991206146217185e-06,9.780926548128849e-07
1-1B-rep2,1.5655769987509662e-07,4.841536451778266e-07,4.2089868658417524e-07,3.412979867951827e-07,1.0304526776314727e-06,8.683125068567176e-07,2.781842091000417e-07,1.793152630526988e-07,2.7819858487577716e-07,0.27790776805720985,0.7220847992025826,3.593937448925324e-07,6.741932307765052e-07,1.3419905958232382e-07,7.222341172276089e-07,6.812443016050918e-07,1.1566289191132976e-07,3.90180852175713e-07,3.1826074950941367e-07
1-1C-rep1,4.155225848274693e-07,1.2850008288217882e-06,1.117114714507653e-06,9.058450768163363e-07,2.734942838924053e-06,2.304603718469138e-06,7.383336732441451e-07,4.759238393392309e-07,7.383718282470437e-07,0.9999709010690588,9.371562527585706e-06,9.538733512801425e-07,1.7893882839932924e-06,3.561801186626456e-07,1.9168944579565754e-06,1.8081026568975527e-06,3.069829452908362e-07,1.0355859620803396e-06,8.447015342636318e-07
1-1C-rep2,1.376453782816324e-07,4.256674164867041e-07,3.700537180818446e-07,3.0006885983035085e-07,9.059729973489913e-07,7.6341951605267e-07,2.4457928753488806e-07,1.576538058124937e-07,2.4459192670300806e-07,0.9780501148063186,0.02194335033568105,3.159786328443246e-07,5.927500363072812e-07,1.179876833652088e-07,6.349875372019848e-07,5.989493309588103e-07,1.0169070268012406e-07,3.4304662778530466e-07,2.798145430941364e-07
1-2A-rep1,2.078606281733846e-07,6.428076095866625e-07,5.588244171991429e-07,4.5313909176078094e-07,1.3681252410217292e-06,1.1528528029604347e-06,3.693433443234224e-07,2.3807569508843154e-07,3.693624309462921e-07,0.010428181214529254,0.21082743211435132,3.60650688452265e-05,8.951219171669729e-07,1.7817520854811987e-07,0.7786998892721954,9.044835775189986e-07,1.535648606757768e-07,5.180405505393554e-07,4.225527033722212e-07
1-2A-rep2,2.9083954252143317e-07,8.994193500922911e-07,7.819096828305269e-07,6.34034291652152e-07,1.914287100483875e-06,1.613076919636181e-06,5.167868982227719e-07,3.3311660247285674e-07,5.168136043128694e-07,0.014640953653731609,0.09113096734698618,6.676510477159582e-07,1.2524586843478291e-06,2.4930356748258613e-07,0.8942156127933851,1.265557562369852e-06,2.1486865607399025e-07,7.248447098925373e-07,5.912376769950881e-07
1-2B-rep1,7.66058887634287e-07,2.3690320128930817e-06,2.059516586591693e-06,1.6700191451760615e-06,0.4995830418508768,0.03240009175946416,1.3611945369063266e-06,8.77414851263094e-07,1.361264879602838e-06,3.4101536619218877e-06,0.2746605778846844,1.7585642396045975e-06,0.1933290987541611,6.566549098972508e-07,3.5339933129850593e-06,3.333424368850266e-06,5.659548293622588e-07,1.909209894067118e-06,1.5572946967242574e-06
1-2B-rep2,3.40005722683887e-07,1.051465435108313e-06,9.140908573830888e-07,7.412172556407788e-07,0.45935723660564187,0.020026992793996733,6.041492889188171e-07,3.894296840789386e-07,6.041805096509944e-07,1.5135543481069587e-06,0.355744380724786,7.805168960564904e-07,0.1648593220423787,2.914481259828733e-07,1.568519039120054e-06,1.479499004369083e-06,2.5119202174913604e-07,8.473790987428833e-07,6.911859092538737e-07
1-2C-rep2,3.2013960461390063e-07,9.900295971598086e-07,8.606816478082521e-07,6.979088389475653e-07,0.3862020628667331,5.6586817342621295e-05,5.68849585693768e-07,3.666757844598357e-07,5.688789822367912e-07,0.005153681128088255,0.5426932495148479,7.349122494926625e-07,0.06588448206772983,2.744191688337164e-07,1.476872392174787e-06,1.3930536890572875e-06,2.3651517948037675e-07,7.978677755428443e-07,6.508007628711624e-07
1-3A-rep1,7.083636213904606e-07,2.190609785920283e-06,1.904405328547376e-06,1.5442426536183809e-06,4.662403644029498e-06,3.928781480223404e-06,1.2586769857308816e-06,8.113328773221056e-07,1.2587420306093414e-06,3.1533199815966876e-06,1.5976204934526323e-05,1.6261190272995922e-06,3.050466114734653e-06,6.071993387024103e-07,0.9999505080055322,3.082369509271e-06,5.233302804024885e-07,1.7654188945347999e-06,1.440007979478444e-06
1-3A-rep2,5.29369702318693e-07,1.6370722821603285e-06,1.4231878253267309e-06,1.1540333935403867e-06,3.484277219494608e-06,2.9360314672549415e-06,9.406263127175318e-07,6.063200181092129e-07,9.40674921633783e-07,2.356518614968932e-06,1.193923374237034e-05,1.2152207135180535e-06,2.2796545309887225e-06,4.537682674133595e-07,0.9999630139640329,2.303496368653269e-06,3.910917873044155e-07,1.3193213858628409e-06,1.076137413630474e-06
1-3B-rep2,4.332772795660541e-07,1.3399071041666828e-06,1.1648474526747014e-06,9.445505609622868e-07,2.851803093951435e-06,2.4030761890613597e-06,7.698816310744296e-07,4.962593946010269e-07,7.699214163868564e-07,1.9287578610341833e-06,0.06365756958100628,9.946310159406129e-07,1.865846324810237e-06,0.7426321914709428,0.048516753603067744,0.14517524185623237,3.20099894122519e-07,1.0798350914987427e-06,8.807944409639792e-07
1-3C-rep1,6.447163866515307e-07,0.0005539045774159975,1.7332924575247253e-06,1.405490787061784e-06,4.243481652246954e-06,3.5757762304353094e-06,1.14558350216936e-06,7.384337439745064e-07,1.1456427026953954e-06,2.86999078312418e-06,1.4540725704651323e-05,1.4800104803349426e-06,0.015125132196519545,5.526418237811117e-07,0.9842806883002169,2.805415287195624e-06,4.7630849074961906e-07,1.6067941043847397e-06,1.3106217107201895e-06
1-3C-rep2,5.31779557254705e-07,1.6445247425155253e-06,1.4296666173518757e-06,1.1592869111813937e-06,3.500138729171219e-06,2.949397192366635e-06,9.449083351920262e-07,6.090801747295171e-07,9.44957165391128e-07,2.3672462179866585e-06,0.00010303978281114138,1.2207527748014785e-06,2.29003222487608e-06,4.558339611888853e-07,2.453212709435276e-06,2.3139825979742337e-06,0.03942339659612184,1.325327345667457e-06,0.9604474234938101
1-3C-rep3,3.1234987621390683e-07,9.659399139132415e-07,8.397392958509827e-07,6.809271215186544e-07,2.055866728747702e-06,1.732379207461932e-06,5.550081749181547e-07,3.5775372442530307e-07,5.550368561760874e-07,1.3904428123810318e-06,0.003162220177887612,7.17030154497635e-07,1.3450898444809909e-06,2.6774192315040036e-07,0.9968230011796245,1.3591575083662012e-06,2.307602245042503e-07,7.78453828686498e-07,6.349652926193978e-07
1-4A-rep1,4.689707885726924e-07,1.45028904327628e-06,0.008913748588615211,1.0223629124169925e-06,3.0867354668676016e-06,2.6010423083183085e-06,8.333047050014141e-07,5.371413886639541e-07,8.33347767839514e-07,0.0032940876405629102,0.035499942773434844,1.07656900992293e-06,2.019555290732287e-06,4.019951675851568e-07,0.16436128496757405,0.7864688678106196,0.0014456147585773485,1.1687922221442661e-06,9.533545446071518e-07
1-4A-rep3,3.2838318679799736e-07,1.0155228202139136e-06,0.0031493496343185357,7.158799640066172e-07,2.1613969443541793e-06,5.804392565592405e-05,5.834974400750199e-07,3.7611767143835663e-07,5.835275935778658e-07,1.4618159844486724e-06,0.08383533453641834,7.538362109128646e-07,1.4141349918698136e-06,2.814854516008878e-07,0.1638904558534739,0.7490554118747419,2.426054360176281e-07,8.184128392742197e-07,6.675588568304261e-07
1-4B-rep3,1.4320715746221286e-07,4.4286718159631213e-07,3.850063237604229e-07,3.121936166378787e-07,0.04239352706109097,7.942666888632455e-07,2.5446190042312814e-07,1.6402405714859836e-07,2.544750502968235e-07,6.374946108142142e-07,0.5275690136964771,3.287462491900479e-07,6.167010388936287e-07,1.2275516229619667e-07,6.606452128059708e-07,0.43003158856964396,1.0579967633463857e-07,3.5690796927169183e-07,2.9112089220395085e-07
1-4C-rep1,5.826529076227494e-07,1.8018502400333602e-06,1.5664374460567534e-06,1.2701915302195623e-06,3.83498383834604e-06,3.2315549299005874e-06,1.0353041620832906e-06,6.673485844653263e-07,1.0353576636839036e-06,2.5937117611090344e-06,1.3140965990894174e-05,1.3375376018562205e-06,2.5091109956578473e-06,4.994418819915058e-07,2.6879023434985575e-06,0.9999591386199294,4.304567602229566e-07,1.4521164286411693e-06,1.184455004332574e-06
1-4C-rep2,1.29474183487859e-07,4.0039805095553123e-07,3.4808581002451783e-07,2.8225554029990886e-07,8.521907205180865e-07,7.180997991619868e-07,2.3006005684280625e-07,0.8727278718931075,2.3007194569801329e-07,0.12240856441611722,2.9201190273890536e-06,2.9722084386605333e-07,5.575619604623157e-07,1.1098345005146427e-07,5.972920698868412e-07,5.633932395305101e-07,0.004854740598502726,3.2268197149262873e-07,2.632036029645324e-07
1-4C-rep3,2.575130810303875e-07,7.96357489675071e-07,6.923129151131283e-07,5.613821370601033e-07,1.6949344815655587e-06,1.4282391036422015e-06,4.5756978313110947e-07,2.949457350313309e-07,4.575934290476298e-07,1.1463337746533566e-06,9.39857093332645e-05,5.911468463330858e-07,1.1089430683102758e-06,2.2073659316658013e-07,1.187962859066812e-06,0.9998937627955765,1.9024747860203466e-07,6.417868522786894e-07,5.234894626236531e-07
1-5A-rep1,6.070576997452646e-07,1.8773218972903937e-06,1.632048686889504e-06,1.3233943201571672e-06,3.995614605211857e-06,3.36691068847474e-06,1.0786685433961813e-06,6.953009095358058e-07,1.0787242859457782e-06,0.04770868370177657,0.07297578050845478,1.3935612253588145e-06,2.614206724968091e-06,5.203613267377977e-07,2.8004868635112445e-06,0.8792893566393479,4.484867187343358e-07,1.512939260064543e-06,1.2340666646899362e-06
1-5A-rep2,1.6861609352188712e-07,5.214441472977509e-07,4.5331716266231297e-07,3.6758545447589604e-07,1.1098202464650905e-06,9.351917087386002e-07,2.996105247799833e-07,1.931264906735204e-07,2.996260078073132e-07,7.506039001235796e-07,3.8029130576710367e-06,3.870749848032224e-07,7.261209697327528e-07,1.4453534511004805e-07,7.778620633306806e-07,7.337151284308618e-07,0.9999875658294943,4.2023337793924034e-07,3.427738421453483e-07
1-5A-rep3,2.7817894840088144e-07,8.602665470141134e-07,7.47872216510014e-07,6.06434018472215e-07,1.8309558869930265e-06,1.5428577465908287e-06,4.942905447060033e-07,3.186156372252745e-07,4.943160882479674e-07,0.036293113544690996,0.07301866858517532,6.385873968244362e-07,1.197937655612132e-06,2.38451084173959e-07,1.2832989203974225e-06,0.8906762215005347,2.0551516576040695e-07,6.932913502880665e-07,5.65500391781675e-07
1-5B-rep1,7.197107975388906e-07,2.2257008526587463e-06,1.9349117267706753e-06,1.568979657153558e-06,4.737090025185035e-06,3.991716072230369e-06,1.27883955342885e-06,8.243295033429551e-07,1.278905640251971e-06,3.2038325660985653e-06,0.013077762362358617,1.6521675968250326e-06,3.0993310977652127e-06,6.169259785882108e-07,0.07787961366741537,0.909011703041573,5.317134337664034e-07,1.7936988888302872e-06,1.463075262586818e-06
1-5B-rep2,1.8628197928029972e-07,5.7607578146237e-07,5.008111416808736e-07,4.0609733379649274e-07,3.311951069765961e-05,1.0331716200490604e-06,3.310006797303718e-07,2.1336032749123013e-07,3.310177849124219e-07,8.292445712033e-07,3.6094758485569434e-05,4.2762877963174167e-07,8.021965674420635e-07,1.5967829405065682e-07,8.593585685549533e-07,8.105863651399257e-07,0.9999224762736371,4.6426117321954556e-07,3.786862121322966e-07
1-5B-rep3,3.50387772978827e-07,1.0835718565665033e-06,9.420025559879953e-07,7.638502712465032e-07,2.3062297106013744e-06,1.943347952671242e-06,6.22596944016196e-07,4.0132089148137724e-07,6.226291180711855e-07,0.003600961903938878,7.902532962765458e-06,8.043499233565717e-07,1.5088945792998115e-06,3.0034747355395346e-07,0.0649708249200375,0.9314068167068791,2.588621520719478e-07,8.732537585944437e-07,7.122912212950456e-07
1-5C-rep1,5.903678752436683e-07,1.8257087260680731e-06,0.00010266430694257385,1.2870102680990174e-06,3.885763257366366e-06,3.2743442841168476e-06,1.0490127319432846e-06,6.761850163335247e-07,1.0490669419641442e-06,0.01031249512521116,0.5895962033825397,1.3552480760597811e-06,0.021430893499167384,5.060550437859202e-07,0.003540422977887592,0.3749987143069988,4.361564828603591e-07,1.4713440529818424e-06,1.2001384959745274e-06
1-5C-rep2,1.8645443266823662e-07,5.76609092417114e-07,5.012747752456075e-07,4.064732846067424e-07,1.2272310435866577e-06,1.03412809445891e-06,3.313071086659535e-07,2.1355784907366846e-07,3.3132422968338715e-07,8.300122570325186e-07,4.205233212585616e-06,4.280246635068848e-07,8.029392131686186e-07,1.598261186705981e-07,8.601541328772375e-07,0.08839543371150517,0.9115916280112298,4.6469097009264406e-07,3.790367866779371e-07
1-5C-rep3,3.092572106702905e-07,9.56375866297236e-07,8.314247966830034e-07,6.741850671533361e-07,2.035511003714819e-06,1.7152264249849962e-06,5.49512880091083e-07,3.5421150238237565e-07,5.495412773676701e-07,0.00794358492085863,0.7132702233631071,7.099306336672503e-07,1.3317717248597563e-06,2.650909337203877e-07,1.4266695839484473e-06,0.27871990705230515,2.2847540145961838e-07,5.37188011025976e-05,6.286783194799193e-07
1-6A-rep1,3.7581897718969825e-07,0.0012237005461034419,1.010373261862886e-06,8.192906539672011e-07,2.473616255596556e-06,2.0843964779008802e-06,6.677851362003365e-07,4.3044883010373473e-07,6.678196454537144e-07,1.6729790385187961e-06,0.8722574013644517,8.627297777218542e-07,1.6184104047312227e-06,3.221467443139848e-07,0.11292566880544125,0.013513901071736154,2.7765041113658444e-07,6.528075721331765e-05,7.639894393931405e-07
1-6A-rep2,2.5604554071592415e-07,7.918191310171469e-07,6.883674956839994e-07,5.581828785422105e-07,1.6852752259187438e-06,1.4200997172665612e-06,4.549621404407333e-07,2.9326486990787564e-07,4.549856516016302e-07,1.1398009374809559e-06,0.03060446350311595,5.8777796182714e-07,1.1026233168915199e-06,2.194786382384147e-07,1.181192782064161e-06,1.1141551370726552e-06,0.9693824298299333,6.381293756361714e-07,5.205061505234562e-07
1-6A-rep3,3.1730473079940865e-07,9.81262768750855e-07,8.530602106888803e-07,5.5017602992593606e-05,2.088479261883909e-06,1.7598602078195e-06,5.638123557739875e-07,3.6342882730491847e-07,5.638414920071682e-07,1.4124996226103596e-06,0.05579982921100118,7.28404515172978e-07,1.3664272135384844e-06,0.9441296400310334,1.4637945136131146e-06,1.380718034960217e-06,2.3442080977611157e-07,7.90802562642862e-07,6.450378456484091e-07
1-6B-rep1,6.649751717571419e-07,2.0564312941224023e-06,0.008540588324908942,1.4496552234132222e-06,4.376823668476705e-06,3.688137082025228e-06,1.1815809275047368e-06,7.616373895520729e-07,1.1816419882762383e-06,2.9601738895787447e-06,0.7208036162132384,1.526516533067497e-06,2.8636199930810483e-06,5.700073695934378e-07,0.27062612032749195,2.893569251655056e-06,4.912754305666614e-07,1.6572840518153571e-06,1.3518050963793164e-06
1-6B-rep2,2.418593316768902e-07,7.47948373954527e-07,6.502284788429137e-07,5.272567433911405e-07,1.5919025134850857e-06,1.3414190599542446e-06,4.2975495264479617e-07,2.770165230837691e-07,4.297771611692859e-07,0.005384225359547356,0.7227552822962447,5.552121104098395e-07,1.041532446802552e-06,2.0731841926741888e-07,0.27185012556876653,1.0524253462228227e-06,1.7868268223031302e-07,6.027738029852631e-07,4.916674953499182e-07
1-6C-rep2,2.2913560360297084e-07,7.086003295456336e-07,3.984642275811166e-05,4.995188373052528e-07,1.508155756387318e-06,1.2708497284602173e-06,4.07146417683749e-07,2.6244324659589205e-07,4.0716745786288453e-07,0.00011871121429423868,0.6682558266357922,5.260035292597052e-07,0.3212195140457054,1.9641181842144667e-07,1.0570514929999374e-06,0.010357823049717548,1.6928254933300428e-07,5.710630978158931e-07,4.658018672997473e-07
1-7A-rep1,8.293674266336228e-07,2.564813248513334e-06,2.2297188885905233e-06,1.808032650258571e-06,0.0004314478634672596,4.599902207940517e-06,1.4736861988613756e-06,9.499260553316569e-07,1.473762354809867e-06,3.69197513750873e-06,0.15337475269663514,1.9038952768694434e-06,0.8399119238064339,7.109220995916567e-07,3.826049128915121e-06,0.004263499110649275,0.0019885614891281063,2.0669905699231607e-06,1.6859924425927093e-06
1-7A-rep2,2.3500840868332518e-07,7.267619401808234e-07,6.318100651067553e-07,5.123216349470459e-07,1.5468101804436685e-06,1.3034219373370195e-06,4.1758168619996043e-07,2.691697352239258e-07,4.1760326564435625e-07,1.0461529764751829e-06,0.24005260134479584,5.394851364405487e-07,0.7532168141560944,2.0144590438159185e-07,1.0841439975285775e-06,0.005110980246223794,0.0016096090959336275,5.856995934513212e-07,4.777404902361307e-07
1-7B-rep2,3.247497882134173e-07,1.004286559266596e-06,8.730759294277225e-07,7.079591040097534e-07,2.1374821493401365e-06,0.02096320683548564,5.770413276487195e-07,3.719561142393873e-07,5.770711475178747e-07,0.026411704791277375,0.18209911107019,7.454953836968204e-07,0.7318713799320075,2.783709534093111e-07,1.4981401540600888e-06,0.03864379229115319,2.399211260916753e-07,8.093575034002477e-07,6.601726461380266e-07
1-7C-rep1,5.688632263469508e-07,1.759205742440174e-06,0.00019631998108189582,1.2401298311671868e-06,3.7442210460613557e-06,3.1550735257480187e-06,1.0108015564464542e-06,6.515544055309435e-07,1.01085379182148e-06,2.5323262294502074e-06,0.39572996759047424,1.3058820192912137e-06,0.587296158790982,4.876215610451163e-07,2.624287597682656e-06,0.01675446837627567,4.202691142868778e-07,1.4177491021173691e-06,1.156422436775482e-06
1-7C-rep2,2.5975775914400716e-07,8.032991418060546e-07,6.983476363090868e-07,5.662755669060503e-07,1.709708808056338e-06,1.440688712198526e-06,4.6155830625210343e-07,2.9751670437192204e-07,4.615821582842551e-07,1.1563260838773052e-06,0.50104130593281,5.962997278200755e-07,0.4815572898219638,2.2266069969186194e-07,1.1983180387682487e-06,0.017390164566322152,1.919058190237351e-07,6.47381150227184e-07,5.280525913577743e-07
1-8A-rep1,7.419914297414855e-08,2.2946035594969213e-07,1.9948122544216245e-07,1.6175517486018634e-07,4.883739708533749e-07,4.115290649639353e-07,1.318429557960551e-07,8.49848896049773e-08,1.3184976906835036e-07,0.0011309565722469443,0.9978238201370881,1.7033150003206907e-07,3.195279437708855e-07,6.360246233107212e-08,3.422964987843671e-07,3.228697366878008e-07,0.0010417554263161667,1.849227783715418e-07,1.508368791490211e-07
1-8A-rep2,1.2107866132394395e-07,3.744349545247994e-07,3.2551480741781523e-07,2.639531839487069e-07,7.969319354131531e-07,6.715359003417039e-07,2.1514222338578777e-07,1.3867891533085314e-07,2.1515334132941454e-07,0.002591779949810091,0.9974024717143686,2.7794808913584897e-07,5.214078510428403e-07,1.0378692646943141e-07,5.585617324869077e-07,5.268610112355787e-07,8.945141713663792e-08,3.0175823541966716e-07,2.461366354596303e-07
1-8B-rep1,4.155225848274693e-07,1.2850008288217882e-06,1.117114714507653e-06,9.058450768163363e-07,2.734942838924053e-06,2.304603718469138e-06,7.383336732441451e-07,4.759238393392309e-07,7.383718282470437e-07,0.005337484244549667,0.993860228657041,9.538733512801425e-07,1.7893882839932924e-06,3.561801186626456e-07,1.9168944579565754e-06,1.8081026568975527e-06,0.0007828667129409708,1.0355859620803396e-06,8.447015342636318e-07
1-8B-rep2,1.1451935996791682e-07,3.5415035872482267e-07,3.0788040599352106e-07,2.49653814774396e-07,7.537590371711479e-07,6.351561923604002e-07,2.0348713352798452e-07,1.311661398555089e-07,2.0349764916942272e-07,5.097892878203626e-07,0.999974446377576,2.628905615910396e-07,4.931611625926091e-07,9.816438555194107e-08,5.283022739723816e-07,2.0105225896816106e-05,8.460548643912971e-08,2.854108197715462e-07,2.328024579168279e-07
1-8C-rep1,7.705054122641557e-07,2.382782860725168e-06,0.010555555500143091,1.679712631383512e-06,5.071416901440032e-06,4.273437120010861e-06,1.3690954765496067e-06,8.825077322540088e-07,0.00013328771659335724,0.021769990757972254,0.9576141348363038,1.7687716783940044e-06,3.3180708048188784e-06,6.604664083046373e-07,3.554506081078524e-06,3.3527729513119497e-06,5.692398667513869e-07,1.9202917429361717e-06,0.009895457611319278
1-8C-rep2,2.877163079610371e-07,8.897607679952911e-07,7.735130001671141e-07,6.272255964004796e-07,5.1153758276683925e-05,1.5957545928978431e-06,5.112372859283217e-07,3.2953936783527894e-07,5.112637052300998e-07,1.2807851159040088e-06,0.10670370993533805,6.604813526723158e-07,1.239008923649849e-06,0.8932323362457939,1.3272967976535832e-06,1.2519671369321801e-06,2.1256124901792708e-07,7.170608300623391e-07,5.84888561155507e-07
1-9A-rep1,3.7289178305022753e-07,1.1531653579776734e-06,1.0025036254945498e-06,8.129093295893068e-07,2.4543496526675963e-06,2.068161445811574e-06,6.625838641631222e-07,4.270961327433093e-07,6.626181046294232e-07,1.6599484713195838e-06,0.6712532539732068,8.560101129295689e-07,0.32872898845658216,3.1963759464555417e-07,1.7202294615184857e-06,1.6225992239346758e-06,2.7548783631830855e-07,9.293393668656125e-07,7.580388473652124e-07
1-9A-rep2,1.5479430924319008e-07,4.787003713817046e-07,4.161578862179432e-07,0.00015935184008265246,1.0188461542869932e-06,8.585322524113597e-07,2.750508759668728e-07,1.7729554217485469e-07,2.750650898207848e-07,6.890754601653256e-07,0.7207892019365918,3.553457066075109e-07,0.27904441217968146,1.3268750592084992e-07,7.140992195037759e-07,6.735710934495776e-07,1.1436012072716968e-07,3.857860427219149e-07,3.146760135006693e-07
1-9B-rep2,2.5116783999337773e-07,7.767348739873652e-07,6.752540057099618e-07,5.475494223907554e-07,1.6531705145296333e-06,1.3930466336720134e-06,4.46295052722845e-07,2.8767813614228275e-07,4.4631811599308084e-07,0.015783053858647193,0.31362326033996907,5.765807155049242e-07,0.6705828429642252,2.1529754174547958e-07,1.1586909065367394e-06,1.0929303373673652e-06,1.8555969302010216e-07,6.259729283576303e-07,5.105904409219563e-07
1-9C-rep1,6.094012009350161e-07,1.8845691591267773e-06,1.638349089703047e-06,1.3285031856984497e-06,4.011039378812508e-06,3.3799083972716777e-06,1.0828326632415556e-06,0.00438280291649983,1.0828886209811276e-06,2.7127832735754923e-06,0.27775572822585726,1.3989409650293439e-06,0.7178331464000396,5.223701430147717e-07,2.8112979351758922e-06,2.651744985136414e-06,4.502180684221541e-07,1.518779849776972e-06,1.2388306874478176e-06
1-9C-rep2,1.911030684503175e-07,5.909849676426323e-07,5.137724339148843e-07,4.1660737596752527e-07,1.2578280643195912e-06,1.059910720242393e-06,3.3956717552605705e-07,0.0034684154348605264,3.395847234004612e-07,8.507059172603368e-07,0.3815386497028487,4.386960685140889e-07,0.6149840531788517,1.638108639165598e-07,8.815992828958085e-07,8.31564825651449e-07,1.4118458285812166e-07,4.7627653038353936e-07,3.884868380607926e-07
2-10A-rep1,2.8884034234819884e-07,0.001731729844229399,7.76534918588305e-07,6.296760071674551e-07,1.901128493955584e-06,1.6019887999492256e-06,5.132345598870174e-07,3.30826794272784e-07,5.132610824022835e-07,1.2857888173731517e-06,6.5144120383476694e-06,0.05815677307007459,0.058008996434314744,2.4758988119708943e-07,0.15765582117842042,0.7244305557637776,2.1339167171786853e-07,7.198622042228401e-07,5.8717357190118e-07
2-10A-rep2,3.092735861051278e-07,9.564265072205131e-07,8.314688213398599e-07,6.74220765831506e-07,2.0356187857701824e-06,1.715317247696915e-06,5.495419772699028e-07,3.542302581855574e-07,5.495703760501501e-07,1.3767485361981866e-06,0.15245249720394047,0.0425202494345415,0.05692350485132193,2.6510497051293874e-07,0.13592628080494576,0.612166222197364,2.2848749942829764e-07,7.70786946143252e-07,6.287116085367271e-07
2-10C-rep1,0.013075139104251766,2.227897059814323e-06,0.022943841302981147,1.5705278456020995e-06,0.19131062268668397,3.995654892395888e-06,1.2801014465420778e-06,8.251429093097239e-07,1.2801675985762776e-06,0.004443575603359394,0.7372407808780667,0.01887322038788911,3.1023893583244804e-06,6.175347294214677e-07,0.012090993559264317,3.1348357937154207e-06,5.322381012420703e-07,1.7954688186615551e-06,1.4645189500244187e-06
2-10C-rep2,7.388938318026175e-08,2.2850242584814187e-07,1.9864844947197667e-07,1.6107989415455513e-07,4.863351518793616e-07,4.0981105107277664e-07,1.3129254988601596e-07,8.463010246280369e-08,1.312993347148853e-07,3.28922690796599e-07,0.06626567615916211,1.6962041566872616e-07,3.181940077436456e-07,0.9337178996476397,3.408675106766667e-07,1.2972153709484186e-05,5.458856221694454e-08,1.8415077967428864e-07,1.5020717914545086e-07
2-11B-rep1,9.444745603917207e-08,2.920781293773429e-07,2.53917949930405e-07,2.058967820159159e-07,0.01220926460079381,0.07787711252743602,1.6782177357440446e-07,1.0817654090366659e-07,1.6783044613057957e-07,4.204380932983168e-07,0.29341382072754685,2.1681351315567113e-07,4.067243934758407e-07,8.095903165741334e-08,0.6164964788997651,4.1097813316825647e-07,6.977661212367173e-08,2.3538662686404394e-07,1.9199897655794395e-07
2-11B-rep2,3.4549635703552963e-07,1.068445185307806e-06,9.288521932290043e-07,7.531869157209867e-07,0.019936691542899173,0.0700977166555502,6.139054860000709e-07,3.957184488211165e-07,6.13937210905011e-07,1.5379962117061797e-06,0.25720318487091626,7.93121192383319e-07,1.4878303996362473e-06,2.9615462056658716e-07,0.6527502502362985,1.5033909200476977e-06,2.5524843448415535e-07,8.610631295635861e-07,7.023476304942218e-07
2-11C-rep2,4.4000111522491074e-07,1.3607005212034e-06,0.010171107272617394,9.592086172299776e-07,0.09883949417099706,0.17929443999244443,7.81829078605723e-07,5.039606214384991e-07,7.818694813285587e-07,1.958689388706971e-06,0.2336921853382198,1.0100662483144043e-06,1.894801556585304e-06,3.7716277082165644e-07,0.4779884741948814,1.9146183974726135e-06,3.250673807275236e-07,1.096592567683914e-06,8.944630946173803e-07
2-12A-rep2,4.2644426847982566e-07,1.3187760628472373e-06,0.39075976280073876,9.296545007280121e-07,2.8068286559282196e-06,2.3651784108594806e-06,7.577401919353085e-07,4.88433122361804e-07,7.577793498123868e-07,1.8983403328861657e-06,0.056885731884428054,9.789451605331109e-07,0.03446335863781937,3.6554203236201134e-07,1.967278518003395e-06,0.5178738409752858,3.1505175006236804e-07,1.0628055229072408e-06,8.669038483489613e-07
2-12B-rep2,4.154339206847051e-07,1.2847266355502334e-06,0.06991857785976165,9.056517877385682e-07,2.7343592572580333e-06,0.09011972330422008,7.381761277229087e-07,4.758222867864291e-07,7.382142745842989e-07,1.8493271584962502e-06,9.369562825070823e-06,9.536698139368427e-07,0.15591132560427728,3.5610411700583073e-07,1.916485431323391e-06,0.6840264488943826,3.069174413190154e-07,1.035364988913202e-06,8.445212919852051e-07
2-12C-rep2,4.496897589056687e-07,1.390662587320943e-06,0.3930431720028182,9.803299966680806e-07,2.959828973838338e-06,0.3155909380739086,7.990446335208377e-07,5.150576271534849e-07,7.990859258950215e-07,2.0018189238645426e-06,0.19033330231720538,1.0323074918823348e-06,1.936524307942688e-06,3.8546773999036074e-07,2.074514931610811e-06,0.10101489615004901,3.3222523082182706e-07,1.1207390852349571e-06,9.141588042632664e-07
2-1A-rep1,8.001668888063536e-07,2.4745107795737386e-06,2.151214490347227e-06,1.744375067260516e-06,5.266646825933021e-06,0.060146078819080115,1.4218003540434239e-06,9.164808646706132e-07,1.4218738286777193e-06,0.21248576014491513,0.31839885168255827,1.8368625429254028e-06,0.05699415788206429,6.858918090416297e-07,0.351537747093474,0.00041447255383848005,5.911533986822198e-07,1.9942155435749012e-06,1.6266316761634693e-06
2-1A-rep2,5.149481748762516e-07,1.5924738045009061e-06,1.3844161650129682e-06,1.1225942609615126e-06,3.3893556565152364e-06,0.037825422271641054,9.150009924120419e-07,5.898021464936601e-07,9.150482770839766e-07,0.20057650715508699,0.43034248984698553,1.1821146653406436e-06,0.03473902662496528,4.4140633681486224e-07,0.29649955556115654,2.2407426146159854e-06,3.8043734123691355e-07,1.2833793410342792e-06,1.0468203877891148e-06
2-1B-rep1,5.834677713808303e-07,1.804370200783377e-06,1.5686281724521648e-06,1.2719679446684668e-06,3.8403472190171225e-06,0.03246935758657337,1.0367520770069697e-06,6.682818985677242e-07,1.0368056534317444e-06,0.7349356926164882,1.3159344165605158e-05,1.339408202521838e-06,0.004997300545040478,5.001403717502938e-07,0.15384215974998028,0.07372560867068383,4.3105877148684567e-07,1.4541472724501215e-06,1.1861115127674949e-06
2-1B-rep2,3.0478701797092713e-07,9.425518251177171e-07,8.194068746169453e-07,6.644399842216347e-07,2.0060884838370833e-06,0.019152745527165754,5.415698851340206e-07,3.490915128806002e-07,5.415978719390193e-07,0.7423004268239558,0.011434887870714207,6.996688624742831e-07,0.030736929551925574,2.6125914737653534e-07,0.15581898236834796,0.0405472930272291,2.2517287839354258e-07,7.596052988697967e-07,6.195910188866815e-07
2-1C-rep1,4.614858926218067e-07,1.4271420523503196e-06,1.2406851035535776e-06,1.006045734012821e-06,0.00016105985151854753,0.038639031721103285,8.200049448366029e-07,5.285684721774066e-07,7.98312378972881e-05,0.7379665743183841,1.0408204165604376e-05,1.0593866880820628e-06,0.12270636628859957,3.955792199921493e-07,0.0807515657026161,2.0081071379469962e-06,3.4094006848276464e-07,0.019674936591643783,9.381387577296658e-07
2-1C-rep2,2.3935177819525097e-07,7.401937814970332e-07,6.43487028452396e-07,5.217902415471078e-07,1.5753979582858156e-06,0.03282592059367285,4.252993316014211e-07,2.741444662476149e-07,4.2532130987197556e-07,0.7438202777661733,5.398262903993498e-06,5.494557724143041e-07,0.10634287723629078,2.0516897967194166e-07,0.11699762509185617,1.0415139919955978e-06,1.7683013273871912e-07,5.965243540273213e-07,4.865699763448603e-07
2-2A-rep1,6.267969029994058e-07,1.938365252015348e-06,1.6851166914048644e-06,1.3664260607675243e-06,0.7820023879399919,3.476389794738002e-06,1.1137427342529652e-06,7.179094457291126e-07,1.1138002893378729e-06,2.7902212069434825e-06,0.17150215953692932,1.438874526361323e-06,0.046147786741078875,5.37281494290869e-07,2.8915480252963555e-06,0.00032466991168774155,4.630697979071965e-07,1.562134279875865e-06,1.2741938103199093e-06
2-2A-rep2,4.374963215842809e-07,1.3529544635358645e-06,1.1761901668659027e-06,9.537481318781464e-07,0.6867969788627394,2.426476168457474e-06,7.773783614679945e-07,5.01091725619765e-07,7.77418534190315e-07,0.0026235849560171842,0.24711791967137356,1.0043162458079343e-06,0.0632207977243602,3.75015696923097e-07,0.0002267300425878776,1.9037190524021562e-06,3.2321687017232576e-07,1.0903499969383997e-06,8.893711859979431e-07
2-2B-rep1,7.453346062992356e-07,2.3049423107573136e-06,2.003800241747056e-06,1.6248399204999642e-06,0.8330367597572823,0.023101371206664435,1.324369980739766e-06,8.536780439253669e-07,1.3244384204470219e-06,3.317898373162463e-06,0.1435769870838962,1.7109895940576026e-06,0.0002584277688754969,6.388903472605855e-07,3.438387775556119e-06,3.2432448466956343e-06,5.506439866895036e-07,1.8575598138826823e-06,1.5151650198319708e-06
2-2B-rep2,4.116858477071924e-07,1.273135744805779e-06,1.1067998106991424e-06,8.974809359528874e-07,0.8293280935244032,0.032143399678743016,7.315162526881423e-07,4.715293858787151e-07,7.315540553859644e-07,1.8326424035828427e-06,0.13851212195292714,9.450657402656436e-07,1.7728659270806436e-06,3.52891321536624e-07,1.8991947699226534e-06,1.7914075004023394e-06,3.0414841137018695e-07,1.0260238558386268e-06,8.369019636737207e-07
2-2C-rep1,5.79071416226304e-07,1.7907745017199748e-06,1.5568087594704082e-06,1.2623838286226029e-06,0.27988466051542565,3.211690983411757e-06,1.02894028248929e-06,6.632464797947355e-07,1.0289934552225455e-06,2.577768553350624e-06,0.7200890811068269,1.3293159327444758e-06,2.493687817765644e-06,4.963718779119325e-07,2.6713801585205354e-06,2.5197681292027635e-06,4.2781079868546014e-07,1.4431904584318476e-06,1.1771743139730221e-06
2-2C-rep2,3.816886793243969e-07,1.1803697011737492e-06,1.0261537052464183e-06,8.320866871438402e-07,2.5122502562648397e-06,2.1169514769788473e-06,6.782148911551978e-07,4.371717647352744e-07,6.782499393889105e-07,1.6991083433961898e-06,0.0841782192458751,8.762042617828493e-07,1.6436874332583754e-06,0.9158022877555161,1.760811423440425e-06,1.6608779892931993e-06,2.8198687446032386e-07,9.51263427371708e-07,7.759217544582991e-07
2-3A-rep1,7.307868247809234e-07,2.2599533932083157e-06,1.9646891527450058e-06,1.5931255522606674e-06,0.05505686840365272,4.0531467970571625e-06,1.2985203221215022e-06,0.007883290833637606,1.2985874259912697e-06,0.002005146171277319,0.1725546377262153,1.6775937171130906e-06,3.1470284170055457e-06,6.264201934430206e-07,0.7570942927543749,3.179941711377136e-06,5.398962656726223e-07,1.8213031123942872e-06,0.005381573117956962
